0 0.38100961538461536 0.4963942307692308 0.33413461538461536 0.13942307692307693
0 0.7608173076923077 0.5132211538461539 0.3870192307692308 0.20432692307692307
0 0.11177884615384616 0.46274038461538464 0.21875 0.14423076923076922
0 0.3918269230769231 0.3798076923076923 0.3125 0.15384615384615385
0 0.13221153846153846 0.3473557692307692 0.24759615384615385 0.15384615384615385
0 0.7211538461538461 0.36658653846153844 0.34375 0.13942307692307693
0 0.421875 0.29927884615384615 0.28365384615384615 0.11538461538461539
0 0.16466346153846154 0.25240384615384615 0.2692307692307692 0.13942307692307693
0 0.7127403846153846 0.2644230769230769 0.3269230769230769 0.11778846153846154
0 0.6730769230769231 0.859375 0.3942307692307692 0.20432692307692307
0 0.0985576923076923 0.6466346153846154 0.1971153846153846 0.2644230769230769
0 0.7271634615384616 0.6682692307692307 0.3942307692307692 0.23317307692307693
0 0.3641826923076923 0.6454326923076923 0.36538461538461536 0.22355769230769232