0 0.5961538461538461 0.4987980769230769 0.33413461538461536 0.15865384615384615
0 0.22596153846153846 0.5456730769230769 0.3894230769230769 0.22355769230769232
0 0.8737980769230769 0.48197115384615385 0.25240384615384615 0.16105769230769232
0 0.6045673076923077 0.6129807692307693 0.3125 0.17307692307692307
0 0.8617788461538461 0.5985576923076923 0.2548076923076923 0.16346153846153846
0 0.28966346153846156 0.6802884615384616 0.34375 0.15865384615384615
0 0.5889423076923077 0.6947115384615384 0.28125 0.12980769230769232
0 0.8449519230769231 0.6971153846153846 0.2692307692307692 0.15384615384615385
0 0.31490384615384615 0.7776442307692307 0.3245192307692308 0.13701923076923078
0 0.25240384615384615 0.19591346153846154 0.3942307692307692 0.22355769230769232
0 0.8617788461538461 0.3004807692307692 0.25240384615384615 0.2764423076923077
0 0.23197115384615385 0.3894230769230769 0.39663461538461536 0.25240384615384615
0 0.5853365384615384 0.35096153846153844 0.3701923076923077 0.24278846153846154