0 0.21875 0.12295081967213115 0.1484375 0.16627634660421545
0 0.10625 0.08548009367681499 0.11875 0.1592505854800937
0 0.5875 0.2716627634660422 0.26875 0.19672131147540983
0 0.79375 0.34894613583138173 0.1640625 0.1522248243559719
0 0.93203125 0.405152224824356 0.1359375 0.15456674473067916
0 0.346875 0.31381733021077285 0.1484375 0.16159250585480095
0 0.196875 0.2646370023419204 0.1421875 0.14285714285714285
0 0.08359375 0.2224824355971897 0.115625 0.13348946135831383
0 0.5 0.3864168618266979 0.1359375 0.12646370023419204
0 0.74765625 0.48009367681498827 0.1359375 0.117096018735363
0 0.6234375 0.43559718969555034 0.1390625 0.12177985948477751
0 0.8734375 0.531615925058548 0.140625 0.12412177985948478
0 0.73203125 0.5737704918032787 0.14375 0.16159250585480095
0 0.4859375 0.48243559718969553 0.1421875 0.16627634660421545
0 0.06484375 0.32669789227166274 0.1171875 0.1592505854800937
0 0.1765625 0.3711943793911007 0.1453125 0.15690866510538642
0 0.60859375 0.531615925058548 0.1453125 0.16627634660421545
0 0.85703125 0.6252927400468384 0.1515625 0.16393442622950818
0 0.32578125 0.4309133489461358 0.1484375 0.16627634660421545
0 0.84296875 0.7330210772833724 0.1453125 0.15690866510538642
0 0.71484375 0.6861826697892272 0.1484375 0.16393442622950818
0 0.46484375 0.594847775175644 0.140625 0.16393442622950818
0 0.58828125 0.6405152224824356 0.1421875 0.1592505854800937
0 0.159375 0.48360655737704916 0.14375 0.16159250585480095
0 0.0546875 0.4426229508196721 0.109375 0.1592505854800937
0 0.30703125 0.5456674473067916 0.146875 0.1686182669789227
0 0.3953125 0.05269320843091335 0.153125 0.1053864168618267
0 0.19453125 0.02459016393442623 0.2171875 0.04918032786885246
0 0.1046875 0.6311475409836066 0.153125 0.17330210772833723
0 0.565625 0.09016393442622951 0.1640625 0.17330210772833723
0 0.71328125 0.14637002341920374 0.1625 0.17096018735362997
0 0.84296875 0.9238875878220141 0.1609375 0.1522248243559719
0 0.88828125 0.22365339578454332 0.2234375 0.20843091334894615
0 0.70078125 0.8899297423887588 0.1765625 0.22014051522248243
0 0.01953125 0.6639344262295082 0.0390625 0.25526932084309134
0 0.2703125 0.7798594847775175 0.1703125 0.32786885245901637
0 0.45078125 0.8477751756440282 0.2109375 0.26697892271662765
0 0.5796875 0.9086651053864169 0.1125 0.18266978922716628
0 0.0875 0.7540983606557377 0.1546875 0.1756440281030445
0 0.36953125 0.17447306791569087 0.1453125 0.16159250585480095