0 0.9473118279569892 0.22734375 0.1053763440860215 0.1671875
0 0.14193548387096774 0.30390625 0.24086021505376345 0.2484375
0 0.31827956989247314 0.353125 0.22365591397849463 0.2234375
0 0.6204301075268818 0.4546875 0.2645161290322581 0.203125
0 0.7817204301075269 0.49453125 0.14838709677419354 0.1796875
0 0.8849462365591397 0.52265625 0.13978494623655913 0.165625
0 0.2021505376344086 0.5171875 0.35698924731182796 0.2515625
0 0.41397849462365593 0.0578125 0.32903225806451614 0.115625
0 0.5827956989247312 0.6109375 0.35268817204301073 0.1953125
0 0.8193548387096774 0.65625 0.1913978494623656 0.1625
0 0.8193548387096774 0.80546875 0.14193548387096774 0.1578125
0 0.1956989247311828 0.71796875 0.25591397849462366 0.225
0 0.4913978494623656 0.7640625 0.35913978494623655 0.203125
0 0.710752688172043 0.79453125 0.15698924731182795 0.171875
0 0.06236559139784946 0.69921875 0.12473118279569892 0.2390625
0 0.6978494623655914 0.11484375 0.2860215053763441 0.215625
0 0.8688172043010752 0.171875 0.15698924731182795 0.190625