0 0.9451612903225807 0.22109375 0.10967741935483871 0.1671875
0 0.13655913978494624 0.30859375 0.23655913978494625 0.246875
0 0.3139784946236559 0.35546875 0.21935483870967742 0.221875
0 0.6193548387096774 0.453125 0.2623655913978495 0.2
0 0.7817204301075269 0.490625 0.14623655913978495 0.178125
0 0.8849462365591397 0.51796875 0.13548387096774195 0.165625
0 0.2021505376344086 0.5203125 0.35268817204301073 0.2484375
0 0.4043010752688172 0.05703125 0.32688172043010755 0.1140625
0 0.5860215053763441 0.61015625 0.35053763440860214 0.1921875
0 0.8236559139784946 0.65234375 0.18924731182795698 0.1609375
0 0.8268817204301075 0.8015625 0.13763440860215054 0.15625
0 0.2 0.721875 0.25161290322580643 0.2234375
0 0.4978494623655914 0.7640625 0.35698924731182796 0.1984375
0 0.7172043010752688 0.7921875 0.15483870967741936 0.1703125
0 0.06451612903225806 0.7046875 0.12903225806451613 0.2375
0 0.689247311827957 0.1125 0.2817204301075269 0.2140625
0 0.8612903225806452 0.1671875 0.15268817204301074 0.1890625