0 0.20546875 0.1617954070981211 0.1265625 0.08350730688935282
0 0.475 0.2056367432150313 0.125 0.0709812108559499
0 0.3265625 0.18684759916492694 0.125 0.081419624217119
0 0.590625 0.23068893528183715 0.1140625 0.07306889352818371
0 0.71484375 0.26931106471816285 0.1265625 0.07306889352818371
0 0.8265625 0.29018789144050106 0.1109375 0.06889352818371608
0 0.196875 0.20876826722338204 0.1234375 0.0709812108559499
0 0.31796875 0.23695198329853862 0.1234375 0.07515657620041753
0 0.47421875 0.2640918580375783 0.1234375 0.07515657620041753
0 0.59296875 0.28914405010438415 0.1125 0.0709812108559499
0 0.71640625 0.3173277661795407 0.128125 0.0709812108559499
0 0.95546875 0.36012526096033404 0.0890625 0.12734864300626306
0 0.83203125 0.34029227557411273 0.1234375 0.06263048016701461
0 0.14921875 0.4561586638830898 0.15 0.11482254697286012
0 0.70703125 0.5532359081419624 0.1625 0.11482254697286012
0 0.5453125 0.5292275574112735 0.1328125 0.10020876826722339
0 0.84140625 0.5803757828810021 0.1390625 0.10438413361169102
0 0.28125 0.48956158663883087 0.1375 0.11064718162839249
0 0.42421875 0.5125260960334029 0.1296875 0.10020876826722339
0 0.12890625 0.5386221294363257 0.1515625 0.11064718162839249
0 0.546875 0.6116910229645094 0.1359375 0.10020876826722339
0 0.415625 0.5908141962421712 0.1359375 0.1022964509394572
0 0.7078125 0.6388308977035491 0.16875 0.10647181628392484
0 0.84375 0.6617954070981211 0.14375 0.10647181628392484
0 0.2671875 0.569937369519833 0.14375 0.10438413361169102
0 0.53984375 0.6951983298538622 0.140625 0.1127348643006263
0 0.11171875 0.6252609603340292 0.159375 0.12108559498956159
0 0.85234375 0.7484342379958246 0.153125 0.11899791231732777
0 0.7109375 0.7275574112734864 0.1625 0.11691022964509394
0 0.40703125 0.6774530271398748 0.140625 0.10647181628392484
0 0.253125 0.6534446764091858 0.1484375 0.1127348643006263
0 0.09140625 0.7025052192066806 0.1546875 0.10020876826722339
0 0.5359375 0.7766179540709812 0.14375 0.09603340292275574
0 0.3984375 0.7546972860125261 0.1484375 0.10020876826722339
0 0.23515625 0.7317327766179541 0.1515625 0.09603340292275574
0 0.85625 0.8340292275574113 0.159375 0.11064718162839249
0 0.71015625 0.8152400835073069 0.171875 0.11064718162839249
0 0.23125 0.04592901878914405 0.1203125 0.08350730688935282
0 0.4828125 0.08768267223382047 0.1171875 0.081419624217119
0 0.590625 0.11377870563674322 0.1046875 0.0709812108559499
0 0.34296875 0.07724425887265135 0.115625 0.07515657620041753
0 0.71484375 0.15762004175365343 0.121875 0.081419624217119
0 0.821875 0.17536534446764093 0.1125 0.07515657620041753
0 0.2203125 0.10542797494780794 0.121875 0.08350730688935282
0 0.478125 0.14718162839248433 0.11875 0.07933194154488518
0 0.590625 0.17118997912317327 0.1125 0.08350730688935282
0 0.33515625 0.1336116910229645 0.1171875 0.07724425887265135
0 0.715625 0.2139874739039666 0.11875 0.06680584551148225
0 0.821875 0.23277661795407098 0.1140625 0.06889352818371608
0 0.9546875 0.27139874739039666 0.090625 0.10438413361169102