0 0.17265625 0.21920668058455114 0.1234375 0.06680584551148225
0 0.44453125 0.21294363256784968 0.121875 0.054279749478079335
0 0.2953125 0.22233820459290188 0.121875 0.06471816283924843
0 0.56171875 0.21711899791231734 0.109375 0.05845511482254697
0 0.6890625 0.23173277661795408 0.121875 0.05636743215031315
0 0.8015625 0.23173277661795408 0.10625 0.054279749478079335
0 0.16953125 0.267223382045929 0.1203125 0.054279749478079335
0 0.2921875 0.27348643006263046 0.11875 0.05845511482254697
0 0.45 0.27139874739039666 0.11875 0.05845511482254697
0 0.56953125 0.27348643006263046 0.1078125 0.05636743215031315
0 0.6953125 0.2797494780793319 0.125 0.05219206680584551
0 0.946875 0.2755741127348643 0.1015625 0.11482254697286012
0 0.81171875 0.2797494780793319 0.1203125 0.04592901878914405
0 0.14765625 0.5219206680584552 0.14375 0.09603340292275574
0 0.71015625 0.5135699373695198 0.15625 0.09394572025052192
0 0.54765625 0.5208768267223383 0.128125 0.081419624217119
0 0.84609375 0.5156576200417536 0.134375 0.08559498956158663
0 0.28203125 0.5302713987473904 0.13125 0.0918580375782881
0 0.42578125 0.5271398747390397 0.125 0.08350730688935282
0 0.13671875 0.6075156576200418 0.146875 0.0918580375782881
0 0.55859375 0.6022964509394572 0.13125 0.081419624217119
0 0.42578125 0.6064718162839249 0.13125 0.08350730688935282
0 0.7203125 0.5991649269311065 0.1640625 0.08559498956158663
0 0.8578125 0.5960334029227558 0.1390625 0.08977035490605428
0 0.2765625 0.6127348643006263 0.1390625 0.08768267223382047
0 0.559375 0.68580375782881 0.134375 0.09394572025052192
0 0.128125 0.6962421711899791 0.153125 0.1022964509394572
0 0.875 0.6805845511482255 0.146875 0.10020876826722339
0 0.7328125 0.68580375782881 0.15625 0.09603340292275574
0 0.4265625 0.6931106471816284 0.1359375 0.08768267223382047
0 0.27109375 0.697286012526096 0.1421875 0.09394572025052192
0 0.1171875 0.7766179540709812 0.15 0.081419624217119
0 0.5640625 0.767223382045929 0.1390625 0.07933194154488518
0 0.4265625 0.7713987473903967 0.14375 0.081419624217119
0 0.2625 0.778705636743215 0.146875 0.07724425887265135
0 0.8875 0.7640918580375783 0.1546875 0.08977035490605428
0 0.74140625 0.7734864300626305 0.1671875 0.08768267223382047
0 0.18671875 0.10020876826722339 0.1171875 0.06680584551148225
0 0.43984375 0.09498956158663883 0.1140625 0.06471816283924843
0 0.54921875 0.10125260960334029 0.1 0.05636743215031315
0 0.3 0.11064718162839249 0.1109375 0.060542797494780795
0 0.67734375 0.12108559498956159 0.11875 0.06471816283924843
0 0.78515625 0.11899791231732777 0.1078125 0.060542797494780795
0 0.18203125 0.16075156576200417 0.11875 0.06680584551148225
0 0.44140625 0.1544885177453027 0.1140625 0.06263048016701461
0 0.55546875 0.15762004175365343 0.109375 0.06889352818371608
0 0.2984375 0.16701461377870563 0.1125 0.060542797494780795
0 0.68359375 0.17640918580375783 0.115625 0.05010438413361169
0 0.79140625 0.17536534446764093 0.109375 0.054279749478079335
0 0.940625 0.18789144050104384 0.1125 0.08977035490605428