0 0.40546875 0.2713963963963964 0.1828125 0.1981981981981982
0 0.13359375 0.22409909909909909 0.1453125 0.15315315315315314
0 0.740625 0.35135135135135137 0.15625 0.15315315315315314
0 0.878125 0.3795045045045045 0.1484375 0.15090090090090091
0 0.59140625 0.32545045045045046 0.1640625 0.1554054054054054
0 0.75390625 0.08783783783783784 0.1515625 0.11036036036036036
0 0.29765625 0.028153153153153154 0.1390625 0.05630630630630631
0 0.4359375 0.04842342342342342 0.14375 0.09684684684684684
0 0.60625 0.07094594594594594 0.159375 0.1373873873873874
0 0.24921875 0.5078828828828829 0.1703125 0.17342342342342343
0 0.8953125 0.13175675675675674 0.153125 0.13513513513513514
0 0.10625 0.48423423423423423 0.153125 0.15315315315315314
0 0.40078125 0.5461711711711712 0.1484375 0.15315315315315314
0 0.575 0.5855855855855856 0.1703125 0.15765765765765766
0 0.8734375 0.6497747747747747 0.1578125 0.15765765765765766
0 0.73125 0.6216216216216216 0.1578125 0.1554054054054054
0 0.225 0.7871621621621622 0.15625 0.15765765765765766
0 0.0796875 0.7578828828828829 0.15 0.15765765765765766
0 0.56015625 0.8581081081081081 0.1734375 0.16216216216216217
0 0.71015625 0.8885135135135135 0.1609375 0.15090090090090091
0 0.85859375 0.9211711711711712 0.1640625 0.15765765765765766