0 0.7329059829059829 0.259375 0.23717948717948717 0.1234375
0 0.9113247863247863 0.29609375 0.17735042735042736 0.1234375
0 0.7040598290598291 0.34140625 0.22435897435897437 0.11875
0 0.8931623931623932 0.375 0.21367521367521367 0.11875
0 0.16773504273504272 0.51875 0.23504273504273504 0.15625
0 0.37393162393162394 0.553125 0.24786324786324787 0.1484375
0 0.719017094017094 0.640625 0.44871794871794873 0.2375
0 0.13568376068376067 0.63046875 0.22863247863247863 0.1375
0 0.3344017094017094 0.66640625 0.23717948717948717 0.1484375
0 0.6762820512820513 0.8125 0.4444444444444444 0.234375
0 0.1111111111111111 0.74609375 0.2222222222222222 0.1546875
0 0.30128205128205127 0.78125 0.23717948717948717 0.1484375
0 0.7767094017094017 0.17890625 0.23076923076923078 0.1203125
0 0.9294871794871795 0.21484375 0.14102564102564102 0.1265625