0 0.6591880341880342 0.22890625 0.21581196581196582 0.0921875
0 0.875 0.23359375 0.21581196581196582 0.0921875
0 0.6549145299145299 0.3140625 0.202991452991453 0.090625
0 0.8632478632478633 0.315625 0.2222222222222222 0.0875
0 0.18055555555555555 0.56875 0.202991452991453 0.128125
0 0.3920940170940171 0.57109375 0.22008547008547008 0.1171875
0 0.7542735042735043 0.60390625 0.405982905982906 0.1796875
0 0.18055555555555555 0.6828125 0.202991452991453 0.109375
0 0.3856837606837607 0.6875 0.20726495726495728 0.11875
0 0.7617521367521367 0.77890625 0.40384615384615385 0.1765625
0 0.18376068376068377 0.80078125 0.20512820512820512 0.1265625
0 0.3856837606837607 0.80546875 0.20726495726495728 0.1203125
0 0.6794871794871795 0.14375 0.2094017094017094 0.090625
0 0.8824786324786325 0.15 0.20512820512820512 0.096875