0 0.28125 0.2623456790123457 0.0828125 0.06790123456790123
0 0.7703125 0.1368312757201646 0.0859375 0.0720164609053498
0 0.275 0.338477366255144 0.1359375 0.12962962962962962
0 0.15 0.3734567901234568 0.1375 0.12757201646090535
0 0.6859375 0.2366255144032922 0.1328125 0.13580246913580246
0 0.39765625 0.3117283950617284 0.13125 0.1337448559670782
0 0.5203125 0.27983539094650206 0.053125 0.11728395061728394
0 0.57890625 0.26440329218106995 0.096875 0.12757201646090535
0 0.8078125 0.20987654320987653 0.134375 0.13580246913580246
0 0.27734375 0.48148148148148145 0.084375 0.0720164609053498
0 0.68828125 0.3765432098765432 0.0875 0.0720164609053498
0 0.41953125 0.4845679012345679 0.1328125 0.13580246913580246
0 0.83046875 0.37962962962962965 0.1390625 0.13991769547325103
0 0.5640625 0.4537037037037037 0.0859375 0.11728395061728394
0 0.15390625 0.5606995884773662 0.090625 0.11522633744855967
0 0.6859375 0.4351851851851852 0.0625 0.0823045267489712
0 0.73828125 0.4218106995884774 0.0640625 0.07818930041152264
0 0.27421875 0.5421810699588477 0.065625 0.08024691358024691
0 0.2203125 0.5565843621399177 0.0625 0.0823045267489712
0 0.6296875 0.45164609053497945 0.0625 0.08641975308641975
0 0.328125 0.529835390946502 0.065625 0.08436213991769548
0 0.31484375 0.6172839506172839 0.1359375 0.13786008230452676
0 0.6046875 0.5442386831275721 0.13125 0.1337448559670782
0 0.7265625 0.5133744855967078 0.1328125 0.13580246913580246
0 0.80703125 0.492798353909465 0.05 0.11316872427983539
0 0.396875 0.5987654320987654 0.053125 0.12551440329218108
0 0.19375 0.6522633744855967 0.1375 0.13991769547325103
0 0.45546875 0.5843621399176955 0.0953125 0.12962962962962962
0 0.865625 0.48045267489711935 0.1 0.12551440329218108
0 0.446875 0.7283950617283951 0.0796875 0.06584362139917696
0 0.21953125 0.8251028806584362 0.140625 0.13991769547325103
0 0.34375 0.7932098765432098 0.134375 0.13580246913580246
0 0.61484375 0.7253086419753086 0.0984375 0.13168724279835392
0 0.675 0.7109053497942387 0.0546875 0.11934156378600823
0 0.753125 0.691358024691358 0.13125 0.1337448559670782
0 0.8546875 0.668724279835391 0.0875 0.1111111111111111
0 0.91171875 0.6553497942386831 0.0515625 0.10493827160493827
0 0.43671875 0.7890946502057613 0.0640625 0.08641975308641975
0 0.49140625 0.7767489711934157 0.0625 0.0823045267489712
0 0.6453125 0.823045267489712 0.1296875 0.12962962962962962
0 0.3578125 0.8981481481481481 0.1328125 0.13786008230452676
0 0.88984375 0.7623456790123457 0.134375 0.13580246913580246
0 0.478125 0.8683127572016461 0.13125 0.12962962962962962
0 0.25 0.9279835390946503 0.103125 0.12551440329218108
0 0.7703125 0.7952674897119342 0.134375 0.13580246913580246
0 0.18984375 0.9423868312757202 0.0515625 0.11522633744855967
0 0.5484375 0.16358024691358025 0.1375 0.13786008230452676
0 0.140625 0.2705761316872428 0.1421875 0.15020576131687244
0 0.3546875 0.21810699588477367 0.090625 0.11316872427983539
0 0.66953125 0.13786008230452676 0.125 0.12551440329218108
0 0.41953125 0.2191358024691358 0.059375 0.07818930041152264
0 0.8296875 0.11419753086419752 0.0609375 0.07818930041152264