0 0.25 0.3845338983050847 0.1765625 0.3029661016949153
0 0.10234375 0.4120762711864407 0.1796875 0.3029661016949153
0 0.66953125 0.3230932203389831 0.1859375 0.2478813559322034
0 0.834375 0.2966101694915254 0.1921875 0.2521186440677966
0 0.5 0.3633474576271186 0.2015625 0.23940677966101695
0 0.7109375 0.5561440677966102 0.1546875 0.1440677966101695
0 0.2640625 0.6430084745762712 0.115625 0.12076271186440678
0 0.90234375 0.559322033898305 0.0984375 0.15677966101694915
0 0.12578125 0.7944915254237288 0.1171875 0.2330508474576271
0 0.45234375 0.798728813559322 0.18125 0.3156779661016949
0 0.2828125 0.8358050847457628 0.1859375 0.3220338983050847
0 0.7296875 0.7521186440677966 0.1875 0.3135593220338983
0 0.89609375 0.7489406779661016 0.190625 0.2690677966101695
0 0.6046875 0.8379237288135594 0.15 0.1843220338983051
0 0.14296875 0.9427966101694916 0.1546875 0.11440677966101695
0 0.08203125 0.23516949152542374 0.146875 0.11864406779661017
0 0.81171875 0.11758474576271187 0.1859375 0.1673728813559322
0 0.64375 0.15254237288135594 0.1796875 0.15889830508474576
0 0.4765625 0.19385593220338984 0.1875 0.17584745762711865