0 0.80859375 0.3220675944333996 0.1203125 0.1550695825049702
0 0.5890625 0.28429423459244535 0.125 0.1610337972166998
0 0.13984375 0.20377733598409542 0.128125 0.15109343936381708
0 0.7015625 0.305168986083499 0.1265625 0.1550695825049702
0 0.25234375 0.22664015904572565 0.115625 0.147117296222664
0 0.36484375 0.24751491053677932 0.13125 0.1550695825049702
0 0.91328125 0.3558648111332008 0.0921875 0.1172962226640159
0 0.4640625 0.2783300198807157 0.096875 0.11928429423459244
0 0.571875 0.4532803180914513 0.121875 0.15308151093439365
0 0.23125 0.3946322067594433 0.128125 0.15705765407554673
0 0.35078125 0.4165009940357853 0.1328125 0.15109343936381708
0 0.6796875 0.47514910536779326 0.1203125 0.15308151093439365
0 0.79375 0.49801192842942343 0.1203125 0.15109343936381708
0 0.44609375 0.4761431411530815 0.0875 0.10934393638170974
0 0.8828125 0.5556660039761432 0.096875 0.12524850894632206
0 0.6703125 0.6053677932405567 0.121875 0.15308151093439365
0 0.55390625 0.5854870775347912 0.1203125 0.1550695825049702
0 0.778125 0.6262425447316103 0.1234375 0.15904572564612326
0 0.10546875 0.5059642147117296 0.13125 0.16500994035785288
0 0.221875 0.5278330019880716 0.125 0.15308151093439365
0 0.33203125 0.547713717693837 0.1265625 0.15308151093439365
0 0.8796875 0.6570576540755467 0.09375 0.12127236580516898
0 0.43203125 0.5785288270377733 0.09375 0.1272365805168986
0 0.20546875 0.6938369781312127 0.1296875 0.16500994035785288
0 0.646875 0.7793240556660039 0.125 0.16302186878727634
0 0.40390625 0.7405566600397614 0.103125 0.1312127236580517
0 0.83671875 0.8210735586481114 0.1 0.1312127236580517
0 0.540625 0.7693836978131213 0.1015625 0.12922465208747516
0 0.09921875 0.6918489065606361 0.1046875 0.13320079522862824
0 0.74453125 0.8339960238568589 0.0984375 0.12922465208747516
0 0.30078125 0.7594433399602386 0.1 0.13518886679920478
0 0.521875 0.8886679920477137 0.1234375 0.1610337972166998
0 0.38046875 0.8648111332007953 0.1234375 0.1610337972166998
0 0.8296875 0.9324055666003976 0.121875 0.13518886679920478
0 0.071875 0.8101391650099403 0.1296875 0.16500994035785288
0 0.1890625 0.8330019880715706 0.125 0.16500994035785288
0 0.6375 0.915506958250497 0.1203125 0.15308151093439365
0 0.73046875 0.9383697813121272 0.0984375 0.12326043737574553
0 0.28125 0.8648111332007953 0.0953125 0.12326043737574553
0 0.7125 0.1749502982107356 0.1296875 0.15705765407554673
0 0.2734375 0.09840954274353876 0.146875 0.16302186878727634
0 0.1671875 0.09045725646123261 0.1 0.1172962226640159
0 0.61171875 0.1709741550695825 0.0953125 0.11530815109343936
0 0.8109375 0.2077534791252485 0.096875 0.1172962226640159
0 0.375 0.13021868787276342 0.1046875 0.12127236580516898
0 0.47265625 0.17594433399602386 0.0984375 0.11928429423459244
0 0.9140625 0.25646123260437376 0.09375 0.11928429423459244