0 0.7859375 0.26938369781312127 0.10625 0.13717693836978131
0 0.56484375 0.27037773359840955 0.1109375 0.14314115308151093
0 0.1109375 0.27037773359840955 0.115625 0.1312127236580517
0 0.678125 0.27137176938369784 0.1125 0.13717693836978131
0 0.225 0.27335984095427435 0.103125 0.12922465208747516
0 0.33828125 0.27435387673956263 0.1171875 0.13518886679920478
0 0.89375 0.28429423459244535 0.08125 0.10337972166998012
0 0.43984375 0.28727634194831014 0.0859375 0.10536779324055666
0 0.56640625 0.441351888667992 0.1078125 0.13518886679920478
0 0.22265625 0.4433399602385686 0.1140625 0.13916500994035785
0 0.34296875 0.4433399602385686 0.1203125 0.1312127236580517
0 0.675 0.4433399602385686 0.10625 0.13518886679920478
0 0.790625 0.4463220675944334 0.10625 0.13320079522862824
0 0.44375 0.4860834990059642 0.078125 0.09741550695825049
0 0.88515625 0.4870775347912525 0.0859375 0.11133200795228629
0 0.68046875 0.5745526838966203 0.1078125 0.13518886679920478
0 0.5625 0.5755467196819085 0.10625 0.13717693836978131
0 0.7890625 0.5755467196819085 0.109375 0.1411530815109344
0 0.11015625 0.5755467196819085 0.1171875 0.14512922465208747
0 0.22734375 0.5765407554671969 0.1109375 0.13518886679920478
0 0.3390625 0.5765407554671969 0.1125 0.13518886679920478
0 0.89296875 0.588469184890656 0.0828125 0.1073558648111332
0 0.44140625 0.5894632206759444 0.0828125 0.11332007952286283
0 0.2296875 0.7445328031809145 0.115625 0.14512922465208747
0 0.67578125 0.7504970178926441 0.1109375 0.14512922465208747
0 0.43125 0.7554671968190855 0.090625 0.11530815109343936
0 0.86875 0.7584493041749503 0.0875 0.1172962226640159
0 0.56953125 0.7594433399602386 0.0890625 0.11530815109343936
0 0.12421875 0.7604373757455268 0.0921875 0.1172962226640159
0 0.77890625 0.7872763419483101 0.0859375 0.11530815109343936
0 0.33125 0.7922465208747514 0.0875 0.12127236580516898
0 0.5640625 0.8807157057654076 0.109375 0.14314115308151093
0 0.421875 0.882703777335984 0.109375 0.14314115308151093
0 0.87578125 0.882703777335984 0.1078125 0.14314115308151093
0 0.11015625 0.882703777335984 0.1140625 0.147117296222664
0 0.228125 0.8846918489065606 0.109375 0.147117296222664
0 0.68125 0.8866799204771372 0.10625 0.13518886679920478
0 0.77734375 0.8966202783300199 0.0859375 0.11530815109343936
0 0.3234375 0.8996023856858847 0.084375 0.10934393638170974
0 0.675 0.14015904572564614 0.115625 0.13717693836978131
0 0.23203125 0.14214711729622267 0.1328125 0.1411530815109344
0 0.12578125 0.15308151093439365 0.0890625 0.10337972166998012
0 0.575 0.1540755467196819 0.084375 0.10139165009940358
0 0.77578125 0.1550695825049702 0.0859375 0.10337972166998012
0 0.3359375 0.15606361829025844 0.09375 0.10536779324055666
0 0.4375 0.18389662027833 0.0875 0.10536779324055666
0 0.88359375 0.18588469184890655 0.0828125 0.10536779324055666