0 0.38828125 0.3125 0.1484375 0.1413934426229508
0 0.1078125 0.3739754098360656 0.14375 0.1290983606557377
0 0.7171875 0.30635245901639346 0.140625 0.1290983606557377
0 0.2484375 0.36168032786885246 0.146875 0.13319672131147542
0 0.57109375 0.3237704918032787 0.1453125 0.13114754098360656
0 0.85859375 0.29200819672131145 0.14375 0.1290983606557377
0 0.73203125 0.5584016393442623 0.146875 0.13319672131147542
0 0.27734375 0.6137295081967213 0.1640625 0.13524590163934427
0 0.5875 0.5788934426229508 0.15 0.13934426229508196
0 0.87734375 0.5450819672131147 0.146875 0.13114754098360656
0 0.1265625 0.6331967213114754 0.15625 0.13524590163934427
0 0.2390625 0.10245901639344263 0.153125 0.13524590163934427
0 0.090625 0.12090163934426229 0.1640625 0.14344262295081966
0 0.38125 0.08913934426229508 0.1546875 0.13319672131147542
0 0.55625 0.06967213114754098 0.1484375 0.13114754098360656
0 0.84609375 0.050204918032786885 0.1453125 0.10040983606557377
0 0.70390625 0.06147540983606557 0.1453125 0.12295081967213115
0 0.88984375 0.7684426229508197 0.140625 0.17008196721311475
0 0.28046875 0.8657786885245902 0.1484375 0.125
0 0.6125 0.8319672131147541 0.1390625 0.12704918032786885
0 0.13984375 0.8862704918032787 0.1421875 0.13114754098360656
0 0.7515625 0.8165983606557377 0.1421875 0.1290983606557377