0 0.9015625 0.13826086956521738 0.159375 0.21391304347826087
0 0.734375 0.15565217391304348 0.1890625 0.21565217391304348
0 0.31484375 0.20173913043478262 0.1875 0.17739130434782607
0 0.50859375 0.18869565217391304 0.2125 0.18434782608695652
0 0.10078125 0.2565217391304348 0.178125 0.11652173913043479
0 0.34453125 0.49826086956521737 0.2375 0.271304347826087
0 0.76796875 0.46347826086956523 0.2109375 0.2591304347826087
0 0.12421875 0.5260869565217391 0.2109375 0.25565217391304346
0 0.5453125 0.49130434782608695 0.2046875 0.23304347826086957
0 0.36015625 0.8182608695652174 0.225 0.27652173913043476
0 0.57265625 0.8078260869565217 0.1859375 0.24521739130434783
0 0.1578125 0.8486956521739131 0.2078125 0.2573913043478261
0 0.784375 0.7913043478260869 0.209375 0.2539130434782609
0 0.09296875 0.15565217391304348 0.1765625 0.12173913043478261