0 0.9296875 0.18695652173913044 0.140625 0.20347826086956522
0 0.76484375 0.18521739130434783 0.1765625 0.20347826086956522
0 0.34375 0.1817391304347826 0.178125 0.16521739130434782
0 0.5375 0.19130434782608696 0.203125 0.16869565217391305
0 0.12578125 0.21217391304347827 0.171875 0.10434782608695652
0 0.3453125 0.4808695652173913 0.221875 0.2539130434782609
0 0.76953125 0.49478260869565216 0.1953125 0.24521739130434783
0 0.1234375 0.4826086956521739 0.196875 0.2417391304347826
0 0.54609375 0.4965217391304348 0.1921875 0.21913043478260869
0 0.33125 0.8 0.2109375 0.2608695652173913
0 0.54375 0.8147826086956522 0.171875 0.23304347826086957
0 0.12734375 0.8069565217391305 0.1921875 0.24347826086956523
0 0.75546875 0.8226086956521739 0.1953125 0.24
0 0.128125 0.11043478260869566 0.1703125 0.10956521739130434