0 0.054086538461538464 0.43028846153846156 0.10817307692307693 0.2548076923076923
0 0.2548076923076923 0.3942307692307692 0.2548076923076923 0.27884615384615385
0 0.4567307692307692 0.35096153846153844 0.2548076923076923 0.2764423076923077
0 0.6598557692307693 0.3076923076923077 0.25 0.27403846153846156
0 0.0829326923076923 0.6598557692307693 0.1658653846153846 0.25961538461538464
0 0.3449519230769231 0.6189903846153846 0.35336538461538464 0.3004807692307692
0 0.6574519230769231 0.5480769230769231 0.33653846153846156 0.28846153846153844
0 0.8689903846153846 0.4423076923076923 0.18509615384615385 0.2091346153846154
0 0.8870192307692307 0.24519230769230768 0.17307692307692307 0.21153846153846154
0 0.1310096153846154 0.8798076923076923 0.16105769230769232 0.2403846153846154
0 0.34375 0.8473557692307693 0.24759615384615385 0.25240384615384615
0 0.5504807692307693 0.7992788461538461 0.24759615384615385 0.25240384615384615
0 0.7512019230769231 0.7560096153846154 0.24759615384615385 0.25721153846153844