0 0.06370192307692307 0.3125 0.1201923076923077 0.24278846153846154
0 0.29086538461538464 0.33533653846153844 0.22115384615384615 0.25
0 0.49759615384615385 0.3449519230769231 0.22115384615384615 0.24759615384615385
0 0.7043269230769231 0.3557692307692308 0.21634615384615385 0.24519230769230768
0 0.06009615384615385 0.5456730769230769 0.1201923076923077 0.24519230769230768
0 0.31971153846153844 0.5745192307692307 0.32211538461538464 0.25721153846153844
0 0.6394230769230769 0.5865384615384616 0.30528846153846156 0.24759615384615385
0 0.8713942307692307 0.5396634615384616 0.16105769230769232 0.18990384615384615
0 0.9326923076923077 0.3545673076923077 0.1346153846153846 0.19471153846153846
0 0.054086538461538464 0.7740384615384616 0.10817307692307693 0.23076923076923078
0 0.25961538461538464 0.7956730769230769 0.21875 0.22355769230769232
0 0.47115384615384615 0.8016826923076923 0.21875 0.22355769230769232
0 0.6766826923076923 0.8125 0.21875 0.2283653846153846