0 0.08173076923076923 0.27524038461538464 0.13942307692307693 0.25
0 0.30649038461538464 0.3173076923076923 0.2403846153846154 0.2668269230769231
0 0.5108173076923077 0.3449519230769231 0.2403846153846154 0.2644230769230769
0 0.7151442307692307 0.3737980769230769 0.23557692307692307 0.2620192307692308
0 0.06370192307692307 0.5072115384615384 0.12740384615384615 0.2548076923076923
0 0.3137019230769231 0.5588942307692307 0.34134615384615385 0.28125
0 0.6322115384615384 0.5985576923076923 0.32211538461538464 0.27163461538461536
0 0.8665865384615384 0.5721153846153846 0.17548076923076922 0.20192307692307693
0 0.9350961538461539 0.39302884615384615 0.12980769230769232 0.20432692307692307
0 0.04807692307692308 0.7331730769230769 0.09615384615384616 0.2403846153846154
0 0.234375 0.7728365384615384 0.23557692307692307 0.2403846153846154
0 0.44471153846153844 0.7980769230769231 0.23557692307692307 0.2403846153846154
0 0.6478365384615384 0.8269230769230769 0.23557692307692307 0.24519230769230768