0 0.052884615384615384 0.39903846153846156 0.10576923076923077 0.25
0 0.26322115384615385 0.37740384615384615 0.2403846153846154 0.2668269230769231
0 0.4675480769230769 0.3485576923076923 0.2403846153846154 0.2644230769230769
0 0.671875 0.31971153846153844 0.23557692307692307 0.2620192307692308
0 0.0733173076923077 0.6298076923076923 0.1466346153846154 0.2548076923076923
0 0.33653846153846156 0.6081730769230769 0.34134615384615385 0.28125
0 0.6538461538461539 0.5588942307692307 0.32211538461538464 0.27163461538461536
0 0.8713942307692307 0.46875 0.17548076923076922 0.20192307692307693
0 0.9038461538461539 0.27283653846153844 0.16105769230769232 0.20432692307692307
0 0.1045673076923077 0.8569711538461539 0.14903846153846154 0.2403846153846154
0 0.31971153846153844 0.8365384615384616 0.23557692307692307 0.2403846153846154
0 0.5288461538461539 0.8016826923076923 0.23557692307692307 0.2403846153846154
0 0.7331730769230769 0.7728365384615384 0.23557692307692307 0.24519230769230768