0 0.054086538461538464 0.19110576923076922 0.10817307692307693 0.12740384615384615
0 0.08052884615384616 0.32572115384615385 0.15865384615384615 0.19471153846153846
0 0.11658653846153846 0.4891826923076923 0.15625 0.19951923076923078
0 0.14903846153846154 0.6514423076923077 0.16105769230769232 0.19230769230769232
0 0.18269230769230768 0.828125 0.1778846153846154 0.23076923076923078
0 0.23317307692307693 0.23317307692307693 0.1201923076923077 0.14182692307692307
0 0.25961538461538464 0.34975961538461536 0.20192307692307693 0.19230769230769232
0 0.2920673076923077 0.4795673076923077 0.20192307692307693 0.18990384615384615
0 0.32211538461538464 0.6262019230769231 0.2403846153846154 0.23317307692307693
0 0.36177884615384615 0.7956730769230769 0.23557692307692307 0.22596153846153846
0 0.5444711538461539 0.1875 0.11538461538461539 0.10817307692307693
0 0.5769230769230769 0.296875 0.20432692307692307 0.17067307692307693
0 0.6045673076923077 0.45072115384615385 0.2403846153846154 0.22115384615384615
0 0.6382211538461539 0.6346153846153846 0.23798076923076922 0.21634615384615385
0 0.5228365384615384 0.7680288461538461 0.14903846153846154 0.18990384615384615
0 0.39783653846153844 0.27884615384615385 0.10336538461538461 0.0985576923076923
0 0.43028846153846156 0.3798076923076923 0.13942307692307693 0.17548076923076922