0 0.057692307692307696 0.18389423076923078 0.11298076923076923 0.125
0 0.0829326923076923 0.31850961538461536 0.15625 0.19230769230769232
0 0.11778846153846154 0.48197115384615385 0.15384615384615385 0.1971153846153846
0 0.1466346153846154 0.6454326923076923 0.15865384615384615 0.18990384615384615
0 0.1778846153846154 0.8233173076923077 0.17548076923076922 0.2283653846153846
0 0.23798076923076922 0.22956730769230768 0.11778846153846154 0.13942307692307693
0 0.26322115384615385 0.3449519230769231 0.20192307692307693 0.18990384615384615
0 0.2920673076923077 0.47596153846153844 0.19951923076923078 0.1875
0 0.32091346153846156 0.6237980769230769 0.23798076923076922 0.23076923076923078
0 0.3557692307692308 0.7920673076923077 0.23076923076923078 0.22115384615384615
0 0.5504807692307693 0.18870192307692307 0.11538461538461539 0.10817307692307693
0 0.5805288461538461 0.2980769230769231 0.20192307692307693 0.16826923076923078
0 0.6045673076923077 0.4519230769230769 0.23798076923076922 0.21875
0 0.6358173076923077 0.6370192307692307 0.23557692307692307 0.21394230769230768
0 0.5180288461538461 0.7692307692307693 0.1466346153846154 0.1875
0 0.4026442307692308 0.2764423076923077 0.10336538461538461 0.0985576923076923
0 0.4326923076923077 0.3786057692307692 0.13701923076923078 0.17307692307692307