0 0.21514423076923078 0.05048076923076923 0.11778846153846154 0.10096153846153846
0 0.1875 0.16947115384615385 0.16346153846153846 0.1971153846153846
0 0.15504807692307693 0.33413461538461536 0.16105769230769232 0.20192307692307693
0 0.11778846153846154 0.4951923076923077 0.1658653846153846 0.19471153846153846
0 0.08413461538461539 0.6694711538461539 0.16826923076923078 0.23317307692307693
0 0.3641826923076923 0.14783653846153846 0.125 0.14423076923076922
0 0.3425480769230769 0.2644230769230769 0.20673076923076922 0.1971153846153846
0 0.31850961538461536 0.39663461538461536 0.20673076923076922 0.19471153846153846
0 0.2860576923076923 0.5432692307692307 0.24519230769230768 0.23798076923076922
0 0.2536057692307692 0.7127403846153846 0.2403846153846154 0.23076923076923078
0 0.6682692307692307 0.23317307692307693 0.11778846153846154 0.11057692307692307
0 0.6526442307692307 0.3449519230769231 0.20673076923076922 0.17548076923076922
0 0.6153846153846154 0.49759615384615385 0.24519230769230768 0.2283653846153846
0 0.5709134615384616 0.6790865384615384 0.24278846153846154 0.22115384615384615
0 0.4110576923076923 0.7548076923076923 0.15384615384615385 0.19230769230769232
0 0.49759615384615385 0.25600961538461536 0.10576923076923077 0.10096153846153846
0 0.484375 0.36177884615384615 0.14182692307692307 0.1778846153846154