0 0.1466346153846154 0.08653846153846154 0.10336538461538461 0.11778846153846154
0 0.13942307692307693 0.22355769230769232 0.13942307692307693 0.18269230769230768
0 0.13341346153846154 0.3894230769230769 0.13701923076923078 0.18509615384615385
0 0.12139423076923077 0.5552884615384616 0.14182692307692307 0.18028846153846154
0 0.109375 0.7355769230769231 0.15625 0.21634615384615385
0 0.3112980769230769 0.17307692307692307 0.10817307692307693 0.13221153846153846
0 0.3076923076923077 0.2920673076923077 0.18509615384615385 0.17307692307692307
0 0.30408653846153844 0.4254807692307692 0.18509615384615385 0.17067307692307693
0 0.2956730769230769 0.5757211538461539 0.22115384615384615 0.21153846153846154
0 0.28966346153846156 0.7487980769230769 0.21394230769230768 0.20432692307692307
0 0.6237980769230769 0.21033653846153846 0.10817307692307693 0.0985576923076923
0 0.6274038461538461 0.3233173076923077 0.18990384615384615 0.15144230769230768
0 0.6129807692307693 0.4795673076923077 0.22115384615384615 0.19951923076923078
0 0.5985576923076923 0.6658653846153846 0.21875 0.19471153846153846
0 0.453125 0.765625 0.12980769230769232 0.1778846153846154
0 0.45913461538461536 0.25961538461538464 0.09375 0.0889423076923077
0 0.4639423076923077 0.36658653846153844 0.1201923076923077 0.16346153846153846