0 0.12139423076923077 0.09495192307692307 0.22355769230769232 0.18990384615384615
0 0.36658653846153844 0.09495192307692307 0.25721153846153844 0.18990384615384615
0 0.6370192307692307 0.10697115384615384 0.27163461538461536 0.21394230769230768
0 0.11538461538461539 0.37740384615384615 0.23076923076923078 0.3894230769230769
0 0.359375 0.38341346153846156 0.2764423076923077 0.39663461538461536
0 0.625 0.40384615384615385 0.2860576923076923 0.4014423076923077
0 0.8762019230769231 0.421875 0.24759615384615385 0.39663461538461536
0 0.1141826923076923 0.7319711538461539 0.2283653846153846 0.3245192307692308
0 0.3557692307692308 0.7367788461538461 0.2644230769230769 0.3269230769230769
0 0.6165865384615384 0.7572115384615384 0.28125 0.31490384615384615
0 0.8713942307692307 0.7680288461538461 0.24759615384615385 0.3173076923076923