0 0.18028846153846154 0.17548076923076922 0.29086538461538464 0.28125
0 0.4543269230769231 0.20432692307692307 0.2956730769230769 0.28846153846153844
0 0.7223557692307693 0.2403846153846154 0.2980769230769231 0.29086538461538464
0 0.9230769230769231 0.2644230769230769 0.15384615384615385 0.28365384615384615
0 0.056490384615384616 0.4074519230769231 0.11298076923076923 0.25721153846153844
0 0.18990384615384615 0.4230769230769231 0.20673076923076922 0.2692307692307692
0 0.36899038461538464 0.45072115384615385 0.2091346153846154 0.2692307692307692
0 0.5504807692307693 0.47716346153846156 0.20673076923076922 0.2644230769230769
0 0.7295673076923077 0.49759615384615385 0.2091346153846154 0.27163461538461536
0 0.9026442307692307 0.5228365384615384 0.19471153846153846 0.2668269230769231
0 0.1201923076923077 0.6694711538461539 0.2403846153846154 0.28125
0 0.3629807692307692 0.7055288461538461 0.2956730769230769 0.28125
0 0.6334134615384616 0.7427884615384616 0.29086538461538464 0.27884615384615385
0 0.8677884615384616 0.7716346153846154 0.23317307692307693 0.27163461538461536