0 0.1201923076923077 0.31850961538461536 0.2403846153846154 0.31009615384615385
0 0.34615384615384615 0.2439903846153846 0.3245192307692308 0.3173076923076923
0 0.6081730769230769 0.17548076923076922 0.3269230769230769 0.31971153846153844
0 0.8257211538461539 0.13221153846153846 0.23317307692307693 0.2644230769230769
0 0.06370192307692307 0.5805288461538461 0.12740384615384615 0.2620192307692308
0 0.18389423076923078 0.5444711538461539 0.23557692307692307 0.28846153846153844
0 0.3605769230769231 0.5036057692307693 0.23798076923076922 0.28846153846153844
0 0.5372596153846154 0.46033653846153844 0.23557692307692307 0.28365384615384615
0 0.7115384615384616 0.41225961538461536 0.2403846153846154 0.29086538461538464
0 0.8846153846153846 0.36658653846153844 0.23076923076923078 0.2860576923076923
0 0.1935096153846154 0.8064903846153846 0.3076923076923077 0.3076923076923077
0 0.45072115384615385 0.7427884615384616 0.32211538461538464 0.31009615384615385
0 0.7151442307692307 0.6754807692307693 0.3173076923076923 0.3076923076923077
0 0.9050480769230769 0.6141826923076923 0.18990384615384615 0.29086538461538464