0 0.16947115384615385 0.18629807692307693 0.28365384615384615 0.27163461538461536
0 0.44350961538461536 0.20673076923076922 0.28846153846153844 0.27884615384615385
0 0.7127403846153846 0.23317307692307693 0.29086538461538464 0.28125
0 0.9206730769230769 0.24759615384615385 0.15865384615384615 0.27884615384615385
0 0.052884615384615384 0.4230769230769231 0.10576923076923077 0.2548076923076923
0 0.1875 0.4338942307692308 0.19951923076923078 0.2644230769230769
0 0.36778846153846156 0.45552884615384615 0.20192307692307693 0.2644230769230769
0 0.5492788461538461 0.47475961538461536 0.19951923076923078 0.25961538461538464
0 0.7283653846153846 0.49038461538461536 0.20192307692307693 0.2668269230769231
0 0.9050480769230769 0.5084134615384616 0.18990384615384615 0.2620192307692308
0 0.12139423076923077 0.6826923076923077 0.24278846153846154 0.27403846153846156
0 0.3701923076923077 0.7103365384615384 0.28846153846153844 0.27163461538461536
0 0.6418269230769231 0.7379807692307693 0.28365384615384615 0.2692307692307692
0 0.8762019230769231 0.7584134615384616 0.22596153846153846 0.2644230769230769