0 0.12259615384615384 0.2956730769230769 0.24519230769230768 0.2980769230769231
0 0.3605769230769231 0.23557692307692307 0.31490384615384615 0.3076923076923077
0 0.625 0.18269230769230768 0.3173076923076923 0.31009615384615385
0 0.8461538461538461 0.13942307692307693 0.22115384615384615 0.27884615384615385
0 0.05889423076923077 0.5564903846153846 0.11778846153846154 0.2620192307692308
0 0.1814903846153846 0.5288461538461539 0.22596153846153846 0.28125
0 0.3605769230769231 0.4963942307692308 0.2283653846153846 0.28125
0 0.5396634615384616 0.46153846153846156 0.22596153846153846 0.2764423076923077
0 0.7163461538461539 0.4230769230769231 0.2283653846153846 0.28365384615384615
0 0.890625 0.3894230769230769 0.21875 0.27884615384615385
0 0.1778846153846154 0.7896634615384616 0.2980769230769231 0.2980769230769231
0 0.4375 0.7391826923076923 0.3125 0.3004807692307692
0 0.7055288461538461 0.6862980769230769 0.3076923076923077 0.2956730769230769
0 0.9050480769230769 0.6370192307692307 0.18990384615384615 0.28365384615384615