0 0.12740384615384615 0.2608173076923077 0.2548076923076923 0.28125
0 0.38341346153846156 0.2247596153846154 0.2956730769230769 0.28846153846153844
0 0.6526442307692307 0.19471153846153846 0.2980769230769231 0.29086538461538464
0 0.8762019230769231 0.16346153846153846 0.20192307692307693 0.28365384615384615
0 0.051682692307692304 0.5180288461538461 0.10336538461538461 0.25721153846153844
0 0.18028846153846154 0.5 0.20673076923076922 0.2692307692307692
0 0.36177884615384615 0.484375 0.2091346153846154 0.2692307692307692
0 0.5432692307692307 0.4651442307692308 0.20673076923076922 0.2644230769230769
0 0.7223557692307693 0.4423076923076923 0.2091346153846154 0.27163461538461536
0 0.8990384615384616 0.42427884615384615 0.20192307692307693 0.2668269230769231
0 0.15384615384615385 0.7608173076923077 0.27884615384615385 0.28125
0 0.4170673076923077 0.7331730769230769 0.2956730769230769 0.28125
0 0.6887019230769231 0.703125 0.29086538461538464 0.27884615384615385
0 0.9026442307692307 0.6742788461538461 0.19471153846153846 0.27163461538461536