0 0.1778846153846154 0.5228365384615384 0.22355769230769232 0.15384615384615385
0 0.38341346153846156 0.48197115384615385 0.16346153846153846 0.10096153846153846
0 0.5841346153846154 0.4338942307692308 0.14903846153846154 0.1346153846153846
0 0.8076923076923077 0.41225961538461536 0.17067307692307693 0.11298076923076923
0 0.8233173076923077 0.5036057692307693 0.20673076923076922 0.13942307692307693
0 0.6021634615384616 0.5384615384615384 0.21634615384615385 0.14182692307692307
0 0.39663461538461536 0.578125 0.18028846153846154 0.1201923076923077
0 0.19471153846153846 0.6346153846153846 0.22115384615384615 0.14182692307692307
0 0.18990384615384615 0.7355769230769231 0.18028846153846154 0.12259615384615384
0 0.20072115384615385 0.8269230769230769 0.18269230769230768 0.12259615384615384
0 0.4206730769230769 0.7680288461538461 0.24519230769230768 0.17307692307692307
0 0.6430288461538461 0.7391826923076923 0.21394230769230768 0.13701923076923078
0 0.6225961538461539 0.6394230769230769 0.21394230769230768 0.13701923076923078
0 0.8389423076923077 0.6009615384615384 0.2091346153846154 0.1346153846153846
0 0.8581730769230769 0.6995192307692307 0.20673076923076922 0.13942307692307693
0 0.40625 0.6622596153846154 0.1778846153846154 0.11538461538461539