0 0.1778846153846154 0.46634615384615385 0.20673076923076922 0.1201923076923077
0 0.38822115384615385 0.46274038461538464 0.15384615384615385 0.07692307692307693
0 0.59375 0.4495192307692308 0.13221153846153846 0.11538461538461539
0 0.8185096153846154 0.46634615384615385 0.16105769230769232 0.08653846153846154
0 0.8185096153846154 0.5588942307692307 0.19230769230769232 0.10817307692307693
0 0.59375 0.5564903846153846 0.20192307692307693 0.10817307692307693
0 0.38461538461538464 0.5588942307692307 0.16826923076923078 0.09375
0 0.17548076923076922 0.5793269230769231 0.20673076923076922 0.10817307692307693
0 0.15384615384615385 0.6778846153846154 0.16826923076923078 0.09615384615384616
0 0.14903846153846154 0.7704326923076923 0.17067307692307693 0.09375
0 0.3762019230769231 0.75 0.22596153846153846 0.13701923076923078
0 0.5997596153846154 0.7608173076923077 0.20192307692307693 0.10336538461538461
0 0.5961538461538461 0.6586538461538461 0.20192307692307693 0.10336538461538461
0 0.8161057692307693 0.6574519230769231 0.1971153846153846 0.10096153846153846
0 0.8185096153846154 0.7584134615384616 0.19230769230769232 0.10817307692307693
0 0.3798076923076923 0.6442307692307693 0.16826923076923078 0.08653846153846154