0 0.19230769230769232 0.40024038461538464 0.22355769230769232 0.15384615384615385
0 0.39903846153846156 0.43990384615384615 0.16346153846153846 0.10096153846153846
0 0.6021634615384616 0.4699519230769231 0.14903846153846154 0.1346153846153846
0 0.8185096153846154 0.5336538461538461 0.17067307692307693 0.11298076923076923
0 0.7992788461538461 0.6237980769230769 0.20673076923076922 0.13942307692307693
0 0.5793269230769231 0.5745192307692307 0.21634615384615385 0.14182692307692307
0 0.375 0.5336538461538461 0.18028846153846154 0.1201923076923077
0 0.1658653846153846 0.5096153846153846 0.22115384615384615 0.14182692307692307
0 0.12379807692307693 0.6021634615384616 0.18028846153846154 0.12259615384615384
0 0.09975961538461539 0.6911057692307693 0.18269230769230768 0.12259615384615384
0 0.3269230769230769 0.71875 0.24519230769230768 0.17307692307692307
0 0.5432692307692307 0.7752403846153846 0.21394230769230768 0.13701923076923078
0 0.5612980769230769 0.6742788461538461 0.21394230769230768 0.13701923076923078
0 0.7764423076923077 0.7199519230769231 0.2091346153846154 0.1346153846153846
0 0.7572115384615384 0.8197115384615384 0.20673076923076922 0.13942307692307693
0 0.35216346153846156 0.6153846153846154 0.1778846153846154 0.11538461538461539