0 0.8677884615384616 0.16105769230769232 0.1658653846153846 0.17067307692307693
0 0.9014423076923077 0.30528846153846156 0.16105769230769232 0.16826923076923078
0 0.7680288461538461 0.3293269230769231 0.16105769230769232 0.1778846153846154
0 0.9278846153846154 0.4423076923076923 0.14423076923076922 0.16826923076923078
0 0.8016826923076923 0.4723557692307692 0.17067307692307693 0.1778846153846154
0 0.65625 0.4963942307692308 0.16826923076923078 0.17307692307692307
0 0.5528846153846154 0.6682692307692307 0.16826923076923078 0.16826923076923078
0 0.9399038461538461 0.5793269230769231 0.1201923076923077 0.16826923076923078
0 0.8293269230769231 0.609375 0.1658653846153846 0.1658653846153846
0 0.6899038461538461 0.6394230769230769 0.16346153846153846 0.16826923076923078
0 0.9555288461538461 0.7127403846153846 0.0889423076923077 0.16105769230769232
0 0.8605769230769231 0.7403846153846154 0.16346153846153846 0.16346153846153846
0 0.7223557692307693 0.7692307692307693 0.1658653846153846 0.16346153846153846
0 0.5889423076923077 0.7980769230769231 0.16346153846153846 0.16105769230769232
0 0.453125 0.828125 0.16346153846153846 0.15865384615384615
0 0.3161057692307692 0.8521634615384616 0.16826923076923078 0.1658653846153846
0 0.18028846153846154 0.8810096153846154 0.16826923076923078 0.17067307692307693
0 0.9675480769230769 0.8377403846153846 0.06490384615384616 0.15144230769230768
0 0.8822115384615384 0.8641826923076923 0.15865384615384615 0.1466346153846154
0 0.75 0.8942307692307693 0.16105769230769232 0.14903846153846154
0 0.6153846153846154 0.9242788461538461 0.15865384615384615 0.1466346153846154
0 0.4807692307692308 0.9375 0.15865384615384615 0.125
0 0.3473557692307692 0.9543269230769231 0.16105769230769232 0.09134615384615384
0 0.2091346153846154 0.9651442307692307 0.16826923076923078 0.06971153846153846