0 0.9459134615384616 0.3485576923076923 0.10817307692307693 0.17307692307692307
0 0.9314903846153846 0.49158653846153844 0.13701923076923078 0.17067307692307693
0 0.8149038461538461 0.45913461538461536 0.16346153846153846 0.18028846153846154
0 0.9170673076923077 0.6322115384615384 0.15625 0.16826923076923078
0 0.7848557692307693 0.6021634615384616 0.17307692307692307 0.18028846153846154
0 0.6430288461538461 0.5625 0.17067307692307693 0.17548076923076922
0 0.47716346153846156 0.6742788461538461 0.17067307692307693 0.17067307692307693
0 0.8834134615384616 0.7668269230769231 0.16105769230769232 0.17067307692307693
0 0.7524038461538461 0.7379807692307693 0.16826923076923078 0.16826923076923078
0 0.6129807692307693 0.7067307692307693 0.1658653846153846 0.16826923076923078
0 0.8545673076923077 0.9002403846153846 0.15625 0.16346153846153846
0 0.7259615384615384 0.8701923076923077 0.16346153846153846 0.16346153846153846
0 0.5877403846153846 0.8377403846153846 0.1658653846153846 0.1658653846153846
0 0.4543269230769231 0.8076923076923077 0.1658653846153846 0.16346153846153846
0 0.31850961538461536 0.7776442307692307 0.1658653846153846 0.16105769230769232
0 0.18389423076923078 0.7415865384615384 0.17067307692307693 0.16826923076923078
0 0.0673076923076923 0.7091346153846154 0.1346153846153846 0.17307692307692307
0 0.8221153846153846 0.9735576923076923 0.15865384615384615 0.052884615384615384
0 0.6911057692307693 0.9579326923076923 0.16105769230769232 0.08413461538461539
0 0.5600961538461539 0.9435096153846154 0.16346153846153846 0.11298076923076923
0 0.42427884615384615 0.9290865384615384 0.16105769230769232 0.14182692307692307
0 0.29447115384615385 0.9002403846153846 0.16105769230769232 0.14903846153846154
0 0.15865384615384615 0.8713942307692307 0.16346153846153846 0.1466346153846154
0 0.052884615384615384 0.8365384615384616 0.10576923076923077 0.15384615384615385