0 0.9350961538461539 0.26802884615384615 0.12980769230769232 0.15144230769230768
0 0.9326923076923077 0.41466346153846156 0.1346153846153846 0.15144230769230768
0 0.8028846153846154 0.4050480769230769 0.13942307692307693 0.16105769230769232
0 0.9326923076923077 0.5564903846153846 0.1346153846153846 0.15144230769230768
0 0.7980769230769231 0.5516826923076923 0.14903846153846154 0.15865384615384615
0 0.6526442307692307 0.5372596153846154 0.14903846153846154 0.15384615384615385
0 0.5072115384615384 0.6766826923076923 0.14903846153846154 0.14903846153846154
0 0.9242788461538461 0.6959134615384616 0.13942307692307693 0.15144230769230768
0 0.7896634615384616 0.6911057692307693 0.1466346153846154 0.1466346153846154
0 0.6466346153846154 0.6838942307692307 0.14423076923076922 0.14903846153846154
0 0.9182692307692307 0.8329326923076923 0.13701923076923078 0.14423076923076922
0 0.7860576923076923 0.8257211538461539 0.14423076923076922 0.14423076923076922
0 0.6442307692307693 0.8173076923076923 0.1466346153846154 0.14423076923076922
0 0.5084134615384616 0.8112980769230769 0.1466346153846154 0.14182692307692307
0 0.3701923076923077 0.8052884615384616 0.1466346153846154 0.13942307692307693
0 0.23076923076923078 0.7932692307692307 0.14903846153846154 0.1466346153846154
0 0.09254807692307693 0.7860576923076923 0.14903846153846154 0.15144230769230768
0 0.9074519230769231 0.9459134615384616 0.14182692307692307 0.10817307692307693
0 0.7740384615384616 0.9423076923076923 0.14423076923076922 0.11538461538461539
0 0.6382211538461539 0.9399038461538461 0.1466346153846154 0.1201923076923077
0 0.5024038461538461 0.9375 0.14423076923076922 0.125
0 0.36658653846153844 0.9302884615384616 0.14423076923076922 0.12740384615384615
0 0.2283653846153846 0.9254807692307693 0.14423076923076922 0.125
0 0.08774038461538461 0.9158653846153846 0.15144230769230768 0.13221153846153846