0 0.9158653846153846 0.22355769230769232 0.1466346153846154 0.15144230769230768
0 0.9266826923076923 0.3701923076923077 0.14182692307692307 0.15144230769230768
0 0.7920673076923077 0.3737980769230769 0.13942307692307693 0.16105769230769232
0 0.9350961538461539 0.5108173076923077 0.12980769230769232 0.15144230769230768
0 0.8016826923076923 0.5204326923076923 0.14903846153846154 0.15865384615384615
0 0.6550480769230769 0.5204326923076923 0.14903846153846154 0.15384615384615385
0 0.5264423076923077 0.6742788461538461 0.14903846153846154 0.14903846153846154
0 0.9362980769230769 0.6502403846153846 0.12740384615384615 0.15144230769230768
0 0.8076923076923077 0.6598557692307693 0.1466346153846154 0.1466346153846154
0 0.6646634615384616 0.6670673076923077 0.14423076923076922 0.14903846153846154
0 0.9411057692307693 0.7860576923076923 0.11778846153846154 0.14423076923076922
0 0.8185096153846154 0.7932692307692307 0.14423076923076922 0.14423076923076922
0 0.6766826923076923 0.8004807692307693 0.1466346153846154 0.14423076923076922
0 0.5408653846153846 0.8088942307692307 0.1466346153846154 0.14182692307692307
0 0.4026442307692308 0.8173076923076923 0.1466346153846154 0.13942307692307693
0 0.26322115384615385 0.8197115384615384 0.14903846153846154 0.1466346153846154
0 0.125 0.8269230769230769 0.14903846153846154 0.15144230769230768
0 0.9423076923076923 0.9146634615384616 0.11538461538461539 0.13221153846153846
0 0.8209134615384616 0.9194711538461539 0.14423076923076922 0.12740384615384615
0 0.6850961538461539 0.9278846153846154 0.1466346153846154 0.12980769230769232
0 0.5480769230769231 0.9362980769230769 0.14423076923076922 0.12740384615384615
0 0.4110576923076923 0.9387019230769231 0.14423076923076922 0.12259615384615384
0 0.27403846153846156 0.9435096153846154 0.14423076923076922 0.11298076923076923
0 0.13341346153846154 0.9447115384615384 0.15144230769230768 0.11057692307692307