0 0.4579326923076923 0.1875 0.1778846153846154 0.2403846153846154
0 0.16466346153846154 0.42427884615384615 0.17307692307692307 0.23076923076923078
0 0.7908653846153846 0.3942307692307692 0.16826923076923078 0.2283653846153846
0 0.6298076923076923 0.39663461538461536 0.17307692307692307 0.23076923076923078
0 0.31850961538461536 0.39663461538461536 0.17548076923076922 0.23557692307692307
0 0.47596153846153844 0.41586538461538464 0.17307692307692307 0.23557692307692307
0 0.055288461538461536 0.6490384615384616 0.10817307692307693 0.23798076923076922
0 0.1814903846153846 0.6490384615384616 0.17548076923076922 0.23798076923076922
0 0.3389423076923077 0.6213942307692307 0.17307692307692307 0.23798076923076922
0 0.49278846153846156 0.6370192307692307 0.17067307692307693 0.23076923076923078
0 0.6466346153846154 0.6225961538461539 0.16826923076923078 0.23317307692307693
0 0.8028846153846154 0.6201923076923077 0.17067307692307693 0.23557692307692307
0 0.07091346153846154 0.8521634615384616 0.10576923076923077 0.18269230769230768
0 0.1935096153846154 0.84375 0.17067307692307693 0.1778846153846154
0 0.35216346153846156 0.8245192307692307 0.17307692307692307 0.1971153846153846
0 0.9350961538461539 0.6141826923076923 0.12980769230769232 0.23798076923076922
0 0.5072115384615384 0.8293269230769231 0.1658653846153846 0.17307692307692307
0 0.6598557692307693 0.8185096153846154 0.1658653846153846 0.17307692307692307
0 0.9423076923076923 0.8052884615384616 0.11538461538461539 0.16346153846153846
0 0.8137019230769231 0.8112980769230769 0.1658653846153846 0.1658653846153846