0 0.4519230769230769 0.1875 0.18028846153846154 0.24278846153846154
0 0.16346153846153846 0.43028846153846156 0.1778846153846154 0.23317307692307693
0 0.7896634615384616 0.3894230769230769 0.17307692307692307 0.23076923076923078
0 0.6286057692307693 0.3942307692307692 0.1778846153846154 0.23317307692307693
0 0.3161057692307692 0.40024038461538464 0.18028846153846154 0.23798076923076922
0 0.47475961538461536 0.4170673076923077 0.1778846153846154 0.23798076923076922
0 0.057692307692307696 0.6574519230769231 0.11057692307692307 0.2403846153846154
0 0.18389423076923078 0.6538461538461539 0.18028846153846154 0.2403846153846154
0 0.3401442307692308 0.6237980769230769 0.1778846153846154 0.2403846153846154
0 0.4951923076923077 0.6370192307692307 0.17548076923076922 0.23317307692307693
0 0.6490384615384616 0.6201923076923077 0.17307692307692307 0.23557692307692307
0 0.8040865384615384 0.6141826923076923 0.17548076923076922 0.23798076923076922
0 0.07692307692307693 0.859375 0.10817307692307693 0.18269230769230768
0 0.19951923076923078 0.8497596153846154 0.17307692307692307 0.18028846153846154
0 0.35697115384615385 0.8269230769230769 0.1778846153846154 0.20192307692307693
0 0.9338942307692307 0.6069711538461539 0.13221153846153846 0.23798076923076922
0 0.5132211538461539 0.8293269230769231 0.16826923076923078 0.17548076923076922
0 0.6646634615384616 0.8161057692307693 0.16826923076923078 0.17548076923076922
0 0.9447115384615384 0.796875 0.11057692307692307 0.1658653846153846
0 0.8185096153846154 0.8064903846153846 0.16826923076923078 0.16826923076923078