0 0.15745192307692307 0.140625 0.25961538461538464 0.2091346153846154
0 0.13942307692307693 0.328125 0.2644230769230769 0.2091346153846154
0 0.39903846153846156 0.3545673076923077 0.2860576923076923 0.21394230769230768
0 0.6778846153846154 0.390625 0.2860576923076923 0.20673076923076922
0 0.12620192307692307 0.5084134615384616 0.25240384615384615 0.2091346153846154
0 0.38461538461538464 0.53125 0.28365384615384615 0.20673076923076922
0 0.6490384615384616 0.5685096153846154 0.28846153846153844 0.20192307692307693
0 0.11658653846153846 0.6862980769230769 0.23317307692307693 0.20432692307692307
0 0.35697115384615385 0.7067307692307693 0.2956730769230769 0.21153846153846154
0 0.6262019230769231 0.7451923076923077 0.27163461538461536 0.20673076923076922
0 0.8677884615384616 0.7692307692307693 0.2283653846153846 0.1971153846153846
0 0.8846153846153846 0.5877403846153846 0.23076923076923078 0.20432692307692307
0 0.11298076923076923 0.8365384615384616 0.22596153846153846 0.14903846153846154
0 0.3557692307692308 0.8629807692307693 0.2764423076923077 0.15144230769230768
0 0.6105769230769231 0.8918269230769231 0.2668269230769231 0.14182692307692307
0 0.8521634615384616 0.9170673076923077 0.22355769230769232 0.13942307692307693