0 0.109375 0.21754807692307693 0.21875 0.2091346153846154
0 0.12139423076923077 0.4050480769230769 0.24278846153846154 0.2091346153846154
0 0.3713942307692308 0.3786057692307692 0.2860576923076923 0.21394230769230768
0 0.6514423076923077 0.3557692307692308 0.2860576923076923 0.20673076923076922
0 0.1310096153846154 0.5877403846153846 0.2620192307692308 0.2091346153846154
0 0.39302884615384615 0.5552884615384616 0.28365384615384615 0.20673076923076922
0 0.6598557692307693 0.5360576923076923 0.28846153846153844 0.20192307692307693
0 0.14903846153846154 0.765625 0.2644230769230769 0.20432692307692307
0 0.40384615384615385 0.7307692307692307 0.2956730769230769 0.21153846153846154
0 0.6742788461538461 0.7139423076923077 0.27163461538461536 0.20673076923076922
0 0.9002403846153846 0.6875 0.19951923076923078 0.1971153846153846
0 0.8894230769230769 0.5060096153846154 0.22115384615384615 0.20432692307692307
0 0.17067307692307693 0.9158653846153846 0.2692307692307692 0.14903846153846154
0 0.4338942307692308 0.8846153846153846 0.2764423076923077 0.15144230769230768
0 0.6899038461538461 0.8605769230769231 0.2668269230769231 0.14182692307692307
0 0.9098557692307693 0.8341346153846154 0.18028846153846154 0.13942307692307693