0 0.16346153846153846 0.5516826923076923 0.18990384615384615 0.21634615384615385
0 0.1814903846153846 0.7487980769230769 0.18990384615384615 0.22115384615384615
0 0.31850961538461536 0.3425480769230769 0.18509615384615385 0.21394230769230768
0 0.3329326923076923 0.5360576923076923 0.1875 0.21394230769230768
0 0.35697115384615385 0.7259615384615384 0.1875 0.21634615384615385
0 0.4855769230769231 0.3269230769230769 0.18509615384615385 0.20673076923076922
0 0.5048076923076923 0.5168269230769231 0.18269230769230768 0.21394230769230768
0 0.5240384615384616 0.7055288461538461 0.18509615384615385 0.21153846153846154
0 0.6502403846153846 0.3112980769230769 0.1778846153846154 0.20673076923076922
0 0.6742788461538461 0.5 0.18028846153846154 0.2091346153846154
0 0.6959134615384616 0.6875 0.18269230769230768 0.21634615384615385