0 0.16706730769230768 0.5685096153846154 0.19951923076923078 0.22355769230769232
0 0.19471153846153846 0.7644230769230769 0.19951923076923078 0.2283653846153846
0 0.3112980769230769 0.35216346153846156 0.19471153846153846 0.22115384615384615
0 0.33533653846153844 0.5444711538461539 0.1971153846153846 0.22115384615384615
0 0.36899038461538464 0.7331730769230769 0.1971153846153846 0.22355769230769232
0 0.47596153846153844 0.328125 0.19471153846153846 0.21394230769230768
0 0.5060096153846154 0.515625 0.19230769230769232 0.22115384615384615
0 0.5348557692307693 0.7043269230769231 0.19471153846153846 0.21875
0 0.640625 0.30408653846153844 0.1875 0.21394230769230768
0 0.6742788461538461 0.49038461538461536 0.18990384615384615 0.21394230769230768
0 0.7055288461538461 0.6766826923076923 0.19230769230769232 0.22355769230769232