0 0.16947115384615385 0.5805288461538461 0.20673076923076922 0.2283653846153846
0 0.20432692307692307 0.7752403846153846 0.20673076923076922 0.23317307692307693
0 0.30649038461538464 0.359375 0.19951923076923078 0.22596153846153846
0 0.33653846153846156 0.5504807692307693 0.20192307692307693 0.22596153846153846
0 0.37740384615384615 0.7379807692307693 0.20432692307692307 0.2283653846153846
0 0.4699519230769231 0.3293269230769231 0.19951923076923078 0.21875
0 0.5072115384615384 0.515625 0.1971153846153846 0.22355769230769232
0 0.5420673076923077 0.7019230769230769 0.19951923076923078 0.22355769230769232
0 0.6334134615384616 0.29927884615384615 0.19230769230769232 0.21875
0 0.6730769230769231 0.484375 0.19471153846153846 0.21875
0 0.7115384615384616 0.6694711538461539 0.19951923076923078 0.22596153846153846