0 0.15985576923076922 0.49759615384615385 0.18028846153846154 0.2091346153846154
0 0.1466346153846154 0.6959134615384616 0.18028846153846154 0.21394230769230768
0 0.34615384615384615 0.3161057692307692 0.17548076923076922 0.20432692307692307
0 0.3293269230769231 0.5096153846153846 0.1778846153846154 0.20673076923076922
0 0.3233173076923077 0.7019230769230769 0.1778846153846154 0.2091346153846154
0 0.5132211538461539 0.3269230769230769 0.17548076923076922 0.19951923076923078
0 0.5024038461538461 0.5168269230769231 0.17307692307692307 0.20432692307692307
0 0.49158653846153844 0.7067307692307693 0.17548076923076922 0.20432692307692307
0 0.6778846153846154 0.33774038461538464 0.16826923076923078 0.19951923076923078
0 0.671875 0.5276442307692307 0.17067307692307693 0.19951923076923078
0 0.6646634615384616 0.7151442307692307 0.17307692307692307 0.20673076923076922