0 0.09975961538461539 0.19951923076923078 0.19230769230769232 0.14182692307692307
0 0.1201923076923077 0.1045673076923077 0.22596153846153846 0.04567307692307692
0 0.31009615384615385 0.20192307692307693 0.11057692307692307 0.27403846153846156
0 0.2091346153846154 0.04326923076923077 0.2932692307692308 0.08653846153846154
0 0.5276442307692307 0.06490384615384616 0.30528846153846156 0.12980769230769232
0 0.8449519230769231 0.06610576923076923 0.30288461538461536 0.125
0 0.5360576923076923 0.27403846153846156 0.31490384615384615 0.31490384615384615
0 0.8413461538461539 0.27163461538461536 0.3173076923076923 0.3125
0 0.0985576923076923 0.34134615384615385 0.19471153846153846 0.14182692307692307
0 0.29086538461538464 0.4326923076923077 0.18509615384615385 0.18990384615384615
0 0.09495192307692307 0.5637019230769231 0.18990384615384615 0.30528846153846156
0 0.2800480769230769 0.6262019230769231 0.1875 0.21153846153846154
0 0.48677884615384615 0.5841346153846154 0.21875 0.31971153846153844
0 0.7175480769230769 0.5829326923076923 0.25721153846153844 0.31490384615384615
0 0.9206730769230769 0.5216346153846154 0.15625 0.20432692307692307
0 0.14423076923076922 0.8088942307692307 0.28846153846153844 0.18509615384615385
0 0.4735576923076923 0.8233173076923077 0.3798076923076923 0.17548076923076922
0 0.7716346153846154 0.8269230769230769 0.22355769230769232 0.18269230769230768
0 0.9362980769230769 0.7716346153846154 0.12259615384615384 0.2956730769230769