0 0.13341346153846154 0.5829326923076923 0.21394230769230768 0.1971153846153846
0 0.3425480769230769 0.5793269230769231 0.23798076923076922 0.21634615384615385
0 0.1778846153846154 0.7007211538461539 0.22115384615384615 0.20192307692307693
0 0.37259615384615385 0.7007211538461539 0.23798076923076922 0.21634615384615385
0 0.2091346153846154 0.8149038461538461 0.21875 0.20673076923076922
0 0.40384615384615385 0.8209134615384616 0.23076923076923078 0.21153846153846154
0 0.5649038461538461 0.16346153846153846 0.27884615384615385 0.23317307692307693
0 0.59375 0.29927884615384615 0.2668269230769231 0.22596153846153846
0 0.6322115384615384 0.4362980769230769 0.27163461538461536 0.23076923076923078
0 0.6694711538461539 0.5649038461538461 0.27403846153846156 0.23798076923076922
0 0.7103365384615384 0.6995192307692307 0.2764423076923077 0.2403846153846154
0 0.8052884615384616 0.12980769230769232 0.2644230769230769 0.23317307692307693
0 0.8413461538461539 0.28125 0.2620192307692308 0.22355769230769232
0 0.8737980769230769 0.4170673076923077 0.25240384615384615 0.23317307692307693
0 0.8918269230769231 0.5600961538461539 0.21634615384615385 0.23557692307692307
0 0.9074519230769231 0.6947115384615384 0.18509615384615385 0.24519230769230768