0 0.12620192307692307 0.5444711538461539 0.19951923076923078 0.18269230769230768
0 0.33533653846153844 0.5625 0.22355769230769232 0.19951923076923078
0 0.15865384615384615 0.6658653846153846 0.2091346153846154 0.18509615384615385
0 0.35216346153846156 0.6862980769230769 0.22355769230769232 0.19951923076923078
0 0.1778846153846154 0.7836538461538461 0.20673076923076922 0.18990384615384615
0 0.3713942307692308 0.8088942307692307 0.21634615384615385 0.1971153846153846
0 0.5997596153846154 0.171875 0.2644230769230769 0.21153846153846154
0 0.6141826923076923 0.31009615384615385 0.25240384615384615 0.20673076923076922
0 0.6382211538461539 0.45072115384615385 0.25721153846153844 0.21153846153846154
0 0.6622596153846154 0.5829326923076923 0.25961538461538464 0.21875
0 0.6887019230769231 0.7199519230769231 0.2620192307692308 0.21875
0 0.8425480769230769 0.16466346153846154 0.25 0.21394230769230768
0 0.8629807692307693 0.31850961538461536 0.24759615384615385 0.20192307692307693
0 0.8798076923076923 0.45552884615384615 0.2403846153846154 0.21394230769230768
0 0.8918269230769231 0.6033653846153846 0.21634615384615385 0.21634615384615385
0 0.9002403846153846 0.7403846153846154 0.19951923076923078 0.22596153846153846