0 0.5336538461538461 0.5456730769230769 0.15625 0.20673076923076922
0 0.2512019230769231 0.17307692307692307 0.15625 0.1875
0 0.21634615384615385 0.35096153846153844 0.16105769230769232 0.19230769230769232
0 0.38461538461538464 0.36778846153846156 0.16105769230769232 0.1875
0 0.7884615384615384 0.7463942307692307 0.14182692307692307 0.18028846153846154
0 0.5877403846153846 0.7367788461538461 0.16105769230769232 0.19230769230769232
0 0.35697115384615385 0.546875 0.16105769230769232 0.19471153846153846
0 0.20072115384615385 0.5348557692307693 0.16105769230769232 0.1875
0 0.12980769230769232 0.7103365384615384 0.16105769230769232 0.19230769230769232
0 0.4375 0.7283653846153846 0.16346153846153846 0.18990384615384615
0 0.2860576923076923 0.7223557692307693 0.16346153846153846 0.18990384615384615