0 0.5300480769230769 0.5480769230769231 0.17067307692307693 0.21634615384615385
0 0.28125 0.15264423076923078 0.17067307692307693 0.1971153846153846
0 0.23076923076923078 0.3269230769230769 0.17548076923076922 0.20432692307692307
0 0.39663461538461536 0.3581730769230769 0.17548076923076922 0.19951923076923078
0 0.765625 0.7704326923076923 0.15384615384615385 0.18990384615384615
0 0.5673076923076923 0.7427884615384616 0.17548076923076922 0.20432692307692307
0 0.35336538461538464 0.5336538461538461 0.17548076923076922 0.20673076923076922
0 0.19951923076923078 0.5084134615384616 0.17548076923076922 0.19951923076923078
0 0.11298076923076923 0.6766826923076923 0.17548076923076922 0.20432692307692307
0 0.4170673076923077 0.7223557692307693 0.1778846153846154 0.20192307692307693
0 0.2668269230769231 0.703125 0.1778846153846154 0.20192307692307693