0 0.5396634615384616 0.5408653846153846 0.15625 0.20673076923076922
0 0.2091346153846154 0.21033653846153846 0.15625 0.1875
0 0.19831730769230768 0.3918269230769231 0.16105769230769232 0.19230769230769232
0 0.36778846153846156 0.38461538461538464 0.16105769230769232 0.1875
0 0.8197115384615384 0.7043269230769231 0.14182692307692307 0.18028846153846154
0 0.6201923076923077 0.7211538461538461 0.16105769230769232 0.19230769230769232
0 0.36538461538461536 0.5661057692307693 0.16105769230769232 0.19471153846153846
0 0.2091346153846154 0.5757211538461539 0.16105769230769232 0.1875
0 0.1622596153846154 0.7596153846153846 0.16105769230769232 0.19230769230769232
0 0.4699519230769231 0.734375 0.16346153846153846 0.18990384615384615
0 0.31850961538461536 0.75 0.16346153846153846 0.18990384615384615