0 0.5252403846153846 0.5504807692307693 0.18509615384615385 0.22596153846153846
0 0.3125 0.1346153846153846 0.18269230769230768 0.20673076923076922
0 0.24639423076923078 0.30408653846153844 0.18990384615384615 0.21394230769230768
0 0.4098557692307692 0.34975961538461536 0.1875 0.2091346153846154
0 0.7415865384615384 0.7932692307692307 0.16826923076923078 0.1971153846153846
0 0.5456730769230769 0.7475961538461539 0.18990384615384615 0.21394230769230768
0 0.35096153846153844 0.5216346153846154 0.18990384615384615 0.21634615384615385
0 0.19951923076923078 0.48197115384615385 0.1875 0.2091346153846154
0 0.0985576923076923 0.6430288461538461 0.18990384615384615 0.21394230769230768
0 0.39783653846153844 0.7139423076923077 0.18990384615384615 0.21153846153846154
0 0.25 0.6814903846153846 0.18990384615384615 0.21153846153846154