0 0.5336538461538461 0.546875 0.15865384615384615 0.2091346153846154
0 0.25721153846153844 0.16826923076923078 0.15865384615384615 0.18990384615384615
0 0.21875 0.34615384615384615 0.16346153846153846 0.19471153846153846
0 0.3870192307692308 0.36538461538461536 0.16346153846153846 0.18990384615384615
0 0.7848557692307693 0.7512019230769231 0.14423076923076922 0.18028846153846154
0 0.5841346153846154 0.7379807692307693 0.16346153846153846 0.19471153846153846
0 0.3557692307692308 0.5444711538461539 0.16346153846153846 0.1971153846153846
0 0.20072115384615385 0.5288461538461539 0.16346153846153846 0.18990384615384615
0 0.12620192307692307 0.7043269230769231 0.16346153846153846 0.19471153846153846
0 0.4326923076923077 0.7271634615384616 0.1658653846153846 0.19230769230769232
0 0.28125 0.71875 0.1658653846153846 0.19230769230769232