0 0.5949519230769231 0.15865384615384615 0.21153846153846154 0.20192307692307693
0 0.5492788461538461 0.33052884615384615 0.21153846153846154 0.19951923076923078
0 0.3798076923076923 0.375 0.21153846153846154 0.20192307692307693
0 0.4266826923076923 0.19951923076923078 0.2091346153846154 0.19230769230769232
0 0.25600961538461536 0.24879807692307693 0.21394230769230768 0.19951923076923078
0 0.21033653846153846 0.4206730769230769 0.21394230769230768 0.1971153846153846
0 0.24879807692307693 0.5697115384615384 0.2091346153846154 0.18990384615384615
0 0.4170673076923077 0.5240384615384616 0.20673076923076922 0.19471153846153846
0 0.7956730769230769 0.5865384615384616 0.20673076923076922 0.18990384615384615
0 0.7211538461538461 0.2848557692307692 0.21394230769230768 0.1971153846153846
0 0.7572115384615384 0.4375 0.21153846153846154 0.19471153846153846
0 0.5889423076923077 0.48197115384615385 0.20673076923076922 0.19230769230769232
0 0.6237980769230769 0.6286057692307693 0.21394230769230768 0.19230769230769232
0 0.4543269230769231 0.671875 0.20673076923076922 0.1875
0 0.2848557692307692 0.7139423076923077 0.20673076923076922 0.1875