0 0.6911057692307693 0.20072115384615385 0.18028846153846154 0.16826923076923078
0 0.5961538461538461 0.35216346153846156 0.18028846153846154 0.1658653846153846
0 0.4206730769230769 0.34615384615384615 0.18028846153846154 0.16826923076923078
0 0.5180288461538461 0.19110576923076922 0.18028846153846154 0.15865384615384615
0 0.3401442307692308 0.18870192307692307 0.18269230769230768 0.1658653846153846
0 0.24639423076923078 0.3401442307692308 0.18509615384615385 0.16346153846153846
0 0.23918269230769232 0.49278846153846156 0.18028846153846154 0.15625
0 0.41346153846153844 0.49759615384615385 0.1778846153846154 0.16105769230769232
0 0.7572115384615384 0.6694711538461539 0.1778846153846154 0.15384615384615385
0 0.7740384615384616 0.359375 0.18509615384615385 0.16346153846153846
0 0.7644230769230769 0.515625 0.18269230769230768 0.16105769230769232
0 0.5901442307692307 0.5096153846153846 0.1778846153846154 0.15865384615384615
0 0.5805288461538461 0.6586538461538461 0.18509615384615385 0.15865384615384615
0 0.40625 0.6502403846153846 0.18028846153846154 0.15384615384615385
0 0.23197115384615385 0.6418269230769231 0.18028846153846154 0.15384615384615385