0 0.6754807692307693 0.19110576923076922 0.1778846153846154 0.16346153846153846
0 0.5889423076923077 0.3473557692307692 0.1778846153846154 0.16105769230769232
0 0.41346153846153844 0.34975961538461536 0.1778846153846154 0.16346153846153846
0 0.5024038461538461 0.19110576923076922 0.1778846153846154 0.15384615384615385
0 0.3245192307692308 0.19831730769230768 0.18028846153846154 0.16105769230769232
0 0.23798076923076922 0.35336538461538464 0.18269230769230768 0.15865384615384615
0 0.23918269230769232 0.5072115384615384 0.1778846153846154 0.15144230769230768
0 0.41346153846153844 0.5024038461538461 0.17548076923076922 0.15865384615384615
0 0.765625 0.6550480769230769 0.17548076923076922 0.15144230769230768
0 0.7668269230769231 0.3449519230769231 0.18269230769230768 0.15865384615384615
0 0.7644230769230769 0.5012019230769231 0.18028846153846154 0.15625
0 0.5901442307692307 0.5048076923076923 0.17548076923076922 0.15625
0 0.5889423076923077 0.6550480769230769 0.18269230769230768 0.15384615384615385
0 0.41346153846153844 0.6550480769230769 0.1778846153846154 0.14903846153846154
0 0.23918269230769232 0.65625 0.1778846153846154 0.14903846153846154