0 0.8990384615384616 0.5625 0.09615384615384616 0.09134615384615384
0 0.8173076923076923 0.7211538461538461 0.3317307692307692 0.2932692307692308
0 0.6442307692307693 0.4579326923076923 0.09615384615384616 0.07211538461538461
0 0.7103365384615384 0.5564903846153846 0.18990384615384615 0.19471153846153846
0 0.5384615384615384 0.5528846153846154 0.19230769230769232 0.1971153846153846
0 0.49158653846153844 0.4423076923076923 0.13221153846153846 0.0985576923076923
0 0.4651442307692308 0.3425480769230769 0.11057692307692307 0.13701923076923078
0 0.38822115384615385 0.45913461538461536 0.12259615384615384 0.13942307692307693
0 0.3942307692307692 0.6021634615384616 0.16826923076923078 0.1875
0 0.27884615384615385 0.6610576923076923 0.1346153846153846 0.10576923076923077
0 0.27283653846153844 0.5949519230769231 0.09134615384615384 0.06971153846153846
0 0.42788461538461536 0.8028846153846154 0.20432692307692307 0.25
0 0.6033653846153846 0.4074519230769231 0.07451923076923077 0.07451923076923077
0 0.28125 0.8305288461538461 0.23317307692307693 0.28365384615384615
0 0.5877403846153846 0.7439903846153846 0.21394230769230768 0.2764423076923077