0 0.8305288461538461 0.7307692307692307 0.09615384615384616 0.0889423076923077
0 0.6887019230769231 0.8377403846153846 0.3245192307692308 0.28365384615384615
0 0.6478365384615384 0.5252403846153846 0.09615384615384616 0.06971153846153846
0 0.6634615384615384 0.6430288461538461 0.18509615384615385 0.19230769230769232
0 0.5108173076923077 0.5637019230769231 0.18990384615384615 0.19230769230769232
0 0.5180288461538461 0.44471153846153844 0.12980769230769232 0.09615384615384616
0 0.5384615384615384 0.34375 0.10817307692307693 0.1346153846153846
0 0.4170673076923077 0.41346153846153844 0.1201923076923077 0.13701923076923078
0 0.3605769230769231 0.5456730769230769 0.16346153846153846 0.18509615384615385
0 0.23076923076923078 0.5480769230769231 0.13221153846153846 0.10096153846153846
0 0.2536057692307692 0.4855769230769231 0.09134615384615384 0.0673076923076923
0 0.30288461538461536 0.7403846153846154 0.1971153846153846 0.24759615384615385
0 0.6334134615384616 0.46153846153846156 0.07451923076923077 0.07211538461538461
0 0.15865384615384615 0.7019230769230769 0.22596153846153846 0.27884615384615385
0 0.4723557692307692 0.7584134615384616 0.20673076923076922 0.27163461538461536