0 0.8653846153846154 0.6706730769230769 0.08413461538461539 0.07692307692307693
0 0.7439903846153846 0.7992788461538461 0.29086538461538464 0.2403846153846154
0 0.6502403846153846 0.4987980769230769 0.0889423076923077 0.055288461538461536
0 0.6862980769230769 0.6117788461538461 0.15865384615384615 0.16826923076923078
0 0.5216346153846154 0.5612980769230769 0.16346153846153846 0.16826923076923078
0 0.5084134615384616 0.4423076923076923 0.1201923076923077 0.07692307692307693
0 0.5108173076923077 0.3389423076923077 0.0889423076923077 0.12259615384615384
0 0.40384615384615385 0.42908653846153844 0.10096153846153846 0.12259615384615384
0 0.3701923076923077 0.5685096153846154 0.13701923076923078 0.1658653846153846
0 0.24278846153846154 0.5949519230769231 0.1201923076923077 0.08413461538461539
0 0.2548076923076923 0.5288461538461539 0.08413461538461539 0.052884615384615384
0 0.3473557692307692 0.7716346153846154 0.16346153846153846 0.22355769230769232
0 0.625 0.43990384615384615 0.06490384615384616 0.0625
0 0.19831730769230768 0.7572115384615384 0.1875 0.2548076923076923
0 0.5168269230769231 0.7596153846153846 0.16826923076923078 0.25