0 0.8978365384615384 0.5697115384615384 0.09615384615384616 0.09134615384615384
0 0.8137019230769231 0.7259615384615384 0.3293269230769231 0.28846153846153844
0 0.6454326923076923 0.46033653846153844 0.09615384615384616 0.07211538461538461
0 0.7091346153846154 0.5600961538461539 0.1875 0.19471153846153846
0 0.5372596153846154 0.5528846153846154 0.19230769230769232 0.19471153846153846
0 0.49278846153846156 0.4423076923076923 0.12980769230769232 0.09615384615384616
0 0.46875 0.3425480769230769 0.10817307692307693 0.13701923076923078
0 0.3894230769230769 0.4567307692307692 0.1201923076923077 0.13942307692307693
0 0.3918269230769231 0.5997596153846154 0.1658653846153846 0.1875
0 0.2764423076923077 0.6574519230769231 0.13221153846153846 0.10336538461538461
0 0.2704326923076923 0.5913461538461539 0.09134615384615384 0.0673076923076923
0 0.4230769230769231 0.8016826923076923 0.20192307692307693 0.24759615384615385
0 0.6045673076923077 0.40865384615384615 0.07451923076923077 0.07211538461538461
0 0.27524038461538464 0.8269230769230769 0.2283653846153846 0.28125
0 0.5841346153846154 0.7463942307692307 0.2091346153846154 0.27403846153846156