0 0.765625 0.2403846153846154 0.1466346153846154 0.11057692307692307
0 0.5516826923076923 0.171875 0.1466346153846154 0.10336538461538461
0 0.5300480769230769 0.31009615384615385 0.22596153846153846 0.1875
0 0.5348557692307693 0.5300480769230769 0.2692307692307692 0.27884615384615385
0 0.8088942307692307 0.3713942307692308 0.17067307692307693 0.19471153846153846
0 0.8112980769230769 0.5673076923076923 0.13942307692307693 0.27163461538461536
0 0.37259615384615385 0.71875 0.1201923076923077 0.22355769230769232
0 0.7067307692307693 0.7908653846153846 0.15865384615384615 0.22596153846153846
0 0.265625 0.07091346153846154 0.15384615384615385 0.10336538461538461
0 0.203125 0.24639423076923078 0.2403846153846154 0.2644230769230769
0 0.234375 0.6706730769230769 0.2644230769230769 0.2283653846153846
0 0.25240384615384615 0.484375 0.24519230769230768 0.2692307692307692