0 0.7980769230769231 0.2800480769230769 0.15865384615384615 0.12740384615384615
0 0.5973557692307693 0.18269230769230768 0.15865384615384615 0.12259615384615384
0 0.5564903846153846 0.3161057692307692 0.24519230769230768 0.21394230769230768
0 0.5300480769230769 0.5336538461538461 0.3004807692307692 0.31009615384615385
0 0.8233173076923077 0.41586538461538464 0.19471153846153846 0.21394230769230768
0 0.7992788461538461 0.609375 0.17307692307692307 0.28365384615384615
0 0.34375 0.6983173076923077 0.14903846153846154 0.23557692307692307
0 0.6634615384615384 0.8173076923076923 0.18509615384615385 0.24278846153846154
0 0.3269230769230769 0.051682692307692304 0.16346153846153846 0.10336538461538461
0 0.24158653846153846 0.20673076923076922 0.27163461538461536 0.29086538461538464
0 0.21394230769230768 0.6322115384615384 0.28846153846153844 0.25961538461538464
0 0.25721153846153844 0.45072115384615385 0.27884615384615385 0.2980769230769231