0 0.8137019230769231 0.3016826923076923 0.16346153846153846 0.13701923076923078
0 0.6189903846153846 0.18990384615384615 0.16105769230769232 0.12980769230769232
0 0.5697115384615384 0.32091346153846156 0.2548076923076923 0.22596153846153846
0 0.5276442307692307 0.5360576923076923 0.31490384615384615 0.3245192307692308
0 0.8293269230769231 0.4387019230769231 0.20432692307692307 0.22355769230769232
0 0.7908653846153846 0.6298076923076923 0.18990384615384615 0.28846153846153844
0 0.33052884615384615 0.6875 0.16105769230769232 0.2403846153846154
0 0.640625 0.828125 0.1971153846153846 0.25
0 0.3605769230769231 0.04927884615384615 0.16826923076923078 0.0985576923076923
0 0.2620192307692308 0.18990384615384615 0.2860576923076923 0.30288461538461536
0 0.20552884615384615 0.6117788461538461 0.3004807692307692 0.27403846153846156
0 0.2620192307692308 0.4338942307692308 0.29086538461538464 0.3076923076923077