0 0.8028846153846154 0.2848557692307692 0.16105769230769232 0.12980769230769232
0 0.6033653846153846 0.18389423076923078 0.15865384615384615 0.12259615384615384
0 0.5600961538461539 0.3173076923076923 0.24759615384615385 0.21634615384615385
0 0.5300480769230769 0.5348557692307693 0.30528846153846156 0.31490384615384615
0 0.8245192307692307 0.421875 0.1971153846153846 0.21634615384615385
0 0.7980769230769231 0.6153846153846154 0.1778846153846154 0.28365384615384615
0 0.3401442307692308 0.6959134615384616 0.15144230769230768 0.23557692307692307
0 0.6586538461538461 0.8197115384615384 0.18990384615384615 0.24519230769230768
0 0.33533653846153844 0.05048076923076923 0.1658653846153846 0.10096153846153846
0 0.24639423076923078 0.203125 0.2764423076923077 0.2932692307692308
0 0.21153846153846154 0.6262019230769231 0.29086538461538464 0.2644230769230769
0 0.25841346153846156 0.44591346153846156 0.28125 0.3004807692307692