0 0.5216346153846154 0.20192307692307693 0.06490384615384616 0.0625
0 0.5072115384615384 0.27283653846153844 0.11538461538461539 0.11538461538461539
0 0.6310096153846154 0.29086538461538464 0.12740384615384615 0.12740384615384615
0 0.3737980769230769 0.24519230769230768 0.10096153846153846 0.11057692307692307
0 0.36899038461538464 0.35336538461538464 0.18028846153846154 0.14903846153846154
0 0.49278846153846156 0.390625 0.125 0.15384615384615385
0 0.34975961538461536 0.46875 0.17548076923076922 0.1466346153846154
0 0.47716346153846156 0.5276442307692307 0.1201923076923077 0.15384615384615385
0 0.43509615384615385 0.6442307692307693 0.1778846153846154 0.14423076923076922
0 0.4206730769230769 0.7572115384615384 0.17548076923076922 0.14423076923076922
0 0.2860576923076923 0.7223557692307693 0.1201923076923077 0.15865384615384615
0 0.2932692307692308 0.5877403846153846 0.12259615384615384 0.15144230769230768
0 0.17908653846153846 0.31850961538461536 0.08653846153846154 0.07211538461538461
0 0.18990384615384615 0.3858173076923077 0.11298076923076923 0.0889423076923077
0 0.1778846153846154 0.4735576923076923 0.16346153846153846 0.14182692307692307
0 0.16466346153846154 0.5841346153846154 0.17307692307692307 0.15144230769230768
0 0.13822115384615385 0.6862980769230769 0.1658653846153846 0.14182692307692307
0 0.040865384615384616 0.5829326923076923 0.08173076923076923 0.17548076923076922
0 0.03485576923076923 0.6935096153846154 0.06971153846153846 0.0985576923076923
0 0.6117788461538461 0.3918269230769231 0.1201923076923077 0.11298076923076923
0 0.7271634615384616 0.44350961538461536 0.1346153846153846 0.12980769230769232
0 0.734375 0.36658653846153844 0.0673076923076923 0.0625
0 0.7103365384615384 0.546875 0.08653846153846154 0.11538461538461539
0 0.7980769230769231 0.5576923076923077 0.12259615384615384 0.07692307692307693
0 0.7884615384615384 0.6334134615384616 0.10336538461538461 0.1201923076923077
0 0.7079326923076923 0.6646634615384616 0.09134615384615384 0.14903846153846154
0 0.5757211538461539 0.5036057692307693 0.12259615384615384 0.16346153846153846
0 0.5649038461538461 0.6418269230769231 0.12740384615384615 0.15865384615384615
0 0.5516826923076923 0.7740384615384616 0.12740384615384615 0.15144230769230768
0 0.6634615384615384 0.7932692307692307 0.11538461538461539 0.15144230769230768
0 0.8894230769230769 0.6947115384615384 0.07932692307692307 0.0673076923076923
0 0.8978365384615384 0.7536057692307693 0.125 0.08413461538461539
0 0.7884615384615384 0.7175480769230769 0.12740384615384615 0.0889423076923077
0 0.7451923076923077 0.8088942307692307 0.10576923076923077 0.15144230769230768
0 0.8918269230769231 0.8173076923076923 0.11298076923076923 0.0889423076923077
0 0.8329326923076923 0.8677884615384616 0.08653846153846154 0.10576923076923077