0 0.5108173076923077 0.20192307692307693 0.0625 0.0625
0 0.5 0.27283653846153844 0.11298076923076923 0.11298076923076923
0 0.6225961538461539 0.2860576923076923 0.125 0.125
0 0.3641826923076923 0.25 0.09615384615384616 0.10817307692307693
0 0.3641826923076923 0.3581730769230769 0.1778846153846154 0.14423076923076922
0 0.4891826923076923 0.390625 0.1201923076923077 0.15144230769230768
0 0.3485576923076923 0.47475961538461536 0.17307692307692307 0.14182692307692307
0 0.47836538461538464 0.5276442307692307 0.11538461538461539 0.15144230769230768
0 0.43990384615384615 0.6466346153846154 0.17548076923076922 0.13942307692307693
0 0.43028846153846156 0.7596153846153846 0.17067307692307693 0.13942307692307693
0 0.2932692307692308 0.7295673076923077 0.11778846153846154 0.15625
0 0.296875 0.5949519230769231 0.11778846153846154 0.14903846153846154
0 0.171875 0.33052884615384615 0.08653846153846154 0.06971153846153846
0 0.18629807692307693 0.39663461538461536 0.11057692307692307 0.08653846153846154
0 0.17668269230769232 0.484375 0.15865384615384615 0.13942307692307693
0 0.16826923076923078 0.5949519230769231 0.17067307692307693 0.1466346153846154
0 0.14543269230769232 0.6983173076923077 0.16346153846153846 0.13701923076923078
0 0.042067307692307696 0.5997596153846154 0.08413461538461539 0.17548076923076922
0 0.038461538461538464 0.7115384615384616 0.07692307692307693 0.09615384615384616
0 0.6069711538461539 0.38822115384615385 0.11778846153846154 0.11057692307692307
0 0.7247596153846154 0.4362980769230769 0.13221153846153846 0.12740384615384615
0 0.7295673076923077 0.3581730769230769 0.06490384615384616 0.06009615384615385
0 0.7115384615384616 0.5396634615384616 0.08413461538461539 0.11298076923076923
0 0.7992788461538461 0.546875 0.1201923076923077 0.07451923076923077
0 0.7932692307692307 0.6237980769230769 0.10096153846153846 0.11778846153846154
0 0.7139423076923077 0.6574519230769231 0.0889423076923077 0.14903846153846154
0 0.5757211538461539 0.5012019230769231 0.11778846153846154 0.16105769230769232
0 0.5697115384615384 0.6394230769230769 0.125 0.15625
0 0.5600961538461539 0.7716346153846154 0.12259615384615384 0.1466346153846154
0 0.6742788461538461 0.7872596153846154 0.11057692307692307 0.15144230769230768
0 0.8966346153846154 0.6814903846153846 0.07692307692307693 0.06490384615384616
0 0.90625 0.7403846153846154 0.125 0.08173076923076923
0 0.7956730769230769 0.7067307692307693 0.125 0.08653846153846154
0 0.7560096153846154 0.8004807692307693 0.10096153846153846 0.14903846153846154
0 0.9026442307692307 0.8028846153846154 0.11057692307692307 0.08653846153846154
0 0.8461538461538461 0.8557692307692307 0.08413461538461539 0.10336538461538461