0 0.49038461538461536 0.20192307692307693 0.06009615384615385 0.057692307692307696
0 0.484375 0.27403846153846156 0.10576923076923077 0.10817307692307693
0 0.6081730769230769 0.2776442307692308 0.11778846153846154 0.11778846153846154
0 0.3473557692307692 0.2608173076923077 0.09134615384615384 0.10336538461538461
0 0.3545673076923077 0.36778846153846156 0.17067307692307693 0.1346153846153846
0 0.4807692307692308 0.3918269230769231 0.11298076923076923 0.1466346153846154
0 0.3473557692307692 0.4855769230769231 0.1658653846153846 0.13221153846153846
0 0.4795673076923077 0.5288461538461539 0.10817307692307693 0.1466346153846154
0 0.45072115384615385 0.6502403846153846 0.17067307692307693 0.12980769230769232
0 0.4483173076923077 0.7644230769230769 0.1658653846153846 0.12980769230769232
0 0.31009615384615385 0.7439903846153846 0.10817307692307693 0.15144230769230768
0 0.30408653846153844 0.6081730769230769 0.11057692307692307 0.14423076923076922
0 0.16105769230769232 0.35336538461538464 0.08173076923076923 0.06490384615384616
0 0.18028846153846154 0.41947115384615385 0.10817307692307693 0.07932692307692307
0 0.17668269230769232 0.5072115384615384 0.15384615384615385 0.12980769230769232
0 0.17548076923076922 0.6177884615384616 0.16346153846153846 0.13701923076923078
0 0.15985576923076922 0.7223557692307693 0.15865384615384615 0.12740384615384615
0 0.04326923076923077 0.6334134615384616 0.08653846153846154 0.17067307692307693
0 0.04567307692307692 0.7439903846153846 0.09134615384615384 0.0889423076923077
0 0.5997596153846154 0.38100961538461536 0.11298076923076923 0.10336538461538461
0 0.7199519230769231 0.4206730769230769 0.125 0.1201923076923077
0 0.7199519230769231 0.3425480769230769 0.0625 0.055288461538461536
0 0.7139423076923077 0.5252403846153846 0.07692307692307693 0.11057692307692307
0 0.8016826923076923 0.5252403846153846 0.11778846153846154 0.0673076923076923
0 0.8004807692307693 0.6033653846153846 0.09375 0.11298076923076923
0 0.7247596153846154 0.6418269230769231 0.07932692307692307 0.1466346153846154
0 0.5757211538461539 0.4963942307692308 0.10817307692307693 0.15625
0 0.5793269230769231 0.6334134615384616 0.11538461538461539 0.15144230769230768
0 0.5793269230769231 0.7668269230769231 0.11538461538461539 0.14182692307692307
0 0.6935096153846154 0.7740384615384616 0.10336538461538461 0.1466346153846154
0 0.9086538461538461 0.6526442307692307 0.07451923076923077 0.06009615384615385
0 0.9230769230769231 0.7115384615384616 0.1201923076923077 0.07451923076923077
0 0.8088942307692307 0.6862980769230769 0.12259615384615384 0.07932692307692307
0 0.7764423076923077 0.78125 0.09375 0.14423076923076922
0 0.9230769230769231 0.7740384615384616 0.10817307692307693 0.07932692307692307
0 0.8701923076923077 0.8317307692307693 0.07932692307692307 0.10096153846153846