0 0.4182692307692308 0.2127403846153846 0.0625 0.06009615384615385
0 0.42908653846153844 0.28365384615384615 0.10817307692307693 0.11057692307692307
0 0.5504807692307693 0.25841346153846156 0.12259615384615384 0.12259615384615384
0 0.29447115384615385 0.30408653846153844 0.09375 0.10576923076923077
0 0.3269230769230769 0.40625 0.17307692307692307 0.13942307692307693
0 0.45552884615384615 0.39903846153846156 0.11778846153846154 0.14903846153846154
0 0.3473557692307692 0.5228365384615384 0.16826923076923078 0.13701923076923078
0 0.4879807692307692 0.5336538461538461 0.11298076923076923 0.14903846153846154
0 0.4879807692307692 0.6586538461538461 0.17307692307692307 0.1346153846153846
0 0.5132211538461539 0.7692307692307693 0.16826923076923078 0.1346153846153846
0 0.375 0.7824519230769231 0.11298076923076923 0.15384615384615385
0 0.33533653846153844 0.6526442307692307 0.11298076923076923 0.1466346153846154
0 0.13581730769230768 0.43990384615384615 0.08413461538461539 0.0673076923076923
0 0.16947115384615385 0.4987980769230769 0.11057692307692307 0.08413461538461539
0 0.1875 0.5853365384615384 0.15625 0.1346153846153846
0 0.21394230769230768 0.6935096153846154 0.1658653846153846 0.14182692307692307
0 0.22355769230769232 0.7980769230769231 0.16105769230769232 0.13221153846153846
0 0.08413461538461539 0.7403846153846154 0.10096153846153846 0.17307692307692307
0 0.10336538461538461 0.8521634615384616 0.125 0.09134615384615384
0 0.5673076923076923 0.3605769230769231 0.11538461538461539 0.10817307692307693
0 0.6935096153846154 0.36899038461538464 0.12980769230769232 0.12259615384615384
0 0.6754807692307693 0.29447115384615385 0.06490384615384616 0.057692307692307696
0 0.7139423076923077 0.4723557692307692 0.08173076923076923 0.11057692307692307
0 0.7992788461538461 0.4519230769230769 0.1201923076923077 0.06971153846153846
0 0.8173076923076923 0.5276442307692307 0.0985576923076923 0.11538461538461539
0 0.7524038461538461 0.5829326923076923 0.08413461538461539 0.1466346153846154
0 0.5721153846153846 0.47716346153846156 0.11298076923076923 0.15865384615384615
0 0.609375 0.6105769230769231 0.1201923076923077 0.15384615384615385
0 0.6418269230769231 0.7403846153846154 0.11778846153846154 0.14423076923076922
0 0.7536057692307693 0.71875 0.10817307692307693 0.14903846153846154
0 0.9326923076923077 0.5492788461538461 0.07692307692307693 0.0625
0 0.9495192307692307 0.6009615384615384 0.10096153846153846 0.07692307692307693
0 0.8449519230769231 0.6057692307692307 0.12259615384615384 0.08173076923076923
0 0.8365384615384616 0.7067307692307693 0.0985576923076923 0.1466346153846154
0 0.9603365384615384 0.6622596153846154 0.07932692307692307 0.08413461538461539
0 0.9387019230769231 0.7319711538461539 0.08173076923076923 0.10336538461538461