0 0.171875 0.10216346153846154 0.25240384615384615 0.20432692307692307
0 0.4375 0.12980769230769232 0.3245192307692308 0.24759615384615385
0 0.13341346153846154 0.3016826923076923 0.24278846153846154 0.23557692307692307
0 0.4026442307692308 0.34615384615384615 0.3245192307692308 0.2548076923076923
0 0.11177884615384616 0.5108173076923077 0.22355769230769232 0.25240384615384615
0 0.0889423076923077 0.7175480769230769 0.1778846153846154 0.23798076923076922
0 0.3605769230769231 0.5576923076923077 0.31971153846153844 0.25721153846153844
0 0.6971153846153846 0.1778846153846154 0.2620192307692308 0.25961538461538464
0 0.9134615384615384 0.1875 0.17307692307692307 0.27403846153846156
0 0.6670673076923077 0.39302884615384615 0.27403846153846156 0.25721153846153844
0 0.8942307692307693 0.4362980769230769 0.21153846153846154 0.2764423076923077
0 0.8725961538461539 0.6802884615384616 0.24278846153846154 0.2692307692307692
0 0.3245192307692308 0.7620192307692307 0.3317307692307692 0.2548076923076923
0 0.5576923076923077 0.8497596153846154 0.3605769230769231 0.1875
0 0.6298076923076923 0.6021634615384616 0.27403846153846156 0.24759615384615385