0 0.125 0.12860576923076922 0.23076923076923078 0.21394230769230768
0 0.3918269230769231 0.140625 0.30288461538461536 0.21394230769230768
0 0.11177884615384616 0.3485576923076923 0.22115384615384615 0.21153846153846154
0 0.38461538461538464 0.359375 0.30288461538461536 0.22115384615384615
0 0.10817307692307693 0.5612980769230769 0.21634615384615385 0.2283653846153846
0 0.09735576923076923 0.7692307692307693 0.19471153846153846 0.21634615384615385
0 0.36899038461538464 0.5745192307692307 0.2980769230769231 0.22355769230769232
0 0.65625 0.15625 0.23557692307692307 0.23317307692307693
0 0.8990384615384616 0.13581730769230768 0.20192307692307693 0.25240384615384615
0 0.6526442307692307 0.37259615384615385 0.25 0.2283653846153846
0 0.8942307692307693 0.3870192307692308 0.21153846153846154 0.2548076923076923
0 0.8918269230769231 0.6334134615384616 0.21394230769230768 0.24759615384615385
0 0.3581730769230769 0.78125 0.31009615384615385 0.21875
0 0.5997596153846154 0.8401442307692307 0.3485576923076923 0.1466346153846154
0 0.6418269230769231 0.5853365384615384 0.25 0.21875