0 0.8149038461538461 0.45552884615384615 0.15144230769230768 0.24519230769230768
0 0.7019230769230769 0.25721153846153844 0.2091346153846154 0.17548076923076922
0 0.6021634615384616 0.41346153846153844 0.3557692307692308 0.27403846153846156
0 0.5372596153846154 0.24158653846153846 0.15384615384615385 0.12980769230769232
0 0.36538461538461536 0.2512019230769231 0.23557692307692307 0.1875
0 0.3473557692307692 0.3954326923076923 0.21394230769230768 0.17307692307692307
0 0.39903846153846156 0.6502403846153846 0.25 0.36778846153846156
0 0.5793269230769231 0.5853365384615384 0.15865384615384615 0.15144230769230768
0 0.7367788461538461 0.6262019230769231 0.21394230769230768 0.16826923076923078
0 0.6418269230769231 0.7860576923076923 0.34615384615384615 0.2692307692307692
0 0.18870192307692307 0.7211538461538461 0.21875 0.1778846153846154
0 0.265625 0.5516826923076923 0.15384615384615385 0.22115384615384615