0 0.7944711538461539 0.3798076923076923 0.11298076923076923 0.23076923076923078
0 0.6370192307692307 0.21634615384615385 0.18990384615384615 0.1466346153846154
0 0.578125 0.3918269230769231 0.3245192307692308 0.22596153846153846
0 0.4735576923076923 0.2403846153846154 0.13701923076923078 0.10817307692307693
0 0.3088942307692308 0.29086538461538464 0.21394230769230768 0.15384615384615385
0 0.3269230769230769 0.43509615384615385 0.19471153846153846 0.14423076923076922
0 0.4387019230769231 0.6706730769230769 0.1971153846153846 0.34375
0 0.5973557692307693 0.5637019230769231 0.13942307692307693 0.13221153846153846
0 0.7608173076923077 0.5649038461538461 0.19471153846153846 0.13942307692307693
0 0.7067307692307693 0.7427884615384616 0.3173076923076923 0.21875
0 0.2512019230769231 0.7896634615384616 0.19951923076923078 0.1466346153846154
0 0.2848557692307692 0.6069711538461539 0.12259615384615384 0.20673076923076922