0 0.7848557692307693 0.3605769230769231 0.12980769230769232 0.23798076923076922
0 0.6165865384615384 0.20793269230769232 0.19951923076923078 0.15865384615384615
0 0.5697115384615384 0.3858173076923077 0.3389423076923077 0.24519230769230768
0 0.45552884615384615 0.24278846153846154 0.14423076923076922 0.11778846153846154
0 0.29447115384615385 0.30528846153846156 0.22355769230769232 0.16826923076923078
0 0.3233173076923077 0.44711538461538464 0.20432692307692307 0.15625
0 0.45072115384615385 0.6742788461538461 0.21875 0.35336538461538464
0 0.6009615384615384 0.5564903846153846 0.1466346153846154 0.14182692307692307
0 0.7644230769230769 0.546875 0.20192307692307693 0.15144230769230768
0 0.7235576923076923 0.7283653846153846 0.3293269230769231 0.2403846153846154
0 0.27283653846153844 0.8064903846153846 0.2091346153846154 0.15865384615384615
0 0.2932692307692308 0.6225961538461539 0.13701923076923078 0.21394230769230768