0 0.7980769230769231 0.390625 0.10576923076923077 0.2283653846153846
0 0.6466346153846154 0.22115384615384615 0.18509615384615385 0.13942307692307693
0 0.5817307692307693 0.3942307692307692 0.3173076923076923 0.21394230769230768
0 0.4831730769230769 0.23918269230769232 0.1346153846153846 0.10336538461538461
0 0.3161057692307692 0.2848557692307692 0.2091346153846154 0.1466346153846154
0 0.3293269230769231 0.42908653846153844 0.18990384615384615 0.13701923076923078
0 0.4326923076923077 0.6682692307692307 0.18509615384615385 0.33653846153846156
0 0.5949519230769231 0.5673076923076923 0.1346153846153846 0.12740384615384615
0 0.7584134615384616 0.5745192307692307 0.18990384615384615 0.13221153846153846
0 0.6983173076923077 0.75 0.31009615384615385 0.2091346153846154
0 0.24158653846153846 0.78125 0.19471153846153846 0.13942307692307693
0 0.28125 0.5997596153846154 0.11538461538461539 0.20192307692307693