0 0.7692307692307693 0.33052884615384615 0.15144230769230768 0.24519230769230768
0 0.5853365384615384 0.1971153846153846 0.2091346153846154 0.17548076923076922
0 0.5576923076923077 0.3798076923076923 0.3557692307692308 0.27403846153846156
0 0.42908653846153844 0.24879807692307693 0.15384615384615385 0.12980769230769232
0 0.27524038461538464 0.328125 0.23557692307692307 0.1875
0 0.31850961538461536 0.46634615384615385 0.21394230769230768 0.17307692307692307
0 0.46875 0.6790865384615384 0.25 0.36778846153846156
0 0.6069711538461539 0.5456730769230769 0.15865384615384615 0.15144230769230768
0 0.7680288461538461 0.5192307692307693 0.21394230769230768 0.16826923076923078
0 0.7463942307692307 0.703125 0.34615384615384615 0.2692307692307692
0 0.30528846153846156 0.8293269230769231 0.21875 0.1778846153846154
0 0.30649038461538464 0.6430288461538461 0.15384615384615385 0.22115384615384615