0 0.8064903846153846 0.4170673076923077 0.125 0.23557692307692307
0 0.6706730769230769 0.23557692307692307 0.1971153846153846 0.15384615384615385
0 0.5901442307692307 0.4014423076923077 0.33413461538461536 0.2403846153846154
0 0.5060096153846154 0.23918269230769232 0.14423076923076922 0.11538461538461539
0 0.33533653846153844 0.2692307692307692 0.22115384615384615 0.16346153846153846
0 0.33653846153846156 0.41466346153846156 0.20192307692307693 0.15384615384615385
0 0.4182692307692308 0.6622596153846154 0.21394230769230768 0.35096153846153844
0 0.5889423076923077 0.5757211538461539 0.14423076923076922 0.13942307692307693
0 0.7512019230769231 0.5973557692307693 0.19951923076923078 0.14903846153846154
0 0.6754807692307693 0.7668269230769231 0.3269230769230769 0.23557692307692307
0 0.21754807692307693 0.7572115384615384 0.20673076923076922 0.15625
0 0.27283653846153844 0.5805288461538461 0.13221153846153846 0.21153846153846154