0 0.7091346153846154 0.6923076923076923 0.18269230769230768 0.15384615384615385
0 0.5216346153846154 0.7908653846153846 0.24519230769230768 0.22596153846153846
0 0.4326923076923077 0.4735576923076923 0.23317307692307693 0.21875
0 0.5709134615384616 0.5576923076923077 0.13221153846153846 0.11298076923076923
0 0.14903846153846154 0.5625 0.19230769230769232 0.16105769230769232
0 0.2704326923076923 0.7764423076923077 0.24278846153846154 0.24519230769230768
0 0.2127403846153846 0.453125 0.19230769230769232 0.1466346153846154
0 0.5384615384615384 0.6454326923076923 0.18509615384615385 0.1466346153846154
0 0.7596153846153846 0.8629807692307693 0.25721153846153844 0.23557692307692307
0 0.34615384615384615 0.6009615384615384 0.18509615384615385 0.1466346153846154
0 0.10216346153846154 0.7079326923076923 0.20432692307692307 0.22355769230769232