0 0.7307692307692307 0.6646634615384616 0.17067307692307693 0.13701923076923078
0 0.5564903846153846 0.7860576923076923 0.22596153846153846 0.20432692307692307
0 0.42908653846153844 0.48197115384615385 0.21634615384615385 0.1971153846153846
0 0.578125 0.5480769230769231 0.12259615384615384 0.10096153846153846
0 0.15865384615384615 0.6045673076923077 0.18028846153846154 0.14423076923076922
0 0.30528846153846156 0.8016826923076923 0.22355769230769232 0.22355769230769232
0 0.2091346153846154 0.4879807692307692 0.18269230769230768 0.12740384615384615
0 0.5552884615384616 0.6394230769230769 0.17548076923076922 0.12980769230769232
0 0.8028846153846154 0.8293269230769231 0.2403846153846154 0.21394230769230768
0 0.359375 0.6177884615384616 0.17548076923076922 0.12980769230769232
0 0.12379807692307693 0.7548076923076923 0.20192307692307693 0.20673076923076922