0 0.7704326923076923 0.5853365384615384 0.1778846153846154 0.1466346153846154
0 0.6418269230769231 0.7536057692307693 0.23798076923076922 0.21634615384615385
0 0.42788461538461536 0.5048076923076923 0.22596153846153846 0.2091346153846154
0 0.5889423076923077 0.5216346153846154 0.12740384615384615 0.10817307692307693
0 0.20793269230769232 0.7043269230769231 0.1875 0.15384615384615385
0 0.40865384615384615 0.8473557692307693 0.23557692307692307 0.23557692307692307
0 0.21995192307692307 0.5793269230769231 0.1875 0.13942307692307693
0 0.5961538461538461 0.6165865384615384 0.18269230769230768 0.13942307692307693
0 0.8822115384615384 0.71875 0.23557692307692307 0.22596153846153846
0 0.4026442307692308 0.65625 0.18269230769230768 0.13942307692307693
0 0.22115384615384615 0.859375 0.21153846153846154 0.21634615384615385