0 0.5576923076923077 0.7584134615384616 0.20192307692307693 0.27403846153846156
0 0.53125 0.5504807692307693 0.18028846153846154 0.1875
0 0.546875 0.4423076923076923 0.09134615384615384 0.057692307692307696
0 0.5444711538461539 0.38822115384615385 0.07692307692307693 0.06971153846153846
0 0.4483173076923077 0.41586538461538464 0.1201923076923077 0.13942307692307693
0 0.35096153846153844 0.3954326923076923 0.0889423076923077 0.06490384615384616
0 0.3317307692307692 0.3389423076923077 0.07692307692307693 0.0673076923076923
0 0.24879807692307693 0.4074519230769231 0.09375 0.1346153846153846
0 0.20673076923076922 0.5913461538461539 0.18269230769230768 0.22596153846153846
0 0.22235576923076922 0.8197115384615384 0.23798076923076922 0.2932692307692308
0 0.3701923076923077 0.5949519230769231 0.15865384615384615 0.1875
0 0.34134615384615385 0.46875 0.13221153846153846 0.10096153846153846
0 0.3798076923076923 0.8028846153846154 0.20192307692307693 0.2620192307692308