0 0.10216346153846154 0.08774038461538461 0.17067307692307693 0.17548076923076922
0 0.0829326923076923 0.29927884615384615 0.15865384615384615 0.23798076923076922
0 0.38221153846153844 0.11177884615384616 0.4182692307692308 0.22355769230769232
0 0.25961538461538464 0.31971153846153844 0.20432692307692307 0.24278846153846154
0 0.4543269230769231 0.3389423076923077 0.2091346153846154 0.24519230769230768
0 0.08413461538461539 0.5276442307692307 0.16826923076923078 0.2283653846153846
0 0.36778846153846156 0.5504807692307693 0.42788461538461536 0.23798076923076922
0 0.65625 0.33653846153846156 0.22596153846153846 0.25721153846153844
0 0.06850961538461539 0.7584134615384616 0.13701923076923078 0.2283653846153846
0 0.22956730769230768 0.7692307692307693 0.21153846153846154 0.23798076923076922
0 0.4266826923076923 0.7788461538461539 0.21394230769230768 0.24759615384615385
0 0.7920673076923077 0.12259615384615384 0.41586538461538464 0.23557692307692307
0 0.8822115384615384 0.3401442307692308 0.21634615384615385 0.24759615384615385
0 0.7920673076923077 0.5637019230769231 0.41586538461538464 0.25240384615384615
0 0.6598557692307693 0.7932692307692307 0.21394230769230768 0.24519230769230768
0 0.8653846153846154 0.8088942307692307 0.21153846153846154 0.24759615384615385