0 0.14783653846153846 0.07211538461538461 0.18990384615384615 0.14423076923076922
0 0.10697115384615384 0.25600961538461536 0.18028846153846154 0.25
0 0.42427884615384615 0.11658653846153846 0.43509615384615385 0.23317307692307693
0 0.27884615384615385 0.2956730769230769 0.22596153846153846 0.25961538461538464
0 0.47115384615384615 0.33533653846153844 0.23076923076923078 0.2644230769230769
0 0.09014423076923077 0.4831730769230769 0.18028846153846154 0.24519230769230768
0 0.3629807692307692 0.5372596153846154 0.44711538461538464 0.27884615384615385
0 0.6730769230769231 0.35336538461538464 0.25 0.2764423076923077
0 0.0625 0.7115384615384616 0.125 0.2403846153846154
0 0.203125 0.7391826923076923 0.23317307692307693 0.25721153846153844
0 0.39783653846153844 0.7692307692307693 0.23557692307692307 0.2668269230769231
0 0.8064903846153846 0.15625 0.3870192307692308 0.27884615384615385
0 0.8882211538461539 0.38100961538461536 0.22355769230769232 0.2668269230769231
0 0.7836538461538461 0.5925480769230769 0.4326923076923077 0.29086538461538464
0 0.6286057692307693 0.8088942307692307 0.23557692307692307 0.2644230769230769
0 0.8305288461538461 0.8461538461538461 0.23317307692307693 0.2668269230769231