0 0.7572115384615384 0.43149038461538464 0.13701923076923078 0.19230769230769232
0 0.7776442307692307 0.6298076923076923 0.1875 0.24278846153846154
0 0.48197115384615385 0.47475961538461536 0.12980769230769232 0.1778846153846154
0 0.6225961538461539 0.3918269230769231 0.12980769230769232 0.18028846153846154
0 0.34615384615384615 0.2848557692307692 0.13701923076923078 0.18509615384615385
0 0.3449519230769231 0.46033653846153844 0.15384615384615385 0.19230769230769232
0 0.2704326923076923 0.6310096153846154 0.2403846153846154 0.18509615384615385
0 0.45913461538461536 0.6430288461538461 0.15144230769230768 0.16826923076923078
0 0.6021634615384616 0.6670673076923077 0.14423076923076922 0.13221153846153846
0 0.6141826923076923 0.5408653846153846 0.15625 0.14182692307692307
0 0.20432692307692307 0.42427884615384615 0.15865384615384615 0.2403846153846154