0 0.7355769230769231 0.375 0.15865384615384615 0.20432692307692307
0 0.7992788461538461 0.5649038461538461 0.21394230769230768 0.25961538461538464
0 0.47716346153846156 0.4795673076923077 0.14903846153846154 0.18990384615384615
0 0.5949519230769231 0.36778846153846156 0.14903846153846154 0.19230769230769232
0 0.3016826923076923 0.3245192307692308 0.15625 0.1971153846153846
0 0.3389423076923077 0.4963942307692308 0.17307692307692307 0.20673076923076922
0 0.30528846153846156 0.6790865384615384 0.25721153846153844 0.21153846153846154
0 0.49158653846153844 0.6490384615384616 0.17067307692307693 0.18269230769230768
0 0.6370192307692307 0.6394230769230769 0.15625 0.1466346153846154
0 0.6213942307692307 0.5144230769230769 0.17067307692307693 0.15865384615384615
0 0.19471153846153846 0.49278846153846156 0.18509615384615385 0.2548076923076923