0 0.7596153846153846 0.4411057692307692 0.14423076923076922 0.19471153846153846
0 0.7728365384615384 0.6394230769230769 0.19471153846153846 0.24759615384615385
0 0.4831730769230769 0.47475961538461536 0.1346153846153846 0.18028846153846154
0 0.6262019230769231 0.39663461538461536 0.1346153846153846 0.18269230769230768
0 0.3545673076923077 0.2800480769230769 0.14182692307692307 0.1875
0 0.34615384615384615 0.45552884615384615 0.15865384615384615 0.1971153846153846
0 0.265625 0.6225961538461539 0.24519230769230768 0.19230769230769232
0 0.4543269230769231 0.6418269230769231 0.15865384615384615 0.17307692307692307
0 0.5961538461538461 0.6706730769230769 0.1466346153846154 0.13701923076923078
0 0.6129807692307693 0.5444711538461539 0.16105769230769232 0.1466346153846154
0 0.20673076923076922 0.41346153846153844 0.1658653846153846 0.24519230769230768