0 0.7475961538461539 0.40024038461538464 0.13942307692307693 0.19471153846153846
0 0.7908653846153846 0.5949519230769231 0.19230769230769232 0.24519230769230768
0 0.4795673076923077 0.47716346153846156 0.13221153846153846 0.1778846153846154
0 0.6081730769230769 0.37740384615384615 0.13221153846153846 0.18028846153846154
0 0.32091346153846156 0.30528846153846156 0.13942307692307693 0.1875
0 0.34134615384615385 0.4795673076923077 0.15625 0.19471153846153846
0 0.28846153846153844 0.6586538461538461 0.24278846153846154 0.18990384615384615
0 0.47716346153846156 0.6478365384615384 0.15625 0.17067307692307693
0 0.6213942307692307 0.6526442307692307 0.14423076923076922 0.1346153846153846
0 0.6189903846153846 0.5264423076923077 0.15865384615384615 0.14423076923076922
0 0.1971153846153846 0.46033653846153844 0.16346153846153846 0.24278846153846154