0 0.0625 0.22115384615384615 0.125 0.21153846153846154
0 0.0673076923076923 0.4170673076923077 0.1346153846153846 0.19471153846153846
0 0.078125 0.6021634615384616 0.15625 0.18990384615384615
0 0.22956730769230768 0.19471153846153846 0.23076923076923078 0.2091346153846154
0 0.44471153846153844 0.18389423076923078 0.22596153846153846 0.20192307692307693
0 0.65625 0.171875 0.22115384615384615 0.20192307692307693
0 0.24158653846153846 0.3918269230769231 0.2283653846153846 0.1971153846153846
0 0.4567307692307692 0.3786057692307692 0.22115384615384615 0.1971153846153846
0 0.08052884615384616 0.6033653846153846 0.16105769230769232 0.19230769230769232
0 0.25600961538461536 0.5757211538461539 0.22355769230769232 0.19230769230769232
0 0.6935096153846154 0.41225961538461536 0.2283653846153846 0.21153846153846154
0 0.4651442307692308 0.5528846153846154 0.21634615384615385 0.19471153846153846
0 0.09254807692307693 0.7824519230769231 0.15865384615384615 0.19471153846153846
0 0.2704326923076923 0.7560096153846154 0.22355769230769232 0.19951923076923078
0 0.4735576923076923 0.7259615384615384 0.21153846153846154 0.19230769230769232
0 0.6706730769230769 0.6959134615384616 0.20432692307692307 0.18509615384615385
0 0.6730769230769231 0.8353365384615384 0.19471153846153846 0.13701923076923078
0 0.8641826923076923 0.8161057692307693 0.19951923076923078 0.13701923076923078
0 0.8629807692307693 0.6766826923076923 0.20673076923076922 0.17548076923076922
0 0.8581730769230769 0.5084134615384616 0.21634615384615385 0.1875
0 0.8617788461538461 0.14302884615384615 0.22115384615384615 0.20432692307692307
0 0.8641826923076923 0.328125 0.21153846153846154 0.18990384615384615