0 0.06129807692307692 0.22956730769230768 0.12259615384615384 0.21394230769230768
0 0.0673076923076923 0.4254807692307692 0.1346153846153846 0.1971153846153846
0 0.08052884615384616 0.609375 0.15865384615384615 0.19230769230769232
0 0.22355769230769232 0.19951923076923078 0.23557692307692307 0.21394230769230768
0 0.4387019230769231 0.18389423076923078 0.2283653846153846 0.20432692307692307
0 0.6514423076923077 0.16947115384615385 0.22355769230769232 0.20432692307692307
0 0.2403846153846154 0.39663461538461536 0.23076923076923078 0.20192307692307693
0 0.4543269230769231 0.3798076923076923 0.22355769230769232 0.19951923076923078
0 0.0829326923076923 0.6105769230769231 0.16346153846153846 0.19471153846153846
0 0.25721153846153844 0.5805288461538461 0.22596153846153846 0.19471153846153846
0 0.6923076923076923 0.40865384615384615 0.23076923076923078 0.21394230769230768
0 0.46634615384615385 0.5540865384615384 0.21875 0.1971153846153846
0 0.09735576923076923 0.7896634615384616 0.16105769230769232 0.1971153846153846
0 0.27524038461538464 0.7596153846153846 0.22596153846153846 0.20192307692307693
0 0.47716346153846156 0.7259615384615384 0.21394230769230768 0.19471153846153846
0 0.6730769230769231 0.6923076923076923 0.20673076923076922 0.18990384615384615
0 0.6790865384615384 0.8317307692307693 0.1971153846153846 0.14182692307692307
0 0.8701923076923077 0.8100961538461539 0.20192307692307693 0.14182692307692307
0 0.8665865384615384 0.6706730769230769 0.2091346153846154 0.18028846153846154
0 0.8581730769230769 0.5024038461538461 0.21875 0.18990384615384615
0 0.8557692307692307 0.13701923076923078 0.22596153846153846 0.20673076923076922
0 0.8605769230769231 0.32091346153846156 0.21394230769230768 0.19230769230769232