0 0.05048076923076923 0.29447115384615385 0.10096153846153846 0.2283653846153846
0 0.07091346153846154 0.4879807692307692 0.14182692307692307 0.21153846153846154
0 0.09975961538461539 0.6670673076923077 0.18028846153846154 0.2091346153846154
0 0.18509615384615385 0.2403846153846154 0.25721153846153844 0.23798076923076922
0 0.3954326923076923 0.19591346153846154 0.25 0.23076923076923078
0 0.6033653846153846 0.15144230769230768 0.24519230769230768 0.23076923076923078
0 0.2283653846153846 0.4326923076923077 0.25240384615384615 0.22596153846153846
0 0.4387019230769231 0.3870192307692308 0.24519230769230768 0.22596153846153846
0 0.10216346153846154 0.6670673076923077 0.1875 0.21153846153846154
0 0.2704326923076923 0.6129807692307693 0.24519230769230768 0.22115384615384615
0 0.6778846153846154 0.38221153846153844 0.25240384615384615 0.2403846153846154
0 0.4735576923076923 0.5576923076923077 0.2403846153846154 0.22115384615384615
0 0.14182692307692307 0.8425480769230769 0.18509615384615385 0.21394230769230768
0 0.3137019230769231 0.7884615384615384 0.24759615384615385 0.2283653846153846
0 0.5096153846153846 0.7271634615384616 0.23557692307692307 0.21875
0 0.6983173076923077 0.6658653846153846 0.22596153846153846 0.21153846153846154
0 0.7235576923076923 0.8040865384615384 0.21153846153846154 0.16346153846153846
0 0.9002403846153846 0.7560096153846154 0.19951923076923078 0.1658653846153846
0 0.8858173076923077 0.6177884615384616 0.22596153846153846 0.20192307692307693
0 0.8557692307692307 0.4519230769230769 0.23798076923076922 0.21394230769230768
0 0.8016826923076923 0.10336538461538461 0.24759615384615385 0.20673076923076922
0 0.8329326923076923 0.27283653846153844 0.23317307692307693 0.21634615384615385