0 0.1045673076923077 0.19230769230769232 0.2091346153846154 0.32211538461538464
0 0.3161057692307692 0.16466346153846154 0.29086538461538464 0.32211538461538464
0 0.5913461538461539 0.14783653846153846 0.27884615384615385 0.2956730769230769
0 0.8401442307692307 0.1310096153846154 0.2668269230769231 0.2620192307692308
0 0.12259615384615384 0.4831730769230769 0.24519230769230768 0.3317307692307692
0 0.36177884615384615 0.46153846153846156 0.2956730769230769 0.3293269230769231
0 0.6358173076923077 0.421875 0.29086538461538464 0.31971153846153844
0 0.8834134615384616 0.39903846153846156 0.23317307692307693 0.32211538461538464
0 0.14182692307692307 0.7680288461538461 0.25961538461538464 0.3004807692307692
0 0.38461538461538464 0.7512019230769231 0.2956730769230769 0.3245192307692308
0 0.6526442307692307 0.7271634615384616 0.2956730769230769 0.34375
0 0.8966346153846154 0.7151442307692307 0.20673076923076922 0.3293269230769231