0 0.13822115384615385 0.140625 0.24759615384615385 0.28125
0 0.3762019230769231 0.1466346153846154 0.28125 0.2932692307692308
0 0.6538461538461539 0.15985576923076922 0.2692307692307692 0.3076923076923077
0 0.8882211538461539 0.171875 0.22355769230769232 0.30528846153846156
0 0.12379807692307693 0.4170673076923077 0.24759615384615385 0.3245192307692308
0 0.3701923076923077 0.4375 0.2860576923076923 0.31971153846153844
0 0.6466346153846154 0.44591346153846156 0.28125 0.31009615384615385
0 0.8918269230769231 0.46875 0.21634615384615385 0.3173076923076923
0 0.11177884615384616 0.7019230769230769 0.22355769230769232 0.2932692307692308
0 0.3425480769230769 0.7271634615384616 0.2860576923076923 0.31490384615384615
0 0.6117788461538461 0.75 0.2860576923076923 0.33413461538461536
0 0.8725961538461539 0.7836538461538461 0.23798076923076922 0.32211538461538464