0 0.10697115384615384 0.17668269230769232 0.21394230769230768 0.31490384615384615
0 0.328125 0.15865384615384615 0.28125 0.3125
0 0.6033653846153846 0.14783653846153846 0.2692307692307692 0.2956730769230769
0 0.8545673076923077 0.13581730769230768 0.25721153846153844 0.27163461538461536
0 0.1201923076923077 0.4699519230769231 0.2403846153846154 0.3245192307692308
0 0.3629807692307692 0.4567307692307692 0.2860576923076923 0.31971153846153844
0 0.6382211538461539 0.4266826923076923 0.28125 0.31009615384615385
0 0.8870192307692307 0.41346153846153844 0.22596153846153846 0.3173076923076923
0 0.13221153846153846 0.7560096153846154 0.25 0.2932692307692308
0 0.3762019230769231 0.7475961538461539 0.2860576923076923 0.31490384615384615
0 0.6454326923076923 0.7319711538461539 0.2860576923076923 0.33413461538461536
0 0.8942307692307693 0.7283653846153846 0.21153846153846154 0.32211538461538464