0 0.18629807692307693 0.12620192307692307 0.28125 0.25240384615384615
0 0.4206730769230769 0.14783653846153846 0.3125 0.2956730769230769
0 0.6947115384615384 0.1814903846153846 0.3004807692307692 0.33413461538461536
0 0.8990384615384616 0.22235576923076922 0.20192307692307693 0.3293269230769231
0 0.13942307692307693 0.3713942307692308 0.27884615384615385 0.3485576923076923
0 0.3786057692307692 0.4230769230769231 0.3173076923076923 0.3485576923076923
0 0.6526442307692307 0.4651442307692308 0.3125 0.3389423076923077
0 0.8834134615384616 0.5168269230769231 0.23317307692307693 0.33653846153846156
0 0.10817307692307693 0.6514423076923077 0.21634615384615385 0.3173076923076923
0 0.3161057692307692 0.7067307692307693 0.31971153846153844 0.34375
0 0.5805288461538461 0.7620192307692307 0.31971153846153844 0.3629807692307692
0 0.8353365384615384 0.8269230769230769 0.27163461538461536 0.34375