0 0.2644230769230769 0.14302884615384615 0.22115384615384615 0.2860576923076923
0 0.42908653846153844 0.18509615384615385 0.21634615384615385 0.2932692307692308
0 0.5805288461538461 0.22235576923076922 0.21875 0.28846153846153844
0 0.7379807692307693 0.2620192307692308 0.21875 0.29086538461538464
0 0.8894230769230769 0.30288461538461536 0.22115384615384615 0.2980769230769231
0 0.19230769230769232 0.41225961538461536 0.2283653846153846 0.3076923076923077
0 0.35096153846153844 0.4567307692307692 0.22596153846153846 0.30288461538461536
0 0.515625 0.48197115384615385 0.22596153846153846 0.3076923076923077
0 0.6754807692307693 0.5324519230769231 0.21875 0.2980769230769231
0 0.8305288461538461 0.5721153846153846 0.23076923076923078 0.3125
0 0.13221153846153846 0.65625 0.2620192307692308 0.2764423076923077
0 0.3329326923076923 0.7079326923076923 0.25 0.2692307692307692
0 0.5396634615384616 0.7716346153846154 0.25721153846153844 0.2764423076923077
0 0.7475961538461539 0.8161057692307693 0.25961538461538464 0.27403846153846156