0 0.17548076923076922 0.21995192307692307 0.17307692307692307 0.2620192307692308
0 0.3449519230769231 0.21634615384615385 0.1658653846153846 0.2692307692307692
0 0.5012019230769231 0.21153846153846154 0.17067307692307693 0.2620192307692308
0 0.6634615384615384 0.20552884615384615 0.17067307692307693 0.2644230769230769
0 0.8233173076923077 0.203125 0.17307692307692307 0.27163461538461536
0 0.18028846153846154 0.5 0.17548076923076922 0.28125
0 0.3449519230769231 0.5 0.17548076923076922 0.2764423076923077
0 0.5096153846153846 0.47836538461538464 0.17307692307692307 0.28125
0 0.6778846153846154 0.4831730769230769 0.16826923076923078 0.27163461538461536
0 0.8377403846153846 0.47836538461538464 0.1778846153846154 0.2860576923076923
0 0.18870192307692307 0.7512019230769231 0.21875 0.2403846153846154
0 0.39663461538461536 0.7451923076923077 0.2091346153846154 0.23317307692307693
0 0.6129807692307693 0.75 0.21394230769230768 0.2403846153846154
0 0.8245192307692307 0.7355769230769231 0.21634615384615385 0.23798076923076922