0 0.14302884615384615 0.2620192307692308 0.20192307692307693 0.27884615384615385
0 0.3112980769230769 0.23798076923076922 0.19471153846153846 0.2860576923076923
0 0.4651442307692308 0.21394230769230768 0.19951923076923078 0.27884615384615385
0 0.6262019230769231 0.1875 0.19951923076923078 0.28125
0 0.7848557692307693 0.16706730769230768 0.20432692307692307 0.28846153846153844
0 0.18269230769230768 0.5396634615384616 0.20673076923076922 0.2980769230769231
0 0.34615384615384615 0.5180288461538461 0.20673076923076922 0.2932692307692308
0 0.5072115384615384 0.47716346153846156 0.20432692307692307 0.2980769230769231
0 0.6742788461538461 0.46153846153846156 0.19951923076923078 0.28846153846153844
0 0.8317307692307693 0.4375 0.2091346153846154 0.30528846153846156
0 0.22235576923076922 0.7872596153846154 0.24519230769230768 0.2644230769230769
0 0.42788461538461536 0.7560096153846154 0.23557692307692307 0.2548076923076923
0 0.6430288461538461 0.734375 0.2403846153846154 0.2620192307692308
0 0.8509615384615384 0.6935096153846154 0.24278846153846154 0.25961538461538464