0 0.15625 0.2439903846153846 0.18990384615384615 0.27403846153846156
0 0.32572115384615385 0.2283653846153846 0.18269230769230768 0.27884615384615385
0 0.4807692307692308 0.21153846153846154 0.1875 0.27163461538461536
0 0.6418269230769231 0.19471153846153846 0.1875 0.27403846153846156
0 0.8016826923076923 0.1814903846153846 0.18990384615384615 0.28125
0 0.1814903846153846 0.5228365384615384 0.19471153846153846 0.2932692307692308
0 0.3449519230769231 0.5108173076923077 0.19230769230769232 0.28846153846153844
0 0.5084134615384616 0.47716346153846156 0.19230769230769232 0.29086538461538464
0 0.6754807692307693 0.47115384615384615 0.18509615384615385 0.28125
0 0.8353365384615384 0.45552884615384615 0.1971153846153846 0.2980769230769231
0 0.20673076923076922 0.7728365384615384 0.23557692307692307 0.2548076923076923
0 0.41466346153846156 0.7524038461538461 0.22355769230769232 0.24519230769230768
0 0.6310096153846154 0.7415865384615384 0.23076923076923078 0.25240384615384615
0 0.8401442307692307 0.7115384615384616 0.23317307692307693 0.25240384615384615