0 0.09615384615384616 0.039663461538461536 0.16346153846153846 0.07932692307692307
0 0.0985576923076923 0.1622596153846154 0.18028846153846154 0.18509615384615385
0 0.09134615384615384 0.45913461538461536 0.18269230769230768 0.4326923076923077
0 0.2704326923076923 0.13221153846153846 0.1778846153846154 0.21394230769230768
0 0.2548076923076923 0.4519230769230769 0.17067307692307693 0.44711538461538464
0 0.41225961538461536 0.24158653846153846 0.12740384615384615 0.4230769230769231
0 0.6129807692307693 0.055288461538461536 0.25961538461538464 0.11057692307692307
0 0.5997596153846154 0.2800480769230769 0.27163461538461536 0.3701923076923077
0 0.8689903846153846 0.07211538461538461 0.2620192307692308 0.12980769230769232
0 0.8701923076923077 0.16947115384615385 0.25961538461538464 0.11298076923076923
0 0.8653846153846154 0.2860576923076923 0.2692307692307692 0.14903846153846154
0 0.8774038461538461 0.49759615384615385 0.24519230769230768 0.2980769230769231
0 0.5564903846153846 0.5913461538461539 0.4110576923076923 0.28365384615384615
0 0.12980769230769232 0.8028846153846154 0.25961538461538464 0.20673076923076922
0 0.5108173076923077 0.8341346153846154 0.5096153846153846 0.17067307692307693
0 0.8990384615384616 0.8329326923076923 0.1875 0.1875