0 0.038461538461538464 0.15144230769230768 0.07692307692307693 0.125
0 0.06370192307692307 0.2776442307692308 0.12740384615384615 0.21394230769230768
0 0.11298076923076923 0.5673076923076923 0.22596153846153846 0.4567307692307692
0 0.18269230769230768 0.20432692307692307 0.21394230769230768 0.24278846153846154
0 0.2512019230769231 0.5168269230769231 0.25240384615384615 0.46634615384615385
0 0.3485576923076923 0.27283653846153844 0.20432692307692307 0.4326923076923077
0 0.49278846153846156 0.06009615384615385 0.27403846153846156 0.1201923076923077
0 0.5396634615384616 0.2608173076923077 0.33413461538461536 0.40865384615384615
0 0.7536057692307693 0.039663461538461536 0.29086538461538464 0.07932692307692307
0 0.7788461538461539 0.08413461538461539 0.2860576923076923 0.16105769230769232
0 0.8028846153846154 0.1971153846153846 0.2980769230769231 0.1971153846153846
0 0.8581730769230769 0.39903846153846156 0.28365384615384615 0.33653846153846156
0 0.578125 0.5733173076923077 0.4519230769230769 0.35336538461538464
0 0.2127403846153846 0.8822115384615384 0.30528846153846156 0.23557692307692307
0 0.5973557692307693 0.8209134615384616 0.5264423076923077 0.2644230769230769
0 0.9314903846153846 0.7163461538461539 0.13701923076923078 0.21634615384615385