0 0.1201923076923077 0.03125 0.16826923076923078 0.0625
0 0.11658653846153846 0.14182692307692307 0.1875 0.19471153846153846
0 0.0985576923076923 0.4375 0.1971153846153846 0.4423076923076923
0 0.28966346153846156 0.12139423076923077 0.1875 0.22355769230769232
0 0.25841346153846156 0.4387019230769231 0.19471153846153846 0.4543269230769231
0 0.4266826923076923 0.23798076923076922 0.14903846153846154 0.4254807692307692
0 0.6346153846153846 0.06129807692307692 0.2644230769230769 0.12259615384615384
0 0.6117788461538461 0.2848557692307692 0.29086538461538464 0.38221153846153844
0 0.8786057692307693 0.09375 0.24278846153846154 0.14423076923076922
0 0.8774038461538461 0.19110576923076922 0.24519230769230768 0.12740384615384615
0 0.8689903846153846 0.30528846153846156 0.2620192307692308 0.16346153846153846
0 0.8737980769230769 0.5180288461538461 0.25240384615384615 0.31009615384615385
0 0.5516826923076923 0.59375 0.4230769230769231 0.30288461538461536
0 0.12379807692307693 0.7824519230769231 0.24759615384615385 0.21875
0 0.49399038461538464 0.8353365384615384 0.5168269230769231 0.1971153846153846
0 0.8810096153846154 0.8533653846153846 0.19471153846153846 0.19471153846153846