0 0.11899038461538461 0.1622596153846154 0.23798076923076922 0.29086538461538464
0 0.36658653846153844 0.14543269230769232 0.2692307692307692 0.28846153846153844
0 0.6310096153846154 0.13701923076923078 0.27163461538461536 0.27403846153846156
0 0.8762019230769231 0.12259615384615384 0.21394230769230768 0.24519230769230768
0 0.13701923076923078 0.4807692307692308 0.27403846153846156 0.3605769230769231
0 0.39783653846153844 0.46033653846153844 0.28365384615384615 0.3605769230769231
0 0.6658653846153846 0.44350961538461536 0.2692307692307692 0.37259615384615385
0 0.8894230769230769 0.4170673076923077 0.22115384615384615 0.3629807692307692
0 0.14423076923076922 0.7956730769230769 0.2692307692307692 0.28846153846153844
0 0.4098557692307692 0.7776442307692307 0.27884615384615385 0.3004807692307692
0 0.6778846153846154 0.7560096153846154 0.28125 0.2980769230769231
0 0.8978365384615384 0.7379807692307693 0.20432692307692307 0.3076923076923077