0 0.1045673076923077 0.22235576923076922 0.2091346153846154 0.31971153846153844
0 0.31850961538461536 0.16706730769230768 0.3004807692307692 0.3173076923076923
0 0.578125 0.13701923076923078 0.30528846153846156 0.27403846153846156
0 0.8173076923076923 0.10336538461538461 0.24519230769230768 0.20673076923076922
0 0.14783653846153846 0.5324519230769231 0.2956730769230769 0.3918269230769231
0 0.3942307692307692 0.47475961538461536 0.3245192307692308 0.3894230769230769
0 0.65625 0.4206730769230769 0.31490384615384615 0.39903846153846156
0 0.8701923076923077 0.3629807692307692 0.25961538461538464 0.38461538461538464
0 0.18870192307692307 0.8413461538461539 0.3004807692307692 0.3173076923076923
0 0.4495192307692308 0.7872596153846154 0.3125 0.3317307692307692
0 0.7115384615384616 0.7283653846153846 0.31490384615384615 0.3293269230769231
0 0.9038461538461539 0.6778846153846154 0.19230769230769232 0.3317307692307692