0 0.11658653846153846 0.16947115384615385 0.23317307692307693 0.2956730769230769
0 0.3605769230769231 0.14783653846153846 0.27163461538461536 0.2932692307692308
0 0.6237980769230769 0.13701923076923078 0.2764423076923077 0.27403846153846156
0 0.8677884615384616 0.1201923076923077 0.21634615384615385 0.2403846153846154
0 0.13822115384615385 0.4879807692307692 0.2764423076923077 0.36538461538461536
0 0.39783653846153844 0.46153846153846156 0.28846153846153844 0.36538461538461536
0 0.6646634615384616 0.4411057692307692 0.2764423076923077 0.375
0 0.8870192307692307 0.4110576923076923 0.22596153846153846 0.36538461538461536
0 0.1502403846153846 0.8016826923076923 0.27163461538461536 0.2932692307692308
0 0.41466346153846156 0.7788461538461539 0.28365384615384615 0.30528846153846156
0 0.6826923076923077 0.7536057692307693 0.2860576923076923 0.30288461538461536
0 0.8990384615384616 0.7295673076923077 0.20192307692307693 0.31009615384615385