0 0.10216346153846154 0.23798076923076922 0.20432692307692307 0.3269230769230769
0 0.3076923076923077 0.17427884615384615 0.3076923076923077 0.3245192307692308
0 0.5625 0.13701923076923078 0.3125 0.27403846153846156
0 0.8016826923076923 0.09975961538461539 0.25240384615384615 0.19951923076923078
0 0.1502403846153846 0.546875 0.3004807692307692 0.39663461538461536
0 0.39302884615384615 0.47836538461538464 0.33413461538461536 0.39663461538461536
0 0.6538461538461539 0.41586538461538464 0.3245192307692308 0.40384615384615385
0 0.8653846153846154 0.34975961538461536 0.2692307692307692 0.3870192307692308
0 0.20192307692307693 0.8449519230769231 0.3076923076923077 0.31009615384615385
0 0.45913461538461536 0.7884615384615384 0.31971153846153844 0.3389423076923077
0 0.7199519230769231 0.7211538461538461 0.32211538461538464 0.33653846153846156
0 0.9038461538461539 0.6610576923076923 0.19230769230769232 0.33653846153846156