0 0.140625 0.09495192307692307 0.17067307692307693 0.18990384615384615
0 0.08533653846153846 0.31009615384615385 0.15384615384615385 0.24519230769230768
0 0.03125 0.5817307692307693 0.0625 0.23557692307692307
0 0.34615384615384615 0.12259615384615384 0.30288461538461536 0.24519230769230768
0 0.2824519230769231 0.3389423076923077 0.28846153846153844 0.2692307692307692
0 0.6057692307692307 0.15985576923076922 0.29086538461538464 0.2860576923076923
0 0.5480769230769231 0.3858173076923077 0.28365384615384615 0.2692307692307692
0 0.20793269230769232 0.5829326923076923 0.2860576923076923 0.2644230769230769
0 0.47115384615384615 0.6189903846153846 0.27163461538461536 0.2668269230769231
0 0.7271634615384616 0.6646634615384616 0.3004807692307692 0.2764423076923077
0 0.13942307692307693 0.7872596153846154 0.2644230769230769 0.17067307692307693
0 0.4170673076923077 0.8269230769230769 0.27163461538461536 0.1875
0 0.8557692307692307 0.19951923076923078 0.28846153846153844 0.27403846153846156
0 0.7824519230769231 0.4375 0.2764423076923077 0.2668269230769231
0 0.6670673076923077 0.8497596153846154 0.2980769230769231 0.2548076923076923