0 0.7463942307692307 0.7235576923076923 0.21394230769230768 0.3004807692307692
0 0.3858173076923077 0.7367788461538461 0.13701923076923078 0.21875
0 0.4375 0.5420673076923077 0.15865384615384615 0.23317307692307693
0 0.3401442307692308 0.5540865384615384 0.13221153846153846 0.20192307692307693
0 0.25600961538461536 0.5697115384615384 0.12259615384615384 0.18990384615384615
0 0.296875 0.7427884615384616 0.11778846153846154 0.20192307692307693
0 0.6887019230769231 0.49759615384615385 0.21153846153846154 0.28365384615384615
0 0.5540865384615384 0.5228365384615384 0.18028846153846154 0.24519230769230768
0 0.6021634615384616 0.7319711538461539 0.18509615384615385 0.27884615384615385
0 0.4831730769230769 0.7331730769230769 0.15625 0.23557692307692307
0 0.5637019230769231 0.28365384615384615 0.20192307692307693 0.2620192307692308
0 0.44350961538461536 0.33052884615384615 0.16826923076923078 0.22115384615384615
0 0.33774038461538464 0.3629807692307692 0.1466346153846154 0.21394230769230768
0 0.25 0.3918269230769231 0.12980769230769232 0.19230769230769232
0 0.41586538461538464 0.125 0.17307692307692307 0.25
0 0.3173076923076923 0.1658653846153846 0.14182692307692307 0.21153846153846154
0 0.23076923076923078 0.2091346153846154 0.13221153846153846 0.2091346153846154