0 0.7427884615384616 0.7271634615384616 0.21153846153846154 0.3004807692307692
0 0.38100961538461536 0.734375 0.1346153846153846 0.21634615384615385
0 0.4362980769230769 0.5408653846153846 0.15625 0.23317307692307693
0 0.3389423076923077 0.5504807692307693 0.12980769230769232 0.20192307692307693
0 0.2548076923076923 0.5649038461538461 0.1201923076923077 0.18990384615384615
0 0.2920673076923077 0.7391826923076923 0.11538461538461539 0.20192307692307693
0 0.6887019230769231 0.5012019230769231 0.2091346153846154 0.28125
0 0.5540865384615384 0.5228365384615384 0.17548076923076922 0.24519230769230768
0 0.5985576923076923 0.734375 0.18028846153846154 0.2764423076923077
0 0.47836538461538464 0.7331730769230769 0.15384615384615385 0.23557692307692307
0 0.5673076923076923 0.2848557692307692 0.1971153846153846 0.25961538461538464
0 0.44591346153846156 0.3293269230769231 0.1658653846153846 0.22115384615384615
0 0.3401442307692308 0.3605769230769231 0.14423076923076922 0.21394230769230768
0 0.25240384615384615 0.3870192307692308 0.125 0.18990384615384615
0 0.421875 0.12259615384615384 0.17067307692307693 0.24519230769230768
0 0.3233173076923077 0.16346153846153846 0.13942307692307693 0.2091346153846154
0 0.23557692307692307 0.20432692307692307 0.12980769230769232 0.20673076923076922