0 0.75 0.71875 0.21875 0.30288461538461536
0 0.3894230769230769 0.7391826923076923 0.13942307692307693 0.21875
0 0.4375 0.5432692307692307 0.16105769230769232 0.23557692307692307
0 0.34134615384615385 0.5564903846153846 0.13701923076923078 0.20192307692307693
0 0.25721153846153844 0.5733173076923077 0.125 0.18990384615384615
0 0.3004807692307692 0.7463942307692307 0.1201923076923077 0.20192307692307693
0 0.6887019230769231 0.49399038461538464 0.21634615384615385 0.28365384615384615
0 0.5540865384615384 0.5216346153846154 0.18269230769230768 0.24759615384615385
0 0.6069711538461539 0.7307692307692307 0.18990384615384615 0.27884615384615385
0 0.48677884615384615 0.7331730769230769 0.16105769230769232 0.23798076923076922
0 0.5600961538461539 0.2824519230769231 0.20432692307692307 0.2644230769230769
0 0.43990384615384615 0.3317307692307692 0.17067307692307693 0.22355769230769232
0 0.33533653846153844 0.36658653846153844 0.14903846153846154 0.21394230769230768
0 0.24759615384615385 0.3954326923076923 0.13221153846153846 0.19230769230769232
0 0.4098557692307692 0.12620192307692307 0.1778846153846154 0.25
0 0.3125 0.16947115384615385 0.14423076923076922 0.21153846153846154
0 0.22596153846153846 0.21394230769230768 0.1346153846153846 0.2091346153846154