0 0.6346153846153846 0.8040865384615384 0.19951923076923078 0.2932692307692308
0 0.29927884615384615 0.6694711538461539 0.125 0.21394230769230768
0 0.4254807692307692 0.5120192307692307 0.1466346153846154 0.23076923076923078
0 0.3317307692307692 0.484375 0.12259615384615384 0.1971153846153846
0 0.24879807692307693 0.4639423076923077 0.11057692307692307 0.1875
0 0.21514423076923078 0.6394230769230769 0.10576923076923077 0.19951923076923078
0 0.6730769230769231 0.5745192307692307 0.1971153846153846 0.2764423076923077
0 0.5396634615384616 0.5420673076923077 0.1658653846153846 0.2403846153846154
0 0.4987980769230769 0.7536057692307693 0.17067307692307693 0.27403846153846156
0 0.3894230769230769 0.7067307692307693 0.14423076923076922 0.23076923076923078
0 0.6466346153846154 0.328125 0.1875 0.2548076923076923
0 0.5168269230769231 0.32211538461538464 0.15625 0.21634615384615385
0 0.4074519230769231 0.3088942307692308 0.1346153846153846 0.2091346153846154
0 0.3161057692307692 0.29927884615384615 0.11778846153846154 0.1875
0 0.5757211538461539 0.12259615384615384 0.16105769230769232 0.24278846153846154
0 0.46875 0.12139423076923077 0.12980769230769232 0.20673076923076922
0 0.37259615384615385 0.125 0.1201923076923077 0.20432692307692307