0 0.17427884615384615 0.11778846153846154 0.2764423076923077 0.23557692307692307
0 0.4266826923076923 0.14543269230769232 0.3004807692307692 0.29086538461538464
0 0.13822115384615385 0.3786057692307692 0.2764423076923077 0.3581730769230769
0 0.38461538461538464 0.4254807692307692 0.30288461538461536 0.34615384615384615
0 0.6995192307692307 0.17908653846153846 0.31490384615384615 0.34615384615384615
0 0.9146634615384616 0.1935096153846154 0.17067307692307693 0.2956730769230769
0 0.6598557692307693 0.49399038461538464 0.3293269230769231 0.37740384615384615
0 0.8942307692307693 0.49158653846153844 0.21153846153846154 0.3581730769230769
0 0.11298076923076923 0.6899038461538461 0.22596153846153846 0.34134615384615385
0 0.34975961538461536 0.7367788461538461 0.2980769230769231 0.34615384615384615
0 0.625 0.8040865384615384 0.31971153846153844 0.31971153846153844
0 0.8653846153846154 0.8161057692307693 0.23076923076923078 0.34375