0 0.10096153846153846 0.44350961538461536 0.20192307692307693 0.29086538461538464
0 0.07211538461538461 0.6947115384615384 0.14423076923076922 0.2692307692307692
0 0.32091346153846156 0.23557692307692307 0.25721153846153844 0.3125
0 0.5721153846153846 0.08774038461538461 0.23557692307692307 0.17548076923076922
0 0.7764423076923077 0.13221153846153846 0.2403846153846154 0.20192307692307693
0 0.9278846153846154 0.17067307692307693 0.14423076923076922 0.1875
0 0.5252403846153846 0.2800480769230769 0.2668269230769231 0.3004807692307692
0 0.7259615384615384 0.328125 0.2548076923076923 0.2860576923076923
0 0.9014423076923077 0.36778846153846156 0.1971153846153846 0.2980769230769231
0 0.2692307692307692 0.4891826923076923 0.25721153846153844 0.3004807692307692
0 0.4735576923076923 0.5324519230769231 0.25721153846153844 0.3004807692307692
0 0.6742788461538461 0.5757211538461539 0.2548076923076923 0.30528846153846156
0 0.8725961538461539 0.6262019230769231 0.2548076923076923 0.30528846153846156
0 0.21394230769230768 0.734375 0.24759615384615385 0.27884615384615385
0 0.41947115384615385 0.7740384615384616 0.25 0.2764423076923077
0 0.6177884615384616 0.8245192307692307 0.25721153846153844 0.28125
0 0.8197115384615384 0.8641826923076923 0.25 0.27163461538461536