0 0.10216346153846154 0.4375 0.20432692307692307 0.2932692307692308
0 0.07211538461538461 0.6862980769230769 0.14423076923076922 0.27163461538461536
0 0.32572115384615385 0.23197115384615385 0.2620192307692308 0.31490384615384615
0 0.5793269230769231 0.0889423076923077 0.23557692307692307 0.1778846153846154
0 0.7824519230769231 0.13701923076923078 0.2403846153846154 0.20432692307692307
0 0.9302884615384616 0.17908653846153846 0.13942307692307693 0.18990384615384615
0 0.5288461538461539 0.2800480769230769 0.2692307692307692 0.30288461538461536
0 0.7295673076923077 0.3317307692307692 0.25721153846153844 0.29086538461538464
0 0.9014423076923077 0.3762019230769231 0.1971153846153846 0.3004807692307692
0 0.2692307692307692 0.484375 0.2620192307692308 0.30288461538461536
0 0.4735576923076923 0.53125 0.2620192307692308 0.30288461538461536
0 0.671875 0.5793269230769231 0.25721153846153844 0.3076923076923077
0 0.8701923076923077 0.6322115384615384 0.25961538461538464 0.3076923076923077
0 0.21033653846153846 0.7295673076923077 0.25240384615384615 0.28125
0 0.41466346153846156 0.7728365384615384 0.25240384615384615 0.27884615384615385
0 0.6117788461538461 0.8269230769230769 0.2620192307692308 0.28365384615384615
0 0.8112980769230769 0.8653846153846154 0.25240384615384615 0.2692307692307692