0 0.1045673076923077 0.6153846153846154 0.2091346153846154 0.28846153846153844
0 0.15264423076923078 0.8677884615384616 0.21875 0.2644230769230769
0 0.2283653846153846 0.3317307692307692 0.25 0.3076923076923077
0 0.3942307692307692 0.0889423076923077 0.23076923076923078 0.1778846153846154
0 0.6009615384615384 0.07451923076923077 0.23557692307692307 0.14903846153846154
0 0.7992788461538461 0.04807692307692308 0.23317307692307693 0.09615384615384616
0 0.4326923076923077 0.28846153846153844 0.25961538461538464 0.2956730769230769
0 0.6358173076923077 0.2512019230769231 0.24759615384615385 0.28125
0 0.8413461538461539 0.20432692307692307 0.25 0.2932692307692308
0 0.2848557692307692 0.5829326923076923 0.25 0.2956730769230769
0 0.4891826923076923 0.5396634615384616 0.25 0.2956730769230769
0 0.6899038461538461 0.4987980769230769 0.24759615384615385 0.3004807692307692
0 0.8834134615384616 0.46274038461538464 0.23317307692307693 0.3004807692307692
0 0.33413461538461536 0.8305288461538461 0.24278846153846154 0.27403846153846156
0 0.5372596153846154 0.7824519230769231 0.24278846153846154 0.27163461538461536
0 0.7391826923076923 0.7487980769230769 0.25 0.2764423076923077
0 0.9098557692307693 0.7055288461538461 0.18028846153846154 0.2764423076923077