0 0.07211538461538461 0.0829326923076923 0.14423076923076922 0.11778846153846154
0 0.234375 0.06490384615384616 0.19951923076923078 0.10576923076923077
0 0.421875 0.052884615384615384 0.18990384615384615 0.10576923076923077
0 0.59375 0.0733173076923077 0.1778846153846154 0.1466346153846154
0 0.7764423076923077 0.05889423076923077 0.18269230769230768 0.11778846153846154
0 0.0733173076923077 0.2608173076923077 0.1466346153846154 0.25721153846153844
0 0.21995192307692307 0.24278846153846154 0.19951923076923078 0.25721153846153844
0 0.9182692307692307 0.0625 0.11057692307692307 0.125
0 0.9122596153846154 0.23918269230769232 0.15625 0.23076923076923078
0 0.40024038461538464 0.23798076923076922 0.20432692307692307 0.2620192307692308
0 0.5769230769230769 0.27524038461538464 0.1875 0.2692307692307692
0 0.7475961538461539 0.24639423076923078 0.18990384615384615 0.27884615384615385
0 0.0673076923076923 0.5072115384615384 0.1346153846153846 0.21634615384615385
0 0.21033653846153846 0.4879807692307692 0.1971153846153846 0.24519230769230768
0 0.37740384615384615 0.4855769230769231 0.19230769230769232 0.22115384615384615
0 0.5552884615384616 0.5228365384615384 0.18990384615384615 0.24519230769230768
0 0.7271634615384616 0.5012019230769231 0.18990384615384615 0.25
0 0.8942307692307693 0.4699519230769231 0.1875 0.25721153846153844
0 0.056490384615384616 0.7295673076923077 0.0985576923076923 0.21634615384615385
0 0.18269230769230768 0.7307692307692307 0.1875 0.24519230769230768
0 0.3485576923076923 0.7211538461538461 0.18028846153846154 0.23317307692307693
0 0.5168269230769231 0.7331730769230769 0.1778846153846154 0.20673076923076922
0 0.6850961538461539 0.71875 0.18269230769230768 0.20673076923076922
0 0.8485576923076923 0.6935096153846154 0.1778846153846154 0.21153846153846154
0 0.9615384615384616 0.6754807692307693 0.07692307692307693 0.21634615384615385