0 0.052884615384615384 0.08533653846153846 0.10576923076923077 0.16105769230769232
0 0.19831730769230768 0.08413461538461539 0.1778846153846154 0.16105769230769232
0 0.054086538461538464 0.27283653846153844 0.10817307692307693 0.21875
0 0.04447115384615385 0.4987980769230769 0.0889423076923077 0.21394230769230768
0 0.04807692307692308 0.7211538461538461 0.09375 0.22596153846153846
0 0.20072115384615385 0.2776442307692308 0.18028846153846154 0.23317307692307693
0 0.20192307692307693 0.5012019230769231 0.18028846153846154 0.22355769230769232
0 0.38221153846153844 0.0889423076923077 0.18269230769230768 0.17548076923076922
0 0.38221153846153844 0.27524038461538464 0.18028846153846154 0.22355769230769232
0 0.38221153846153844 0.49759615384615385 0.17548076923076922 0.21875
0 0.5757211538461539 0.07932692307692307 0.18509615384615385 0.15865384615384615
0 0.7920673076923077 0.07692307692307693 0.18990384615384615 0.15384615384615385
0 0.5709134615384616 0.27163461538461536 0.19230769230769232 0.22355769230769232
0 0.7716346153846154 0.27524038461538464 0.18990384615384615 0.2283653846153846
0 0.9411057692307693 0.08052884615384616 0.10336538461538461 0.16105769230769232
0 0.9399038461538461 0.27283653846153844 0.11778846153846154 0.22115384615384615
0 0.9314903846153846 0.5024038461538461 0.13701923076923078 0.22115384615384615
0 0.7620192307692307 0.4987980769230769 0.19230769230769232 0.2283653846153846
0 0.5661057692307693 0.4951923076923077 0.18509615384615385 0.22355769230769232
0 0.1935096153846154 0.7163461538461539 0.18028846153846154 0.23076923076923078
0 0.36899038461538464 0.71875 0.17548076923076922 0.22355769230769232
0 0.5661057692307693 0.7211538461538461 0.18269230769230768 0.2283653846153846
0 0.7536057692307693 0.7271634615384616 0.19230769230769232 0.23798076923076922
0 0.9254807692307693 0.7295673076923077 0.14903846153846154 0.22355769230769232