0 0.03245192307692308 0.15264423076923078 0.06490384615384616 0.17548076923076922
0 0.14302884615384615 0.1310096153846154 0.1971153846153846 0.18509615384615385
0 0.04807692307692308 0.33653846153846156 0.09615384615384616 0.23076923076923078
0 0.052884615384615384 0.5637019230769231 0.10576923076923077 0.22355769230769232
0 0.0829326923076923 0.78125 0.12259615384615384 0.23557692307692307
0 0.171875 0.32211538461538464 0.2091346153846154 0.2548076923076923
0 0.20552884615384615 0.5432692307692307 0.20673076923076922 0.24519230769230768
0 0.32572115384615385 0.109375 0.20432692307692307 0.19951923076923078
0 0.35216346153846156 0.2932692307692308 0.20673076923076922 0.24519230769230768
0 0.38341346153846156 0.5132211538461539 0.20192307692307693 0.2403846153846154
0 0.515625 0.08173076923076923 0.20432692307692307 0.16346153846153846
0 0.7295673076923077 0.06490384615384616 0.2091346153846154 0.12980769230769232
0 0.5384615384615384 0.2644230769230769 0.21875 0.24759615384615385
0 0.7379807692307693 0.23918269230769232 0.21875 0.25240384615384615
0 0.8774038461538461 0.055288461538461536 0.125 0.11057692307692307
0 0.9038461538461539 0.21394230769230768 0.1466346153846154 0.23317307692307693
0 0.921875 0.44350961538461536 0.15625 0.23798076923076922
0 0.7596153846153846 0.46274038461538464 0.22115384615384615 0.25240384615384615
0 0.5649038461538461 0.4855769230769231 0.21153846153846154 0.24759615384615385
0 0.22716346153846154 0.7572115384615384 0.2091346153846154 0.25240384615384615
0 0.4014423076923077 0.734375 0.20432692307692307 0.24519230769230768
0 0.5961538461538461 0.7103365384615384 0.21153846153846154 0.25
0 0.7836538461538461 0.6899038461538461 0.22115384615384615 0.2620192307692308
0 0.9326923076923077 0.6682692307692307 0.1346153846153846 0.2403846153846154