0 0.15384615384615385 0.042067307692307696 0.14423076923076922 0.08413461538461539
0 0.29927884615384615 0.06129807692307692 0.20432692307692307 0.12259615384615384
0 0.1141826923076923 0.1778846153846154 0.15384615384615385 0.23557692307692307
0 0.06009615384615385 0.39663461538461536 0.1201923076923077 0.22596153846153846
0 0.038461538461538464 0.6117788461538461 0.07692307692307693 0.23798076923076922
0 0.25841346153846156 0.21634615384615385 0.21875 0.2620192307692308
0 0.2091346153846154 0.43509615384615385 0.21875 0.25240384615384615
0 0.47836538461538464 0.08774038461538461 0.21153846153846154 0.17548076923076922
0 0.43509615384615385 0.2536057692307692 0.21875 0.25240384615384615
0 0.3858173076923077 0.47115384615384615 0.21153846153846154 0.24759615384615385
0 0.6694711538461539 0.10576923076923077 0.21153846153846154 0.19230769230769232
0 0.8810096153846154 0.15144230769230768 0.21634615384615385 0.19471153846153846
0 0.6201923076923077 0.2932692307692308 0.2283653846153846 0.2548076923076923
0 0.8149038461538461 0.3425480769230769 0.2283653846153846 0.25961538461538464
0 0.9795673076923077 0.18629807692307693 0.040865384615384616 0.18509615384615385
0 0.9507211538461539 0.3762019230769231 0.0985576923076923 0.23798076923076922
0 0.9158653846153846 0.5997596153846154 0.16826923076923078 0.24278846153846154
0 0.7560096153846154 0.5576923076923077 0.23076923076923078 0.25961538461538464
0 0.5649038461538461 0.5108173076923077 0.22115384615384615 0.2548076923076923
0 0.15264423076923078 0.6430288461538461 0.21875 0.25961538461538464
0 0.3233173076923077 0.6838942307692307 0.21394230769230768 0.25240384615384615
0 0.5144230769230769 0.7307692307692307 0.22115384615384615 0.25721153846153844
0 0.6959134615384616 0.7788461538461539 0.23317307692307693 0.2692307692307692
0 0.8641826923076923 0.8209134615384616 0.18990384615384615 0.24759615384615385