0 0.0985576923076923 0.234375 0.1971153846153846 0.31490384615384615
0 0.25961538461538464 0.19110576923076922 0.25721153846153844 0.31971153846153844
0 0.44591346153846156 0.140625 0.24759615384615385 0.28125
0 0.6322115384615384 0.11899038461538461 0.2548076923076923 0.23798076923076922
0 0.8149038461538461 0.08774038461538461 0.21634615384615385 0.17548076923076922
0 0.15264423076923078 0.4963942307692308 0.25 0.30528846153846156
0 0.3485576923076923 0.42788461538461536 0.25240384615384615 0.2980769230769231
0 0.5348557692307693 0.3870192307692308 0.25 0.3076923076923077
0 0.7175480769230769 0.3389423076923077 0.24278846153846154 0.30528846153846156
0 0.8870192307692307 0.29086538461538464 0.20673076923076922 0.2932692307692308
0 0.22115384615384615 0.75 0.24519230769230768 0.30528846153846156
0 0.09254807692307693 0.7848557692307693 0.13221153846153846 0.27163461538461536
0 0.042067307692307696 0.5252403846153846 0.08413461538461539 0.2764423076923077
0 0.40865384615384615 0.6923076923076923 0.2548076923076923 0.31009615384615385
0 0.6033653846153846 0.6478365384615384 0.24519230769230768 0.31971153846153844
0 0.7836538461538461 0.5997596153846154 0.24278846153846154 0.30528846153846156
0 0.9266826923076923 0.5396634615384616 0.1466346153846154 0.29086538461538464
0 0.29447115384615385 0.9182692307692307 0.1971153846153846 0.1466346153846154
0 0.4723557692307692 0.8737980769230769 0.20673076923076922 0.15144230769230768
0 0.6646634615384616 0.828125 0.2091346153846154 0.15384615384615385
0 0.8389423076923077 0.7752403846153846 0.21153846153846154 0.15144230769230768
0 0.9567307692307693 0.7307692307692307 0.08653846153846154 0.15865384615384615
0 0.15264423076923078 0.9459134615384616 0.12259615384615384 0.10817307692307693