0 0.1346153846153846 0.1502403846153846 0.20432692307692307 0.28365384615384615
0 0.3293269230769231 0.14783653846153846 0.20432692307692307 0.28846153846153844
0 0.5228365384615384 0.1310096153846154 0.19951923076923078 0.2620192307692308
0 0.7139423076923077 0.12860576923076922 0.20673076923076922 0.25721153846153844
0 0.9050480769230769 0.11899038461538461 0.17067307692307693 0.23798076923076922
0 0.16105769230769232 0.42427884615384615 0.19951923076923078 0.27403846153846156
0 0.36658653846153844 0.39783653846153844 0.20673076923076922 0.2644230769230769
0 0.5576923076923077 0.39663461538461536 0.19951923076923078 0.2764423076923077
0 0.7463942307692307 0.38822115384615385 0.19230769230769232 0.2764423076923077
0 0.921875 0.3762019230769231 0.15625 0.27163461538461536
0 0.17427884615384615 0.6875 0.19471153846153846 0.2764423076923077
0 0.042067307692307696 0.6935096153846154 0.08173076923076923 0.2644230769230769
0 0.020432692307692308 0.15144230769230768 0.040865384615384616 0.27403846153846156
0 0.03245192307692308 0.42427884615384615 0.06490384615384616 0.27163461538461536
0 0.3713942307692308 0.6694711538461539 0.20432692307692307 0.27884615384615385
0 0.5709134615384616 0.6658653846153846 0.19230769230769232 0.29086538461538464
0 0.7572115384615384 0.6574519230769231 0.19230769230769232 0.2764423076923077
0 0.9302884615384616 0.6322115384615384 0.13942307692307693 0.2692307692307692
0 0.21153846153846154 0.8665865384615384 0.18028846153846154 0.11298076923076923
0 0.3942307692307692 0.859375 0.18990384615384615 0.11778846153846154
0 0.5925480769230769 0.8545673076923077 0.19230769230769232 0.11778846153846154
0 0.7740384615384616 0.8389423076923077 0.19471153846153846 0.11538461538461539
0 0.9326923076923077 0.8305288461538461 0.1346153846153846 0.13221153846153846
0 0.06610576923076923 0.8725961538461539 0.10336538461538461 0.10336538461538461