0 0.21394230769230768 0.11778846153846154 0.2403846153846154 0.23557692307692307
0 0.40625 0.13701923076923078 0.2403846153846154 0.27403846153846156
0 0.5997596153846154 0.14302884615384615 0.23317307692307693 0.2860576923076923
0 0.7884615384615384 0.17668269230769232 0.2403846153846154 0.2932692307692308
0 0.9387019230769231 0.20192307692307693 0.12259615384615384 0.27403846153846156
0 0.18389423076923078 0.3545673076923077 0.23317307692307693 0.2956730769230769
0 0.390625 0.37259615384615385 0.23798076923076922 0.28846153846153844
0 0.578125 0.4110576923076923 0.23317307692307693 0.2980769230769231
0 0.7644230769230769 0.4411057692307692 0.22596153846153846 0.2956730769230769
0 0.921875 0.46634615384615385 0.15625 0.28846153846153844
0 0.14302884615384615 0.6153846153846154 0.2283653846153846 0.2980769230769231
0 0.03485576923076923 0.5949519230769231 0.06971153846153846 0.27163461538461536
0 0.09495192307692307 0.0985576923076923 0.09375 0.1971153846153846
0 0.054086538461538464 0.328125 0.10817307692307693 0.2764423076923077
0 0.3389423076923077 0.6382211538461539 0.23798076923076922 0.3004807692307692
0 0.5348557692307693 0.6766826923076923 0.2283653846153846 0.31009615384615385
0 0.71875 0.7067307692307693 0.22596153846153846 0.2956730769230769
0 0.8978365384615384 0.7211538461538461 0.18269230769230768 0.28365384615384615
0 0.14182692307692307 0.7980769230769231 0.19471153846153846 0.1346153846153846
0 0.32211538461538464 0.8293269230769231 0.20192307692307693 0.14182692307692307
0 0.5168269230769231 0.8665865384615384 0.20432692307692307 0.14182692307692307
0 0.6971153846153846 0.8882211538461539 0.20673076923076922 0.13942307692307693
0 0.8617788461538461 0.9146634615384616 0.16346153846153846 0.15144230769230768
0 0.027644230769230768 0.7728365384615384 0.055288461538461536 0.11778846153846154