0 0.14903846153846154 0.06971153846153846 0.22115384615384615 0.13942307692307693
0 0.36177884615384615 0.07211538461538461 0.21875 0.14423076923076922
0 0.5685096153846154 0.078125 0.21394230769230768 0.15625
0 0.7860576923076923 0.0889423076923077 0.22115384615384615 0.16105769230769232
0 0.9447115384615384 0.09615384615384616 0.11057692307692307 0.15384615384615385
0 0.14903846153846154 0.22355769230769232 0.21875 0.18990384615384615
0 0.3713942307692308 0.23197115384615385 0.21634615384615385 0.18269230769230768
0 0.7944711538461539 0.2536057692307692 0.21875 0.18990384615384615
0 0.9459134615384616 0.2608173076923077 0.10817307692307693 0.18509615384615385
0 0.5793269230769231 0.2403846153846154 0.21875 0.18269230769230768
0 0.5396634615384616 0.48677884615384615 0.23076923076923078 0.19230769230769232
0 0.7620192307692307 0.4963942307692308 0.2283653846153846 0.19230769230769232
0 0.9411057692307693 0.5060096153846154 0.11778846153846154 0.18509615384615385
0 0.10096153846153846 0.6538461538461539 0.20192307692307693 0.19230769230769232
0 0.3125 0.6622596153846154 0.23557692307692307 0.19471153846153846
0 0.5396634615384616 0.671875 0.22596153846153846 0.20192307692307693
0 0.7632211538461539 0.6850961538461539 0.23557692307692307 0.20673076923076922
0 0.9302884615384616 0.6935096153846154 0.125 0.18509615384615385
0 0.09735576923076923 0.8209134615384616 0.19471153846153846 0.16105769230769232
0 0.30649038461538464 0.8317307692307693 0.2283653846153846 0.17307692307692307
0 0.5276442307692307 0.8425480769230769 0.2283653846153846 0.17067307692307693
0 0.75 0.8545673076923077 0.23317307692307693 0.17307692307692307
0 0.9206730769230769 0.8617788461538461 0.12980769230769232 0.17067307692307693
0 0.1466346153846154 0.39663461538461536 0.21634615384615385 0.18269230769230768
0 0.3473557692307692 0.4026442307692308 0.18509615384615385 0.18269230769230768