0 0.1045673076923077 0.10336538461538461 0.2091346153846154 0.16826923076923078
0 0.3112980769230769 0.08533653846153846 0.22115384615384615 0.16105769230769232
0 0.5168269230769231 0.07692307692307693 0.21634615384615385 0.15384615384615385
0 0.734375 0.06971153846153846 0.22355769230769232 0.13942307692307693
0 0.9050480769230769 0.06129807692307692 0.13701923076923078 0.12259615384615384
0 0.11778846153846154 0.2692307692307692 0.22115384615384615 0.19471153846153846
0 0.3389423076923077 0.25 0.21875 0.1875
0 0.7620192307692307 0.21875 0.22115384615384615 0.19471153846153846
0 0.9230769230769231 0.20673076923076922 0.12740384615384615 0.1875
0 0.5480769230769231 0.23317307692307693 0.22115384615384615 0.1875
0 0.5372596153846154 0.48197115384615385 0.23317307692307693 0.19471153846153846
0 0.7596153846153846 0.4651442307692308 0.23076923076923078 0.19471153846153846
0 0.9387019230769231 0.4519230769230769 0.12259615384615384 0.1875
0 0.11658653846153846 0.7019230769230769 0.21875 0.1971153846153846
0 0.3329326923076923 0.6838942307692307 0.23798076923076922 0.1971153846153846
0 0.5600961538461539 0.6658653846153846 0.2283653846153846 0.20432692307692307
0 0.7836538461538461 0.6514423076923077 0.23798076923076922 0.2091346153846154
0 0.9435096153846154 0.6394230769230769 0.11298076923076923 0.1875
0 0.12980769230769232 0.8689903846153846 0.21875 0.1658653846153846
0 0.3485576923076923 0.8521634615384616 0.23076923076923078 0.17548076923076922
0 0.5697115384615384 0.8365384615384616 0.23076923076923078 0.17307692307692307
0 0.7908653846153846 0.8221153846153846 0.23557692307692307 0.17548076923076922
0 0.9471153846153846 0.8064903846153846 0.10576923076923077 0.17067307692307693
0 0.13701923076923078 0.43990384615384615 0.21875 0.1875
0 0.33653846153846156 0.421875 0.1875 0.18509615384615385