0 0.6213942307692307 0.28846153846153844 0.3125 0.3173076923076923
0 0.6454326923076923 0.8185096153846154 0.2956730769230769 0.18028846153846154
0 0.8966346153846154 0.30528846153846156 0.20192307692307693 0.28365384615384615
0 0.9098557692307693 0.5853365384615384 0.18028846153846154 0.3004807692307692
0 0.9170673076923077 0.8064903846153846 0.1658653846153846 0.15625
0 0.6394230769230769 0.5817307692307693 0.31490384615384615 0.3125
0 0.04567307692307692 0.12860576923076922 0.09134615384615384 0.21394230769230768
0 0.11538461538461539 0.36177884615384615 0.13701923076923078 0.27884615384615385
0 0.1778846153846154 0.1346153846153846 0.13221153846153846 0.2403846153846154
0 0.2776442307692308 0.3762019230769231 0.13221153846153846 0.2620192307692308
0 0.052884615384615384 0.6334134615384616 0.10576923076923077 0.2764423076923077
0 0.20432692307692307 0.6286057692307693 0.1346153846153846 0.2668269230769231
0 0.12980769230769232 0.84375 0.13701923076923078 0.17548076923076922
0 0.2956730769230769 0.8389423076923077 0.125 0.17307692307692307
0 0.3449519230769231 0.13341346153846154 0.12980769230769232 0.23076923076923078