0 0.6394230769230769 0.3004807692307692 0.3076923076923077 0.3125
0 0.6165865384615384 0.8305288461538461 0.2932692307692308 0.17548076923076922
0 0.90625 0.3401442307692308 0.1875 0.28125
0 0.90625 0.6225961538461539 0.1875 0.2980769230769231
0 0.8990384615384616 0.8425480769230769 0.18269230769230768 0.15384615384615385
0 0.6310096153846154 0.59375 0.31009615384615385 0.3076923076923077
0 0.0673076923076923 0.09735576923076923 0.11538461538461539 0.19471153846153846
0 0.12860576923076922 0.328125 0.13221153846153846 0.2764423076923077
0 0.21033653846153846 0.11298076923076923 0.12740384615384615 0.22596153846153846
0 0.28966346153846156 0.35697115384615385 0.12740384615384615 0.2620192307692308
0 0.046875 0.59375 0.09375 0.27403846153846156
0 0.19471153846153846 0.6021634615384616 0.12980769230769232 0.2668269230769231
0 0.10096153846153846 0.8100961538461539 0.13221153846153846 0.17307692307692307
0 0.2668269230769231 0.8197115384615384 0.1201923076923077 0.17307692307692307
0 0.37740384615384615 0.12139423076923077 0.125 0.23076923076923078