0 0.6430288461538461 0.30288461538461536 0.3125 0.3173076923076923
0 0.6117788461538461 0.8317307692307693 0.2956730769230769 0.18028846153846154
0 0.90625 0.34615384615384615 0.1875 0.28365384615384615
0 0.9038461538461539 0.6286057692307693 0.19230769230769232 0.3004807692307692
0 0.8930288461538461 0.8497596153846154 0.18509615384615385 0.15625
0 0.6298076923076923 0.5961538461538461 0.31490384615384615 0.3125
0 0.07572115384615384 0.09375 0.11778846153846154 0.1875
0 0.1310096153846154 0.32211538461538464 0.13701923076923078 0.27884615384615385
0 0.21754807692307693 0.11057692307692307 0.13221153846153846 0.22115384615384615
0 0.2920673076923077 0.35336538461538464 0.13221153846153846 0.2620192307692308
0 0.04807692307692308 0.5853365384615384 0.09615384615384616 0.2764423076923077
0 0.19230769230769232 0.5973557692307693 0.1346153846153846 0.2668269230769231
0 0.09495192307692307 0.8028846153846154 0.13701923076923078 0.17548076923076922
0 0.2608173076923077 0.8161057692307693 0.125 0.17307692307692307
0 0.38341346153846156 0.1201923076923077 0.12980769230769232 0.23076923076923078