0 0.6105769230769231 0.2824519230769231 0.3269230769230769 0.3317307692307692
0 0.6622596153846154 0.8100961538461539 0.30528846153846156 0.19471153846153846
0 0.8858173076923077 0.28365384615384615 0.21394230769230768 0.2932692307692308
0 0.9086538461538461 0.5649038461538461 0.18269230769230768 0.3076923076923077
0 0.9230769230769231 0.7836538461538461 0.15384615384615385 0.16346153846153846
0 0.6430288461538461 0.5745192307692307 0.3293269230769231 0.3269230769230769
0 0.039663461538461536 0.15264423076923078 0.07932692307692307 0.21875
0 0.10817307692307693 0.38221153846153844 0.15144230769230768 0.28365384615384615
0 0.15865384615384615 0.15144230769230768 0.14423076923076922 0.24759615384615385
0 0.27163461538461536 0.3870192307692308 0.14423076923076922 0.2692307692307692
0 0.06129807692307692 0.6574519230769231 0.12259615384615384 0.27884615384615385
0 0.21153846153846154 0.6442307692307693 0.1466346153846154 0.27403846153846156
0 0.14783653846153846 0.8617788461538461 0.14423076923076922 0.18028846153846154
0 0.3137019230769231 0.8497596153846154 0.13221153846153846 0.18028846153846154
0 0.32572115384615385 0.14302884615384615 0.14182692307692307 0.23798076923076922