0 0.44471153846153844 0.2668269230769231 0.15865384615384615 0.14423076923076922
0 0.6322115384615384 0.07091346153846154 0.16105769230769232 0.13221153846153846
0 0.6117788461538461 0.17307692307692307 0.16105769230769232 0.12980769230769232
0 0.5901442307692307 0.29447115384615385 0.16346153846153846 0.14182692307692307
0 0.7860576923076923 0.08653846153846154 0.16346153846153846 0.1201923076923077
0 0.9350961538461539 0.09495192307692307 0.12980769230769232 0.09375
0 0.7692307692307693 0.18269230769230768 0.16346153846153846 0.13701923076923078
0 0.9182692307692307 0.1935096153846154 0.16346153846153846 0.15144230769230768
0 0.7524038461538461 0.3016826923076923 0.16346153846153846 0.1466346153846154
0 0.8978365384615384 0.3161057692307692 0.16346153846153846 0.14423076923076922
0 0.421875 0.38461538461538464 0.15865384615384615 0.13221153846153846
0 0.5661057692307693 0.4110576923076923 0.15625 0.13942307692307693
0 0.7199519230769231 0.4170673076923077 0.16826923076923078 0.13701923076923078
0 0.8737980769230769 0.4338942307692308 0.1658653846153846 0.1346153846153846
0 0.5504807692307693 0.5336538461538461 0.16346153846153846 0.1466346153846154
0 0.6995192307692307 0.5348557692307693 0.16346153846153846 0.13942307692307693
0 0.8557692307692307 0.5540865384615384 0.15865384615384615 0.13942307692307693
0 0.9807692307692307 0.34375 0.038461538461538464 0.12980769230769232
0 0.9747596153846154 0.46274038461538464 0.05048076923076923 0.12259615384615384
0 0.9603365384615384 0.5745192307692307 0.07932692307692307 0.10576923076923077
0 0.08413461538461539 0.027644230769230768 0.052884615384615384 0.055288461538461536
0 0.0673076923076923 0.11177884615384616 0.052884615384615384 0.12740384615384615
0 0.051682692307692304 0.2283653846153846 0.052884615384615384 0.12259615384615384
0 0.039663461538461536 0.34375 0.0625 0.12259615384615384
0 0.028846153846153848 0.46153846153846156 0.057692307692307696 0.11538461538461539
0 0.02283653846153846 0.5661057692307693 0.04567307692307692 0.11298076923076923
0 0.018028846153846152 0.6802884615384616 0.036057692307692304 0.125
0 0.009615384615384616 0.7920673076923077 0.019230769230769232 0.11298076923076923
0 0.5324519230769231 0.6502403846153846 0.16346153846153846 0.13701923076923078
0 0.23317307692307693 0.7175480769230769 0.14903846153846154 0.12740384615384615
0 0.3701923076923077 0.7295673076923077 0.15625 0.1346153846153846
0 0.515625 0.7560096153846154 0.15625 0.125
0 0.6887019230769231 0.65625 0.16105769230769232 0.14423076923076922
0 0.8377403846153846 0.671875 0.16826923076923078 0.13942307692307693
0 0.9459134615384616 0.6814903846153846 0.08413461538461539 0.125
0 0.6658653846153846 0.7740384615384616 0.16346153846153846 0.13701923076923078
0 0.8125 0.7872596153846154 0.16346153846153846 0.14182692307692307
0 0.9254807692307693 0.7980769230769231 0.0889423076923077 0.125
0 0.22235576923076922 0.8245192307692307 0.15144230769230768 0.12259615384615384
0 0.3581730769230769 0.8413461538461539 0.15384615384615385 0.12980769230769232
0 0.5024038461538461 0.859375 0.15384615384615385 0.1346153846153846
0 0.6418269230769231 0.8810096153846154 0.15865384615384615 0.125
0 0.7872596153846154 0.9050480769230769 0.1658653846153846 0.125
0 0.9050480769230769 0.9122596153846154 0.0985576923076923 0.1201923076923077
0 0.1814903846153846 0.027644230769230768 0.15625 0.055288461538461536
0 0.46634615384615385 0.1466346153846154 0.16105769230769232 0.1466346153846154
0 0.4795673076923077 0.05048076923076923 0.15625 0.10096153846153846
0 0.328125 0.042067307692307696 0.16105769230769232 0.08413461538461539
0 0.3088942307692308 0.1201923076923077 0.16826923076923078 0.17067307692307693
0 0.2980769230769231 0.2403846153846154 0.1658653846153846 0.15865384615384615
0 0.2764423076923077 0.3545673076923077 0.16105769230769232 0.15384615384615385
0 0.2536057692307692 0.4723557692307692 0.15865384615384615 0.15865384615384615
0 0.23918269230769232 0.5913461538461539 0.15625 0.15625
0 0.39302884615384615 0.6177884615384616 0.15865384615384615 0.13221153846153846
0 0.40865384615384615 0.5024038461538461 0.15865384615384615 0.1466346153846154
0 0.1658653846153846 0.10817307692307693 0.15865384615384615 0.14423076923076922
0 0.15144230769230768 0.23076923076923078 0.16105769230769232 0.14182692307692307
0 0.13341346153846154 0.3449519230769231 0.14903846153846154 0.1346153846153846
0 0.11778846153846154 0.4651442307692308 0.15384615384615385 0.13942307692307693
0 0.10697115384615384 0.578125 0.1466346153846154 0.12980769230769232
0 0.09495192307692307 0.6887019230769231 0.14903846153846154 0.1346153846153846
0 0.08173076923076923 0.7992788461538461 0.15384615384615385 0.125