0 0.3894230769230769 0.28725961538461536 0.15384615384615385 0.13942307692307693
0 0.5240384615384616 0.057692307692307696 0.15865384615384615 0.11538461538461539
0 0.5288461538461539 0.15625 0.15625 0.125
0 0.5372596153846154 0.27884615384615385 0.15865384615384615 0.13701923076923078
0 0.6766826923076923 0.04326923076923077 0.16105769230769232 0.08653846153846154
0 0.8413461538461539 0.021634615384615384 0.15865384615384615 0.04326923076923077
0 0.6838942307692307 0.12620192307692307 0.16105769230769232 0.13221153846153846
0 0.8341346153846154 0.10216346153846154 0.16105769230769232 0.1466346153846154
0 0.6971153846153846 0.24639423076923078 0.15865384615384615 0.14182692307692307
0 0.8413461538461539 0.2247596153846154 0.15865384615384615 0.13942307692307693
0 0.3954326923076923 0.4074519230769231 0.15625 0.12740384615384615
0 0.5420673076923077 0.39783653846153844 0.15384615384615385 0.1346153846153846
0 0.6935096153846154 0.36658653846153844 0.1658653846153846 0.13221153846153846
0 0.8461538461538461 0.3449519230769231 0.16346153846153846 0.12980769230769232
0 0.5564903846153846 0.5204326923076923 0.15865384615384615 0.14182692307692307
0 0.7019230769230769 0.4855769230769231 0.16105769230769232 0.1346153846153846
0 0.8581730769230769 0.46634615384615385 0.15625 0.1346153846153846
0 0.9423076923076923 0.10096153846153846 0.05048076923076923 0.13221153846153846
0 0.9471153846153846 0.22956730769230768 0.0673076923076923 0.12740384615384615
0 0.9603365384615384 0.34615384615384615 0.06490384615384616 0.1201923076923077
0 0.9627403846153846 0.45913461538461536 0.07451923076923077 0.10576923076923077
0 0.004807692307692308 0.22596153846153846 0.009615384615384616 0.125
0 0.010817307692307692 0.34375 0.021634615384615384 0.1201923076923077
0 0.021634615384615384 0.46033653846153844 0.04326923076923077 0.12259615384615384
0 0.03125 0.5769230769230769 0.0625 0.11538461538461539
0 0.04326923076923077 0.6838942307692307 0.0625 0.11057692307692307
0 0.057692307692307696 0.796875 0.06971153846153846 0.12259615384615384
0 0.06971153846153846 0.9074519230769231 0.0673076923076923 0.11057692307692307
0 0.5673076923076923 0.6382211538461539 0.16105769230769232 0.13221153846153846
0 0.2932692307692308 0.7752403846153846 0.1466346153846154 0.125
0 0.43028846153846156 0.7536057692307693 0.15384615384615385 0.12980769230769232
0 0.578125 0.7439903846153846 0.15144230769230768 0.1201923076923077
0 0.7211538461538461 0.6057692307692307 0.15625 0.13942307692307693
0 0.8689903846153846 0.5853365384615384 0.1658653846153846 0.1346153846153846
0 0.9675480769230769 0.5673076923076923 0.06490384615384616 0.125
0 0.7271634615384616 0.7259615384615384 0.16105769230769232 0.13221153846153846
0 0.8725961538461539 0.7019230769230769 0.16105769230769232 0.13701923076923078
0 0.9699519230769231 0.6862980769230769 0.06009615384615385 0.12259615384615384
0 0.3088942307692308 0.8810096153846154 0.14903846153846154 0.11778846153846154
0 0.44591346153846156 0.8653846153846154 0.14903846153846154 0.125
0 0.5901442307692307 0.8485576923076923 0.15144230769230768 0.12980769230769232
0 0.7295673076923077 0.8353365384615384 0.15384615384615385 0.1201923076923077
0 0.8774038461538461 0.8233173076923077 0.16105769230769232 0.1201923076923077
0 0.9723557692307693 0.8016826923076923 0.055288461538461536 0.11778846153846154
0 0.0733173076923077 0.09134615384615384 0.1466346153846154 0.11057692307692307
0 0.38100961538461536 0.1658653846153846 0.15625 0.14182692307692307
0 0.36899038461538464 0.06009615384615385 0.15384615384615385 0.11298076923076923
0 0.21875 0.07932692307692307 0.15865384615384615 0.11778846153846154
0 0.22355769230769232 0.1778846153846154 0.16346153846153846 0.1658653846153846
0 0.24158653846153846 0.296875 0.16346153846153846 0.15384615384615385
0 0.24759615384615385 0.41346153846153844 0.15865384615384615 0.14903846153846154
0 0.2548076923076923 0.5324519230769231 0.15625 0.15384615384615385
0 0.2692307692307692 0.6514423076923077 0.15384615384615385 0.15144230769230768
0 0.42427884615384615 0.6394230769230769 0.15625 0.12740384615384615
0 0.41225961538461536 0.5252403846153846 0.15384615384615385 0.14182692307692307
0 0.08052884615384616 0.20072115384615385 0.15384615384615385 0.13942307692307693
0 0.09735576923076923 0.32211538461538464 0.15625 0.13701923076923078
0 0.10697115384615384 0.4387019230769231 0.1466346153846154 0.13221153846153846
0 0.1201923076923077 0.5588942307692307 0.14903846153846154 0.13701923076923078
0 0.13701923076923078 0.6706730769230769 0.14423076923076922 0.125
0 0.15264423076923078 0.78125 0.1466346153846154 0.13221153846153846
0 0.16706730769230768 0.8918269230769231 0.14903846153846154 0.1201923076923077