0 0.0889423076923077 0.042067307692307696 0.1201923076923077 0.08413461538461539
0 0.2403846153846154 0.04807692307692308 0.1971153846153846 0.09615384615384616
0 0.4375 0.054086538461538464 0.1971153846153846 0.10817307692307693
0 0.6370192307692307 0.06370192307692307 0.19951923076923078 0.12259615384615384
0 0.8197115384615384 0.0733173076923077 0.17067307692307693 0.11538461538461539
0 0.9519230769230769 0.0829326923076923 0.09615384615384616 0.11298076923076923
0 0.06129807692307692 0.19591346153846154 0.0985576923076923 0.2403846153846154
0 0.18269230769230768 0.20552884615384615 0.16346153846153846 0.24759615384615385
0 0.328125 0.21634615384615385 0.16826923076923078 0.24519230769230768
0 0.4807692307692308 0.22596153846153846 0.16105769230769232 0.24759615384615385
0 0.6274038461538461 0.234375 0.15865384615384615 0.24278846153846154
0 0.7728365384615384 0.24158653846153846 0.15865384615384615 0.24278846153846154
0 0.9194711538461539 0.25240384615384615 0.15625 0.24278846153846154
0 0.0673076923076923 0.4338942307692308 0.1346153846153846 0.24759615384615385
0 0.23918269230769232 0.4483173076923077 0.20673076923076922 0.2548076923076923
0 0.4375 0.46274038461538464 0.20432692307692307 0.24519230769230768
0 0.6334134615384616 0.47475961538461536 0.20673076923076922 0.24519230769230768
0 0.8293269230769231 0.4831730769230769 0.1971153846153846 0.24278846153846154
0 0.04326923076923077 0.671875 0.08653846153846154 0.23798076923076922
0 0.15985576923076922 0.6850961538461539 0.16105769230769232 0.24759615384615385
0 0.3076923076923077 0.6899038461538461 0.15384615384615385 0.2403846153846154
0 0.46033653846153844 0.6995192307692307 0.15625 0.23557692307692307
0 0.6057692307692307 0.7103365384615384 0.15625 0.2403846153846154
0 0.75 0.7091346153846154 0.15144230769230768 0.23076923076923078
0 0.8966346153846154 0.7139423076923077 0.15384615384615385 0.2403846153846154