0 0.17668269230769232 0.014423076923076924 0.13701923076923078 0.028846153846153848
0 0.3269230769230769 0.037259615384615384 0.21153846153846154 0.07451923076923077
0 0.5168269230769231 0.06009615384615385 0.21153846153846154 0.1201923076923077
0 0.7103365384615384 0.09375 0.21394230769230768 0.15384615384615385
0 0.8894230769230769 0.1346153846153846 0.18269230769230768 0.13942307692307693
0 0.9807692307692307 0.171875 0.038461538461538464 0.13221153846153846
0 0.1201923076923077 0.12379807692307693 0.13701923076923078 0.24759615384615385
0 0.23918269230769232 0.15504807692307693 0.19951923076923078 0.2668269230769231
0 0.3798076923076923 0.19110576923076922 0.20432692307692307 0.2644230769230769
0 0.5288461538461539 0.22716346153846154 0.1971153846153846 0.2668269230769231
0 0.6706730769230769 0.2608173076923077 0.19471153846153846 0.25961538461538464
0 0.8125 0.2932692307692308 0.19471153846153846 0.25961538461538464
0 0.9302884615384616 0.3293269230769231 0.13942307692307693 0.25961538461538464
0 0.08533653846153846 0.359375 0.17067307692307693 0.2620192307692308
0 0.25240384615384615 0.40384615384615385 0.24278846153846154 0.28125
0 0.44471153846153844 0.453125 0.23798076923076922 0.27163461538461536
0 0.6358173076923077 0.49759615384615385 0.2403846153846154 0.27163461538461536
0 0.8269230769230769 0.5408653846153846 0.23076923076923078 0.2668269230769231
0 0.040865384615384616 0.5877403846153846 0.08173076923076923 0.24759615384615385
0 0.13221153846153846 0.6225961538461539 0.1971153846153846 0.2668269230769231
0 0.2776442307692308 0.6538461538461539 0.18990384615384615 0.25721153846153844
0 0.4266826923076923 0.6899038461538461 0.19230769230769232 0.25240384615384615
0 0.5673076923076923 0.7247596153846154 0.19230769230769232 0.25721153846153844
0 0.7103365384615384 0.7487980769230769 0.1875 0.24759615384615385
0 0.8533653846153846 0.7800480769230769 0.18990384615384615 0.25721153846153844