0 0.1658653846153846 0.17908653846153846 0.2283653846153846 0.2644230769230769
0 0.1346153846153846 0.41947115384615385 0.2283653846153846 0.2620192307692308
0 0.10096153846153846 0.6478365384615384 0.20192307692307693 0.2668269230769231
0 0.359375 0.21514423076923078 0.22596153846153846 0.25
0 0.31850961538461536 0.4495192307692308 0.22115384615384615 0.2620192307692308
0 0.2800480769230769 0.6766826923076923 0.2283653846153846 0.2620192307692308
0 0.546875 0.2512019230769231 0.21875 0.2548076923076923
0 0.5036057692307693 0.47836538461538464 0.21875 0.25721153846153844
0 0.4639423076923077 0.703125 0.21634615384615385 0.25721153846153844
0 0.734375 0.28365384615384615 0.21394230769230768 0.2620192307692308
0 0.6899038461538461 0.5096153846153846 0.21394230769230768 0.2548076923076923
0 0.6478365384615384 0.7403846153846154 0.21875 0.25961538461538464
0 0.9050480769230769 0.31009615384615385 0.18990384615384615 0.2644230769230769
0 0.8713942307692307 0.5420673076923077 0.21634615384615385 0.2620192307692308
0 0.8353365384615384 0.7716346153846154 0.21875 0.2620192307692308