0 0.12980769230769232 0.22235576923076922 0.20192307692307693 0.24519230769230768
0 0.12740384615384615 0.4639423076923077 0.20192307692307693 0.24278846153846154
0 0.11177884615384616 0.6983173076923077 0.19471153846153846 0.24759615384615385
0 0.32572115384615385 0.234375 0.19951923076923078 0.23076923076923078
0 0.3137019230769231 0.4723557692307692 0.19471153846153846 0.24278846153846154
0 0.30288461538461536 0.7019230769230769 0.20192307692307693 0.24278846153846154
0 0.515625 0.24639423076923078 0.19230769230769232 0.23557692307692307
0 0.5012019230769231 0.47836538461538464 0.19230769230769232 0.23798076923076922
0 0.4891826923076923 0.7067307692307693 0.18990384615384615 0.23798076923076922
0 0.7055288461538461 0.25721153846153844 0.1875 0.24278846153846154
0 0.6887019230769231 0.4855769230769231 0.1875 0.23557692307692307
0 0.6766826923076923 0.7199519230769231 0.19230769230769232 0.2403846153846154
0 0.8942307692307693 0.2608173076923077 0.18990384615384615 0.24519230769230768
0 0.8737980769230769 0.4963942307692308 0.18990384615384615 0.24278846153846154
0 0.8665865384615384 0.7295673076923077 0.19230769230769232 0.24278846153846154