0 0.19471153846153846 0.09495192307692307 0.21153846153846154 0.18990384615384615
0 0.3557692307692308 0.11899038461538461 0.20432692307692307 0.2283653846153846
0 0.5108173076923077 0.15384615384615385 0.20673076923076922 0.2403846153846154
0 0.6634615384615384 0.19591346153846154 0.20432692307692307 0.23557692307692307
0 0.8161057692307693 0.2439903846153846 0.20432692307692307 0.23557692307692307
0 0.9362980769230769 0.2824519230769231 0.12740384615384615 0.23798076923076922
0 0.14302884615384615 0.27163461538461536 0.20673076923076922 0.23557692307692307
0 0.30288461538461536 0.3161057692307692 0.20432692307692307 0.2283653846153846
0 0.4567307692307692 0.35096153846153844 0.19230769230769232 0.22596153846153846
0 0.6045673076923077 0.39663461538461536 0.19951923076923078 0.2283653846153846
0 0.7608173076923077 0.4411057692307692 0.19951923076923078 0.23317307692307693
0 0.9074519230769231 0.48197115384615385 0.18509615384615385 0.23798076923076922
0 0.09615384615384616 0.4639423076923077 0.19230769230769232 0.23076923076923078
0 0.24639423076923078 0.5120192307692307 0.20192307692307693 0.2283653846153846
0 0.4050480769230769 0.546875 0.19951923076923078 0.2283653846153846
0 0.5576923076923077 0.5925480769230769 0.19951923076923078 0.2283653846153846
0 0.7115384615384616 0.6394230769230769 0.20192307692307693 0.22596153846153846
0 0.8689903846153846 0.6802884615384616 0.20673076923076922 0.2403846153846154
0 0.06971153846153846 0.6610576923076923 0.13942307692307693 0.22596153846153846
0 0.19591346153846154 0.7019230769230769 0.19951923076923078 0.22355769230769232
0 0.35096153846153844 0.7439903846153846 0.20192307692307693 0.23317307692307693
0 0.5024038461538461 0.7860576923076923 0.19471153846153846 0.22115384615384615
0 0.6598557692307693 0.8293269230769231 0.19951923076923078 0.22355769230769232
0 0.8185096153846154 0.8737980769230769 0.2091346153846154 0.23076923076923078