0 0.06490384615384616 0.27524038461538464 0.12980769230769232 0.23317307692307693
0 0.18870192307692307 0.23677884615384615 0.20192307692307693 0.2283653846153846
0 0.34134615384615385 0.19230769230769232 0.20432692307692307 0.23798076923076922
0 0.4951923076923077 0.15384615384615385 0.20192307692307693 0.23317307692307693
0 0.6526442307692307 0.12259615384615384 0.20192307692307693 0.23317307692307693
0 0.8125 0.09735576923076923 0.20673076923076922 0.19471153846153846
0 0.0889423076923077 0.47115384615384615 0.1778846153846154 0.23557692307692307
0 0.23798076923076922 0.43509615384615385 0.20192307692307693 0.2283653846153846
0 0.3894230769230769 0.390625 0.18990384615384615 0.22355769230769232
0 0.5420673076923077 0.3581730769230769 0.1971153846153846 0.22596153846153846
0 0.6995192307692307 0.32211538461538464 0.1971153846153846 0.23076923076923078
0 0.859375 0.28125 0.20673076923076922 0.23557692307692307
0 0.125 0.6670673076923077 0.20192307692307693 0.23076923076923078
0 0.28365384615384615 0.6334134615384616 0.19951923076923078 0.22596153846153846
0 0.43990384615384615 0.5865384615384616 0.1971153846153846 0.22596153846153846
0 0.5949519230769231 0.5528846153846154 0.1971153846153846 0.22596153846153846
0 0.7524038461538461 0.5204326923076923 0.19951923076923078 0.22596153846153846
0 0.9038461538461539 0.4795673076923077 0.19230769230769232 0.23798076923076922
0 0.17427884615384615 0.8641826923076923 0.19951923076923078 0.22596153846153846
0 0.3317307692307692 0.8245192307692307 0.1971153846153846 0.22115384615384615
0 0.4879807692307692 0.7848557692307693 0.19951923076923078 0.23076923076923078
0 0.640625 0.7487980769230769 0.19230769230769232 0.21875
0 0.7992788461538461 0.7103365384615384 0.1971153846153846 0.22115384615384615
0 0.9278846153846154 0.671875 0.14423076923076922 0.2283653846153846