0 0.07932692307692307 0.203125 0.15865384615384615 0.21394230769230768
0 0.234375 0.19110576923076922 0.17548076923076922 0.20673076923076922
0 0.3918269230769231 0.171875 0.17548076923076922 0.21875
0 0.5492788461538461 0.15745192307692307 0.17548076923076922 0.21394230769230768
0 0.7091346153846154 0.15144230769230768 0.17548076923076922 0.21394230769230768
0 0.875 0.13221153846153846 0.18028846153846154 0.21634615384615385
0 0.08774038461538461 0.40625 0.17548076923076922 0.21634615384615385
0 0.25240384615384615 0.3954326923076923 0.17548076923076922 0.20673076923076922
0 0.40865384615384615 0.375 0.16346153846153846 0.20673076923076922
0 0.5637019230769231 0.36658653846153844 0.17067307692307693 0.20673076923076922
0 0.7247596153846154 0.3557692307692308 0.17067307692307693 0.21153846153846154
0 0.8894230769230769 0.3401442307692308 0.18028846153846154 0.21634615384615385
0 0.10336538461538461 0.6057692307692307 0.17548076923076922 0.2091346153846154
0 0.265625 0.5973557692307693 0.17307692307692307 0.20673076923076922
0 0.4266826923076923 0.5769230769230769 0.17067307692307693 0.20673076923076922
0 0.5853365384615384 0.5673076923076923 0.17067307692307693 0.20673076923076922
0 0.7463942307692307 0.5588942307692307 0.17548076923076922 0.20432692307692307
0 0.9074519230769231 0.5444711538461539 0.17548076923076922 0.21875
0 0.12139423076923077 0.8088942307692307 0.17548076923076922 0.20432692307692307
0 0.28365384615384615 0.7944711538461539 0.17307692307692307 0.20192307692307693
0 0.44350961538461536 0.7800480769230769 0.17307692307692307 0.21153846153846154
0 0.5997596153846154 0.7680288461538461 0.16826923076923078 0.19951923076923078
0 0.7620192307692307 0.7548076923076923 0.17307692307692307 0.20192307692307693
0 0.9182692307692307 0.7415865384615384 0.16346153846153846 0.2091346153846154