0 0.0889423076923077 0.17427884615384615 0.16826923076923078 0.20192307692307693
0 0.25600961538461536 0.17307692307692307 0.16105769230769232 0.1971153846153846
0 0.41466346153846156 0.16466346153846154 0.16105769230769232 0.2091346153846154
0 0.5733173076923077 0.1622596153846154 0.16105769230769232 0.20432692307692307
0 0.7331730769230769 0.16706730769230768 0.16105769230769232 0.20432692307692307
0 0.9002403846153846 0.15865384615384615 0.1658653846153846 0.20432692307692307
0 0.09375 0.3786057692307692 0.16346153846153846 0.20432692307692307
0 0.25961538461538464 0.37740384615384615 0.16105769230769232 0.1971153846153846
0 0.4170673076923077 0.36899038461538464 0.14903846153846154 0.1971153846153846
0 0.5721153846153846 0.3713942307692308 0.15625 0.1971153846153846
0 0.734375 0.37259615384615385 0.15625 0.20192307692307693
0 0.8990384615384616 0.36778846153846156 0.1658653846153846 0.20432692307692307
0 0.09735576923076923 0.578125 0.16105769230769232 0.19951923076923078
0 0.25961538461538464 0.5805288461538461 0.15865384615384615 0.1971153846153846
0 0.421875 0.5709134615384616 0.15625 0.1971153846153846
0 0.5805288461538461 0.5733173076923077 0.15625 0.1971153846153846
0 0.7415865384615384 0.5757211538461539 0.16105769230769232 0.19471153846153846
0 0.9038461538461539 0.5721153846153846 0.16105769230769232 0.2091346153846154
0 0.10096153846153846 0.7824519230769231 0.16105769230769232 0.19471153846153846
0 0.26322115384615385 0.7776442307692307 0.15865384615384615 0.19230769230769232
0 0.42427884615384615 0.7752403846153846 0.15865384615384615 0.20192307692307693
0 0.5805288461538461 0.7740384615384616 0.15384615384615385 0.18990384615384615
0 0.7439903846153846 0.7716346153846154 0.15865384615384615 0.19230769230769232
0 0.9086538461538461 0.7716346153846154 0.1658653846153846 0.1971153846153846