0 0.08774038461538461 0.3798076923076923 0.17548076923076922 0.3557692307692308
0 0.23076923076923078 0.3581730769230769 0.21394230769230768 0.3605769230769231
0 0.390625 0.3329326923076923 0.2091346153846154 0.33413461538461536
0 0.546875 0.30408653846153844 0.2091346153846154 0.34134615384615385
0 0.12379807692307693 0.7079326923076923 0.21153846153846154 0.35096153846153844
0 0.2860576923076923 0.6814903846153846 0.21153846153846154 0.35096153846153844
0 0.44591346153846156 0.6538461538461539 0.2091346153846154 0.33653846153846156
0 0.6033653846153846 0.6286057692307693 0.2091346153846154 0.35096153846153844
0 0.7079326923076923 0.28125 0.21153846153846154 0.34375
0 0.7632211538461539 0.6081730769230769 0.2091346153846154 0.34134615384615385
0 0.8689903846153846 0.24879807692307693 0.21875 0.35096153846153844
0 0.9098557692307693 0.5769230769230769 0.18028846153846154 0.34134615384615385