0 0.11658653846153846 0.2668269230769231 0.1971153846153846 0.34615384615384615
0 0.2800480769230769 0.28966346153846156 0.19230769230769232 0.35336538461538464
0 0.4411057692307692 0.3088942307692308 0.1875 0.3269230769230769
0 0.5997596153846154 0.3245192307692308 0.18990384615384615 0.33413461538461536
0 0.08774038461538461 0.5949519230769231 0.17548076923076922 0.34375
0 0.2439903846153846 0.6153846153846154 0.18990384615384615 0.34375
0 0.40625 0.6322115384615384 0.1875 0.3293269230769231
0 0.5637019230769231 0.6514423076923077 0.1875 0.34375
0 0.7596153846153846 0.3473557692307692 0.19230769230769232 0.33653846153846156
0 0.7235576923076923 0.6766826923076923 0.18990384615384615 0.33413461538461536
0 0.9122596153846154 0.3605769230769231 0.17548076923076922 0.34134615384615385
0 0.8870192307692307 0.6923076923076923 0.19230769230769232 0.33413461538461536