0 0.09375 0.32211538461538464 0.1875 0.28846153846153844
0 0.25600961538461536 0.28725961538461536 0.23317307692307693 0.27884615384615385
0 0.11778846153846154 0.5745192307692307 0.23557692307692307 0.28365384615384615
0 0.16706730769230768 0.8185096153846154 0.23317307692307693 0.2764423076923077
0 0.3076923076923077 0.53125 0.23317307692307693 0.27884615384615385
0 0.359375 0.7740384615384616 0.23317307692307693 0.27403846153846156
0 0.44471153846153844 0.2512019230769231 0.23317307692307693 0.28125
0 0.4963942307692308 0.49038461538461536 0.23317307692307693 0.27884615384615385
0 0.5480769230769231 0.7319711538461539 0.22596153846153846 0.27403846153846156
0 0.6334134615384616 0.2127403846153846 0.23557692307692307 0.27403846153846156
0 0.6875 0.4579326923076923 0.23076923076923078 0.2692307692307692
0 0.7367788461538461 0.6971153846153846 0.2283653846153846 0.2620192307692308
0 0.9050480769230769 0.6514423076923077 0.18990384615384615 0.27884615384615385
0 0.8798076923076923 0.41346153846153844 0.2403846153846154 0.28365384615384615
0 0.8245192307692307 0.1658653846153846 0.23317307692307693 0.27403846153846156