0 0.09735576923076923 0.2920673076923077 0.19471153846153846 0.2764423076923077
0 0.27163461538461536 0.27163461538461536 0.21634615384615385 0.2692307692307692
0 0.11177884615384616 0.5480769230769231 0.22355769230769232 0.27403846153846156
0 0.14543269230769232 0.7944711538461539 0.21875 0.2668269230769231
0 0.30528846153846156 0.5180288461538461 0.21634615384615385 0.2692307692307692
0 0.3401442307692308 0.7644230769230769 0.21875 0.2644230769230769
0 0.46274038461538464 0.24759615384615385 0.21875 0.27163461538461536
0 0.49759615384615385 0.49038461538461536 0.21634615384615385 0.2692307692307692
0 0.53125 0.734375 0.21153846153846154 0.2644230769230769
0 0.6526442307692307 0.22235576923076922 0.22115384615384615 0.2644230769230769
0 0.6899038461538461 0.47115384615384615 0.21634615384615385 0.25961538461538464
0 0.7223557692307693 0.7127403846153846 0.21394230769230768 0.25240384615384615
0 0.9026442307692307 0.6802884615384616 0.19471153846153846 0.2692307692307692
0 0.8858173076923077 0.4411057692307692 0.2283653846153846 0.27163461538461536
0 0.8473557692307693 0.18870192307692307 0.21875 0.2644230769230769