0 0.09735576923076923 0.2860576923076923 0.19471153846153846 0.27403846153846156
0 0.27524038461538464 0.2668269230769231 0.21394230769230768 0.2668269230769231
0 0.11177884615384616 0.5420673076923077 0.21875 0.27163461538461536
0 0.140625 0.7884615384615384 0.21634615384615385 0.2644230769230769
0 0.30528846153846156 0.5144230769230769 0.21394230769230768 0.2668269230769231
0 0.33533653846153844 0.7608173076923077 0.21634615384615385 0.2620192307692308
0 0.46634615384615385 0.24759615384615385 0.21394230769230768 0.2692307692307692
0 0.49759615384615385 0.49038461538461536 0.21394230769230768 0.2668269230769231
0 0.5276442307692307 0.7355769230769231 0.2091346153846154 0.2620192307692308
0 0.6574519230769231 0.2247596153846154 0.21875 0.2620192307692308
0 0.6911057692307693 0.47475961538461536 0.21153846153846154 0.25721153846153844
0 0.71875 0.7163461538461539 0.21153846153846154 0.25
0 0.9014423076923077 0.6887019230769231 0.1971153846153846 0.2668269230769231
0 0.8870192307692307 0.44711538461538464 0.22355769230769232 0.2692307692307692
0 0.8521634615384616 0.19471153846153846 0.21634615384615385 0.2620192307692308