0 0.30649038461538464 0.21394230769230768 0.1971153846153846 0.24759615384615385
0 0.4879807692307692 0.20072115384615385 0.1875 0.2548076923076923
0 0.6598557692307693 0.19230769230769232 0.1875 0.24519230769230768
0 0.2283653846153846 0.45913461538461536 0.19230769230769232 0.25240384615384615
0 0.41346153846153844 0.4495192307692308 0.18990384615384615 0.25
0 0.5913461538461539 0.4362980769230769 0.18990384615384615 0.24759615384615385
0 0.7728365384615384 0.42788461538461536 0.19230769230769232 0.25
0 0.1466346153846154 0.7055288461538461 0.19230769230769232 0.2548076923076923
0 0.3293269230769231 0.6959134615384616 0.18990384615384615 0.25
0 0.515625 0.6862980769230769 0.19230769230769232 0.25
0 0.6959134615384616 0.6754807692307693 0.1875 0.24519230769230768
0 0.875 0.6646634615384616 0.19471153846153846 0.2548076923076923