0 0.2920673076923077 0.2247596153846154 0.2091346153846154 0.25721153846153844
0 0.4723557692307692 0.20192307692307693 0.19951923076923078 0.2620192307692308
0 0.6430288461538461 0.18389423076923078 0.19951923076923078 0.25240384615384615
0 0.22596153846153846 0.4735576923076923 0.20432692307692307 0.25961538461538464
0 0.4110576923076923 0.4543269230769231 0.20192307692307693 0.25721153846153844
0 0.5877403846153846 0.43149038461538464 0.20192307692307693 0.2548076923076923
0 0.7692307692307693 0.41346153846153844 0.20432692307692307 0.25721153846153844
0 0.15745192307692307 0.7235576923076923 0.20432692307692307 0.2620192307692308
0 0.3401442307692308 0.7043269230769231 0.20192307692307693 0.25721153846153844
0 0.5252403846153846 0.6850961538461539 0.20432692307692307 0.25721153846153844
0 0.7043269230769231 0.6646634615384616 0.19951923076923078 0.25240384615384615
0 0.8822115384615384 0.6442307692307693 0.20673076923076922 0.2620192307692308