0 0.057692307692307696 0.10096153846153846 0.11538461538461539 0.13942307692307693
0 0.08413461538461539 0.30288461538461536 0.16826923076923078 0.30288461538461536
0 0.10216346153846154 0.5733173076923077 0.20432692307692307 0.2860576923076923
0 0.25240384615384615 0.0733173076923077 0.2860576923076923 0.12980769230769232
0 0.5324519230769231 0.056490384615384616 0.3004807692307692 0.11298076923076923
0 0.8209134615384616 0.039663461538461536 0.28125 0.07932692307692307
0 0.2620192307692308 0.28125 0.23557692307692307 0.30288461538461536
0 0.48197115384615385 0.25841346153846156 0.24759615384615385 0.31490384615384615
0 0.7091346153846154 0.234375 0.25721153846153844 0.32211538461538464
0 0.8990384615384616 0.21995192307692307 0.1778846153846154 0.33413461538461536
0 0.10096153846153846 0.5745192307692307 0.20192307692307693 0.28365384615384615
0 0.3293269230769231 0.5564903846153846 0.28365384615384615 0.3004807692307692
0 0.6021634615384616 0.5408653846153846 0.3245192307692308 0.3317307692307692
0 0.8713942307692307 0.5240384615384616 0.25721153846153844 0.3173076923076923
0 0.14543269230769232 0.8269230769230769 0.21634615384615385 0.25961538461538464
0 0.34134615384615385 0.8125 0.23076923076923078 0.25240384615384615
0 0.5576923076923077 0.8004807692307693 0.23798076923076922 0.25
0 0.7872596153846154 0.7848557692307693 0.25 0.23076923076923078
0 0.9507211538461539 0.7752403846153846 0.0985576923076923 0.21394230769230768