0 0.12860576923076922 0.04326923076923077 0.16105769230769232 0.08653846153846154
0 0.11899038461538461 0.21875 0.2091346153846154 0.3076923076923077
0 0.10096153846153846 0.4879807692307692 0.20192307692307693 0.2932692307692308
0 0.34615384615384615 0.05048076923076923 0.28846153846153844 0.10096153846153846
0 0.625 0.0673076923076923 0.30288461538461536 0.1346153846153846
0 0.8858173076923077 0.09495192307692307 0.2283653846153846 0.13221153846153846
0 0.3137019230769231 0.23557692307692307 0.24519230769230768 0.31009615384615385
0 0.5336538461538461 0.25961538461538464 0.25721153846153844 0.31971153846153844
0 0.7608173076923077 0.28365384615384615 0.2668269230769231 0.3293269230769231
0 0.9266826923076923 0.3088942307692308 0.1466346153846154 0.3389423076923077
0 0.09975961538461539 0.4891826923076923 0.19951923076923078 0.29086538461538464
0 0.32091346153846156 0.5192307692307693 0.29086538461538464 0.3076923076923077
0 0.5913461538461539 0.5612980769230769 0.33413461538461536 0.34134615384615385
0 0.8629807692307693 0.6021634615384616 0.27403846153846156 0.3245192307692308
0 0.0985576923076923 0.7451923076923077 0.1971153846153846 0.2644230769230769
0 0.2800480769230769 0.7728365384615384 0.23798076923076922 0.25961538461538464
0 0.49399038461538464 0.8052884615384616 0.24519230769230768 0.2548076923076923
0 0.7211538461538461 0.8389423076923077 0.25721153846153844 0.23798076923076922
0 0.8966346153846154 0.8677884615384616 0.1346153846153846 0.21634615384615385