0 0.051682692307692304 0.11778846153846154 0.10336538461538461 0.14423076923076922
0 0.0829326923076923 0.3173076923076923 0.1658653846153846 0.3076923076923077
0 0.1045673076923077 0.5865384615384616 0.2091346153846154 0.2932692307692308
0 0.23798076923076922 0.08173076923076923 0.28846153846153844 0.13942307692307693
0 0.5168269230769231 0.05889423076923077 0.30288461538461536 0.11778846153846154
0 0.8028846153846154 0.037259615384615384 0.28365384615384615 0.07451923076923077
0 0.2548076923076923 0.28966346153846156 0.24519230769230768 0.31009615384615385
0 0.4735576923076923 0.25841346153846156 0.25721153846153844 0.31971153846153844
0 0.7007211538461539 0.22716346153846154 0.2668269230769231 0.3293269230769231
0 0.8894230769230769 0.20673076923076922 0.18990384615384615 0.3389423076923077
0 0.10576923076923077 0.5877403846153846 0.21153846153846154 0.29086538461538464
0 0.33052884615384615 0.5625 0.29086538461538464 0.3076923076923077
0 0.6033653846153846 0.5372596153846154 0.33413461538461536 0.34134615384615385
0 0.8689903846153846 0.5108173076923077 0.2620192307692308 0.3245192307692308
0 0.15625 0.8389423076923077 0.22596153846153846 0.2644230769230769
0 0.35216346153846156 0.8185096153846154 0.23798076923076922 0.25961538461538464
0 0.5685096153846154 0.7980769230769231 0.24519230769230768 0.2548076923076923
0 0.796875 0.7752403846153846 0.25721153846153844 0.23798076923076922
0 0.953125 0.7596153846153846 0.09375 0.21634615384615385