0 0.10336538461538461 0.2956730769230769 0.20673076923076922 0.21634615384615385
0 0.33413461538461536 0.2824519230769231 0.27884615384615385 0.22596153846153846
0 0.6069711538461539 0.2704326923076923 0.27884615384615385 0.22115384615384615
0 0.8641826923076923 0.25600961538461536 0.25721153846153844 0.21634615384615385
0 0.11177884615384616 0.4963942307692308 0.22355769230769232 0.20432692307692307
0 0.36177884615384615 0.48677884615384615 0.27884615384615385 0.2091346153846154
0 0.6322115384615384 0.4699519230769231 0.27403846153846156 0.2091346153846154
0 0.8810096153846154 0.4567307692307692 0.23798076923076922 0.20673076923076922
0 0.12139423076923077 0.6935096153846154 0.23317307692307693 0.19951923076923078
0 0.37259615384615385 0.6814903846153846 0.25961538461538464 0.19951923076923078
0 0.625 0.6682692307692307 0.2692307692307692 0.20673076923076922
0 0.8762019230769231 0.65625 0.24759615384615385 0.21153846153846154