0 0.09615384615384616 0.37740384615384615 0.19230769230769232 0.25
0 0.2956730769230769 0.31850961538461536 0.3125 0.2692307692307692
0 0.5612980769230769 0.2548076923076923 0.31009615384615385 0.2668269230769231
0 0.8100961538461539 0.19110576923076922 0.29086538461538464 0.25721153846153844
0 0.12379807692307693 0.5697115384615384 0.24759615384615385 0.2403846153846154
0 0.36177884615384615 0.5132211538461539 0.3076923076923077 0.2548076923076923
0 0.6237980769230769 0.44591346153846156 0.30288461538461536 0.25240384615384615
0 0.8653846153846154 0.3858173076923077 0.2692307692307692 0.24519230769230768
0 0.16466346153846154 0.7620192307692307 0.2620192307692308 0.23557692307692307
0 0.40865384615384615 0.7019230769230769 0.28846153846153844 0.24278846153846154
0 0.6550480769230769 0.640625 0.2980769230769231 0.25
0 0.8810096153846154 0.5817307692307693 0.23798076923076922 0.2548076923076923