0 0.09735576923076923 0.3473557692307692 0.19471153846153846 0.23798076923076922
0 0.3088942307692308 0.30408653846153844 0.30288461538461536 0.2548076923076923
0 0.578125 0.25961538461538464 0.3004807692307692 0.25
0 0.8317307692307693 0.2127403846153846 0.27884615384615385 0.24519230769230768
0 0.11778846153846154 0.5444711538461539 0.23557692307692307 0.2283653846153846
0 0.36177884615384615 0.5036057692307693 0.2980769230769231 0.23798076923076922
0 0.6274038461538461 0.4543269230769231 0.2932692307692308 0.23798076923076922
0 0.8713942307692307 0.4110576923076923 0.25721153846153844 0.23076923076923078
0 0.14783653846153846 0.7379807692307693 0.25240384615384615 0.22355769230769232
0 0.3954326923076923 0.6959134615384616 0.27884615384615385 0.2283653846153846
0 0.6454326923076923 0.6514423076923077 0.28846153846153844 0.23557692307692307
0 0.8798076923076923 0.6105769230769231 0.2403846153846154 0.2403846153846154