0 0.10216346153846154 0.31009615384615385 0.20432692307692307 0.22115384615384615
0 0.3269230769230769 0.28846153846153844 0.2860576923076923 0.23317307692307693
0 0.5985576923076923 0.2668269230769231 0.2860576923076923 0.2283653846153846
0 0.8557692307692307 0.24278846153846154 0.2644230769230769 0.22596153846153846
0 0.1141826923076923 0.5096153846153846 0.2283653846153846 0.21153846153846154
0 0.36177884615384615 0.49158653846153844 0.2860576923076923 0.21634615384615385
0 0.6310096153846154 0.4651442307692308 0.28125 0.21634615384615385
0 0.8774038461538461 0.44350961538461536 0.24519230769230768 0.21394230769230768
0 0.12860576923076922 0.7067307692307693 0.23798076923076922 0.20673076923076922
0 0.3786057692307692 0.6850961538461539 0.2644230769230769 0.2091346153846154
0 0.6310096153846154 0.6634615384615384 0.2764423076923077 0.21394230769230768
0 0.8774038461538461 0.6442307692307693 0.24519230769230768 0.22115384615384615