0 0.5012019230769231 0.2247596153846154 0.21634615384615385 0.2403846153846154
0 0.484375 0.6706730769230769 0.20432692307692307 0.22115384615384615
0 0.7055288461538461 0.23197115384615385 0.20432692307692307 0.23317307692307693
0 0.90625 0.23557692307692307 0.1875 0.2403846153846154
0 0.49399038461538464 0.4567307692307692 0.21394230769230768 0.22596153846153846
0 0.9026442307692307 0.46875 0.19471153846153846 0.22596153846153846
0 0.7007211538461539 0.45913461538461536 0.20673076923076922 0.2283653846153846
0 0.6887019230769231 0.6826923076923077 0.2091346153846154 0.22115384615384615
0 0.8882211538461539 0.6862980769230769 0.19471153846153846 0.21634615384615385
0 0.23197115384615385 0.7151442307692307 0.2668269230769231 0.2091346153846154
0 0.4807692307692308 0.8545673076923077 0.20432692307692307 0.13701923076923078
0 0.8870192307692307 0.8701923076923077 0.20432692307692307 0.1346153846153846
0 0.6778846153846154 0.8545673076923077 0.20673076923076922 0.14423076923076922