0 0.5252403846153846 0.22596153846153846 0.23557692307692307 0.25721153846153844
0 0.4699519230769231 0.6682692307692307 0.22115384615384615 0.23557692307692307
0 0.7283653846153846 0.2512019230769231 0.22355769230769232 0.24759615384615385
0 0.9122596153846154 0.27163461538461536 0.17548076923076922 0.2548076923076923
0 0.49759615384615385 0.4567307692307692 0.23076923076923078 0.24278846153846154
0 0.8990384615384616 0.5048076923076923 0.20192307692307693 0.2403846153846154
0 0.7043269230769231 0.47716346153846156 0.22596153846153846 0.24278846153846154
0 0.671875 0.6983173076923077 0.22596153846153846 0.23798076923076922
0 0.8701923076923077 0.7199519230769231 0.21153846153846154 0.23076923076923078
0 0.21394230769230768 0.6911057692307693 0.28125 0.23076923076923078
0 0.4495192307692308 0.8509615384615384 0.21394230769230768 0.15384615384615385
0 0.8533653846153846 0.9026442307692307 0.21394230769230768 0.15144230769230768
0 0.6454326923076923 0.8689903846153846 0.21634615384615385 0.16105769230769232