0 0.5540865384615384 0.22956730769230768 0.25721153846153844 0.27403846153846156
0 0.4519230769230769 0.6646634615384616 0.2403846153846154 0.25240384615384615
0 0.7524038461538461 0.2764423076923077 0.24278846153846154 0.2644230769230769
0 0.9182692307692307 0.31850961538461536 0.16346153846153846 0.27163461538461536
0 0.5024038461538461 0.4567307692307692 0.25 0.25961538461538464
0 0.8930288461538461 0.546875 0.21394230769230768 0.25721153846153844
0 0.7055288461538461 0.49759615384615385 0.24519230769230768 0.25961538461538464
0 0.6502403846153846 0.7151442307692307 0.24519230769230768 0.2548076923076923
0 0.8449519230769231 0.7572115384615384 0.23076923076923078 0.24519230769230768
0 0.19471153846153846 0.6598557692307693 0.2980769230769231 0.25240384615384615
0 0.41346153846153844 0.84375 0.22355769230769232 0.17067307692307693
0 0.8088942307692307 0.9266826923076923 0.22355769230769232 0.1466346153846154
0 0.6069711538461539 0.8822115384615384 0.2283653846153846 0.1778846153846154