0 0.4483173076923077 0.22956730769230768 0.24278846153846154 0.2620192307692308
0 0.5168269230769231 0.6706730769230769 0.2283653846153846 0.24278846153846154
0 0.6502403846153846 0.1971153846153846 0.23076923076923078 0.2548076923076923
0 0.8557692307692307 0.16105769230769232 0.22596153846153846 0.25961538461538464
0 0.4855769230769231 0.4579326923076923 0.23798076923076922 0.24759615384615385
0 0.8894230769230769 0.3918269230769231 0.22115384615384615 0.24519230769230768
0 0.6899038461538461 0.421875 0.23076923076923078 0.25
0 0.7199519230769231 0.6430288461538461 0.23317307692307693 0.24278846153846154
0 0.9026442307692307 0.6081730769230769 0.19471153846153846 0.23557692307692307
0 0.2776442307692308 0.7632211538461539 0.28846153846153844 0.23798076923076922
0 0.5480769230769231 0.8509615384615384 0.21634615384615385 0.15865384615384615
0 0.9206730769230769 0.7896634615384616 0.15865384615384615 0.15625
0 0.7415865384615384 0.8149038461538461 0.22115384615384615 0.1658653846153846