0 0.12259615384615384 0.21394230769230768 0.21153846153846154 0.3317307692307692
0 0.2608173076923077 0.09014423076923077 0.13221153846153846 0.18028846153846154
0 0.3605769230769231 0.09975961538461539 0.14423076923076922 0.19951923076923078
0 0.47596153846153844 0.1045673076923077 0.14903846153846154 0.2091346153846154
0 0.6129807692307693 0.11658653846153846 0.15865384615384615 0.22355769230769232
0 0.75 0.12620192307692307 0.17548076923076922 0.20432692307692307
0 0.3161057692307692 0.3125 0.15384615384615385 0.27163461538461536
0 0.4483173076923077 0.3401442307692308 0.15625 0.28365384615384615
0 0.5769230769230769 0.3545673076923077 0.1658653846153846 0.2956730769230769
0 0.7163461538461539 0.36778846153846156 0.1875 0.3173076923076923
0 0.27163461538461536 0.5673076923076923 0.13701923076923078 0.27163461538461536
0 0.4098557692307692 0.6057692307692307 0.17548076923076922 0.2980769230769231
0 0.5384615384615384 0.6310096153846154 0.17548076923076922 0.30288461538461536
0 0.6766826923076923 0.6598557692307693 0.1875 0.3173076923076923
0 0.23798076923076922 0.7836538461538461 0.15625 0.21875