0 0.09495192307692307 0.10336538461538461 0.18990384615384615 0.12980769230769232
0 0.10817307692307693 0.28365384615384615 0.21634615384615385 0.30288461538461536
0 0.12259615384615384 0.5528846153846154 0.24519230769230768 0.2932692307692308
0 0.15985576923076922 0.8088942307692307 0.27403846153846156 0.2932692307692308
0 0.32572115384615385 0.24879807692307693 0.28125 0.2980769230769231
0 0.3629807692307692 0.5096153846153846 0.2764423076923077 0.2956730769230769
0 0.4098557692307692 0.7704326923076923 0.27403846153846156 0.2956730769230769
0 0.5588942307692307 0.21875 0.2548076923076923 0.2692307692307692
0 0.6069711538461539 0.47596153846153844 0.2692307692307692 0.2980769230769231
0 0.6478365384615384 0.7379807692307693 0.2692307692307692 0.2932692307692308
0 0.7644230769230769 0.051682692307692304 0.20673076923076922 0.10336538461538461
0 0.7848557692307693 0.19591346153846154 0.21153846153846154 0.23076923076923078
0 0.8485576923076923 0.4338942307692308 0.28125 0.30288461538461536
0 0.8725961538461539 0.7019230769230769 0.2548076923076923 0.30288461538461536