0 0.10096153846153846 0.0889423076923077 0.20192307692307693 0.1201923076923077
0 0.109375 0.2692307692307692 0.21875 0.2980769230769231
0 0.1201923076923077 0.5396634615384616 0.2403846153846154 0.2860576923076923
0 0.14903846153846154 0.796875 0.2668269230769231 0.2860576923076923
0 0.33413461538461536 0.24278846153846154 0.27403846153846156 0.29086538461538464
0 0.3629807692307692 0.5048076923076923 0.2692307692307692 0.28846153846153844
0 0.40024038461538464 0.7668269230769231 0.2668269230769231 0.28846153846153844
0 0.5685096153846154 0.22115384615384615 0.24759615384615385 0.2620192307692308
0 0.6081730769230769 0.4807692307692308 0.2620192307692308 0.29086538461538464
0 0.6394230769230769 0.7427884615384616 0.2620192307692308 0.2860576923076923
0 0.78125 0.055288461538461536 0.20192307692307693 0.11057692307692307
0 0.7956730769230769 0.20552884615384615 0.20673076923076922 0.22596153846153846
0 0.8509615384615384 0.44591346153846156 0.27163461538461536 0.2956730769230769
0 0.8713942307692307 0.7151442307692307 0.25721153846153844 0.2956730769230769