0 0.07572115384615384 0.15264423076923078 0.15144230769230768 0.15144230769230768
0 0.1045673076923077 0.3293269230769231 0.2091346153846154 0.32211538461538464
0 0.13221153846153846 0.5925480769230769 0.2644230769230769 0.31009615384615385
0 0.1935096153846154 0.8425480769230769 0.2956730769230769 0.3125
0 0.29927884615384615 0.2692307692307692 0.30528846153846156 0.31971153846153844
0 0.3641826923076923 0.5240384615384616 0.3004807692307692 0.31490384615384615
0 0.4375 0.7776442307692307 0.2980769230769231 0.31490384615384615
0 0.5288461538461539 0.21394230769230768 0.27403846153846156 0.28846153846153844
0 0.6045673076923077 0.4651442307692308 0.2932692307692308 0.31490384615384615
0 0.671875 0.7211538461538461 0.29086538461538464 0.31009615384615385
0 0.7139423076923077 0.04326923076923077 0.21634615384615385 0.08653846153846154
0 0.7512019230769231 0.16706730769230768 0.23076923076923078 0.24519230769230768
0 0.8401442307692307 0.39783653846153844 0.30288461538461536 0.32211538461538464
0 0.8774038461538461 0.6586538461538461 0.24519230769230768 0.32211538461538464