0 0.3787944546875 0.3776533546875 0.37075085625000004 0.6309894953125 0.53849199375 0.63631539375 0.5465355921875 0.382979253125 0.3787944546875 0.3776533546875
0 0.538385796875 0.6271772906249999 0.6657474890625 0.6351553828125 0.6773071296875 0.45061811250000006 0.5499454375 0.44264002031249994 0.538385796875 0.6271772906249999
0 0.005396540625 0.40845002812500003 0.3602376015625 0.4300895921875 0.3789168546875 0.123791065625 0.024075793749999998 0.1021515015625 0.005396540625 0.40845002812500003
0 0 0.7163606984374999 0.32602022656249996 0.7347053203125 0.34306408125 0.431802328125 0.0038881109375 0.4127174546875 0 0.4869070328125 0 0.7163606984374999
0 0 0.8141062437500001 0.372988846875 0.8336537609375 0.3781678984375 0.7348315671875 0 0.715012628125 0 0.8141062437500001
0 0.3951881234375 0.6328392015625 0.382818296875 0.920248471875 0.6716737859374999 0.9326805437499999 0.6840436109375 0.645271271875 0.3951881234375 0.6328392015625
0 0.08158361562500001 0 0.0758827921875 0.1087782015625 0.346345996875 0.122952578125 0.35278966875 0 0.08158361562500001 0
0 0.3843144203125 0.3687656328125 0.5286475953124999 0.3763298140625 0.53839246875 0.19038655468750001 0.39405929375 0.18282237343750002 0.3843144203125 0.3687656328125
0 1 0.0255177171875 0.7108098984375 0.01036190625 0.6909113578125 0.39004865624999996 1 0.4062473046875 1 0.0255177171875
0 0.6852967109375 0.7378454062500001 0.676798378125 0.9330229171875001 0.97372595625 0.9459516078125001 0.9822242890625 0.7507740968750001 0.6852967109375 0.7378454062500001
0 0.6571128500000001 0.7364107062499999 0.9808872687499999 0.7533790046875 0.9986051171874999 0.4153023375 0.674830696875 0.3983340390625 0.6571128500000001 0.7364107062499999