0 0.582089552238806 0.5718085106382979 0.12686567164179105 0.17553191489361702
0 0.8955223880597015 0.625 0.1828358208955224 0.18085106382978725
0 0.13246268656716417 0.4920212765957447 0.16791044776119404 0.19148936170212766
0 0.7518656716417911 0.6037234042553191 0.12686567164179105 0.1702127659574468
0 0.44402985074626866 0.5531914893617021 0.16417910447761194 0.1702127659574468
0 0.26119402985074625 0.5186170212765957 0.13059701492537312 0.16489361702127658
0 0.23134328358208955 0.6542553191489362 0.16417910447761194 0.14893617021276595
0 0.5447761194029851 0.7180851063829787 0.17537313432835822 0.17553191489361702
0 0.09328358208955224 0.6382978723404256 0.11567164179104478 0.15425531914893617
0 0.4085820895522388 0.6968085106382979 0.12313432835820895 0.1702127659574468
0 0.7611940298507462 0.7579787234042553 0.17164179104477612 0.18085106382978725
0 0.9048507462686567 0.7845744680851063 0.13059701492537312 0.1702127659574468
0 0.43843283582089554 0.3882978723404255 0.12313432835820895 0.16489361702127658
0 0.5708955223880597 0.4122340425531915 0.16791044776119404 0.1702127659574468
0 0.9272388059701493 0.47606382978723405 0.1417910447761194 0.18617021276595744
0 0.7761194029850746 0.4601063829787234 0.17164179104477612 0.1702127659574468
0 0.12686567164179105 0.3484042553191489 0.12686567164179105 0.1702127659574468
0 0.2593283582089552 0.3723404255319149 0.16044776119402984 0.18617021276595744