0 0.4856115107913669 0.5552486187845304 0.20503597122302158 0.23204419889502761
0 0.6492805755395683 0.5441988950276243 0.11510791366906475 0.20441988950276244
0 0.2841726618705036 0.6104972375690608 0.17266187050359713 0.2265193370165746
0 0.10431654676258993 0.6602209944751382 0.1906474820143885 0.27624309392265195
0 0.9298561151079137 0.6519337016574586 0.10431654676258993 0.16022099447513813
0 0.8039568345323741 0.6767955801104972 0.18345323741007194 0.18232044198895028
0 0.49280575539568344 0.7596685082872928 0.21223021582733814 0.1878453038674033
0 0.6546762589928058 0.7541436464088398 0.12589928057553956 0.2265193370165746
0 0.2949640287769784 0.856353591160221 0.18345323741007194 0.24861878453038674
0 0.10611510791366907 0.8950276243093923 0.18345323741007194 0.20994475138121546
0 0.09532374100719425 0.15469613259668508 0.1906474820143885 0.26519337016574585
0 0.2733812949640288 0.14917127071823205 0.17625899280575538 0.2541436464088398
0 0.4766187050359712 0.1685082872928177 0.19784172661870503 0.2265193370165746
0 0.6420863309352518 0.15469613259668508 0.12589928057553956 0.22099447513812154
0 0.7805755395683454 0.1574585635359116 0.16546762589928057 0.18232044198895028
0 0.9154676258992805 0.14917127071823205 0.10431654676258993 0.19337016574585636
0 0.6384892086330936 0.3370165745856354 0.11870503597122302 0.16574585635359115
0 0.9172661870503597 0.3149171270718232 0.10071942446043165 0.14917127071823205
0 0.7877697841726619 0.3314917127071823 0.16906474820143885 0.17679558011049723
0 0.2787769784172662 0.3729281767955801 0.17266187050359713 0.2265193370165746
0 0.48381294964028776 0.36464088397790057 0.19424460431654678 0.20441988950276244
0 0.09892086330935251 0.40607734806629836 0.19784172661870503 0.2596685082872928
0 0.9316546762589928 0.47790055248618785 0.09712230215827339 0.16022099447513813
0 0.7931654676258992 0.4972375690607735 0.16546762589928057 0.16022099447513813