0 0.7257462686567164 0.7180851063829787 0.15671641791044777 0.18085106382978725
0 0.5876865671641791 0.726063829787234 0.15298507462686567 0.26595744680851063
0 0.4552238805970149 0.726063829787234 0.16044776119402984 0.28191489361702127
0 0.2798507462686567 0.7021276595744681 0.22761194029850745 0.3404255319148936
0 0.09701492537313433 0.6914893617021277 0.19402985074626866 0.3723404255319149
0 0.15111940298507462 0.10904255319148937 0.23507462686567165 0.21808510638297873
0 0.34701492537313433 0.15159574468085107 0.23880597014925373 0.30319148936170215
0 0.5186567164179104 0.18882978723404256 0.16417910447761194 0.30851063829787234
0 0.6361940298507462 0.26063829787234044 0.13059701492537312 0.26595744680851063
0 0.7667910447761194 0.3271276595744681 0.16044776119402984 0.24468085106382978
0 0.9048507462686567 0.39361702127659576 0.1417910447761194 0.19148936170212766
0 0.11567164179104478 0.3537234042553192 0.23134328358208955 0.35638297872340424
0 0.31529850746268656 0.4122340425531915 0.22014925373134328 0.32978723404255317
0 0.6082089552238806 0.4867021276595745 0.12686567164179105 0.2553191489361702
0 0.48507462686567165 0.4627659574468085 0.16417910447761194 0.2978723404255319
0 0.7164179104477612 0.526595744680851 0.1044776119402985 0.22872340425531915
0 0.8861940298507462 0.5691489361702128 0.13059701492537312 0.19680851063829788