0 0.14363636363636365 0.5956284153005464 0.20727272727272728 0.2677595628415301
0 0.3472727272727273 0.5683060109289617 0.24363636363636362 0.273224043715847
0 0.6054545454545455 0.5437158469945356 0.2545454545454545 0.3551912568306011
0 0.8563636363636363 0.5191256830601093 0.2872727272727273 0.39344262295081966
0 0.15818181818181817 0.8060109289617486 0.1890909090909091 0.16393442622950818
0 0.3563636363636364 0.7814207650273224 0.22181818181818183 0.18579234972677597
0 0.62 0.7896174863387978 0.24727272727272728 0.18579234972677597
0 0.8709090909090909 0.7650273224043715 0.2581818181818182 0.18579234972677597
0 0.8345454545454546 0.16939890710382513 0.3018181818181818 0.33879781420765026
0 0.5818181818181818 0.22404371584699453 0.24727272727272728 0.3333333333333333
0 0.32545454545454544 0.3114754098360656 0.23636363636363636 0.2896174863387978
0 0.12363636363636364 0.3743169398907104 0.1890909090909091 0.22404371584699453