0 0.7518656716417911 0.6462765957446809 0.1455223880597015 0.1595744680851064
0 0.6194029850746269 0.6968085106382979 0.13432835820895522 0.25
0 0.4906716417910448 0.7340425531914894 0.1417910447761194 0.26595744680851063
0 0.31343283582089554 0.7632978723404256 0.208955223880597 0.31382978723404253
0 0.11567164179104478 0.8111702127659575 0.2126865671641791 0.34574468085106386
0 0.10074626865671642 0.1702127659574468 0.20149253731343283 0.2978723404255319
0 0.2947761194029851 0.17819148936170212 0.21641791044776118 0.3404255319148936
0 0.47388059701492535 0.19148936170212766 0.1455223880597015 0.2925531914893617
0 0.5988805970149254 0.22606382978723405 0.11194029850746269 0.25
0 0.7350746268656716 0.25 0.1455223880597015 0.22872340425531915
0 0.8805970149253731 0.2765957446808511 0.13432835820895522 0.17553191489361702
0 0.1044776119402985 0.4734042553191489 0.208955223880597 0.32978723404255317
0 0.30597014925373134 0.46808510638297873 0.20149253731343283 0.30851063829787234
0 0.6044776119402985 0.45478723404255317 0.10820895522388059 0.2393617021276596
0 0.47947761194029853 0.46808510638297873 0.1455223880597015 0.28191489361702127
0 0.7145522388059702 0.4627659574468085 0.08955223880597014 0.21808510638297873
0 0.8861940298507462 0.4521276595744681 0.11940298507462686 0.18617021276595744