0 0.14181818181818182 0.5683060109289617 0.2 0.2568306010928962
0 0.34545454545454546 0.5573770491803278 0.23636363636363636 0.2568306010928962
0 0.6036363636363636 0.5519125683060109 0.24363636363636362 0.33879781420765026
0 0.8581818181818182 0.5491803278688525 0.28363636363636363 0.3770491803278688
0 0.14727272727272728 0.7786885245901639 0.18545454545454546 0.15300546448087432
0 0.34545454545454546 0.7704918032786885 0.21818181818181817 0.16939890710382513
0 0.610909090909091 0.7978142076502732 0.24363636363636362 0.16393442622950818
0 0.8672727272727273 0.7923497267759563 0.26545454545454544 0.16393442622950818
0 0.8472727272727273 0.17759562841530055 0.2909090909090909 0.3551912568306011
0 0.5927272727272728 0.22950819672131148 0.23636363636363636 0.31693989071038253
0 0.33090909090909093 0.2978142076502732 0.2290909090909091 0.273224043715847
0 0.1290909090909091 0.3442622950819672 0.18181818181818182 0.21311475409836064