0 0.7481343283582089 0.6595744680851063 0.1417910447761194 0.15425531914893617
0 0.6138059701492538 0.7021276595744681 0.13059701492537312 0.24468085106382978
0 0.48507462686567165 0.7340425531914894 0.13805970149253732 0.26063829787234044
0 0.30783582089552236 0.7553191489361702 0.20149253731343283 0.30319148936170215
0 0.10820895522388059 0.7925531914893617 0.20522388059701493 0.3351063829787234
0 0.10261194029850747 0.14893617021276595 0.20522388059701493 0.2872340425531915
0 0.3041044776119403 0.1675531914893617 0.208955223880597 0.32978723404255317
0 0.48134328358208955 0.18882978723404256 0.13805970149253732 0.2872340425531915
0 0.6044776119402985 0.23138297872340424 0.10820895522388059 0.24468085106382978
0 0.7406716417910447 0.2632978723404255 0.1417910447761194 0.22340425531914893
0 0.8861940298507462 0.29521276595744683 0.13059701492537312 0.1702127659574468
0 0.1044776119402985 0.45478723404255317 0.20522388059701493 0.3191489361702128
0 0.30783582089552236 0.4601063829787234 0.19402985074626866 0.2978723404255319
0 0.6063432835820896 0.4601063829787234 0.1044776119402985 0.23404255319148937
0 0.48134328358208955 0.4654255319148936 0.13805970149253732 0.2765957446808511
0 0.7164179104477612 0.4734042553191489 0.08582089552238806 0.2127659574468085
0 0.8880597014925373 0.47074468085106386 0.11567164179104478 0.18085106382978725