2 0.32875 0.49833333333333335 0.35 0.23
2 0.59125 0.4816666666666667 0.2375 0.15
2 0.66375 0.6683333333333333 0.375 0.23
2 0.5225 0.8983333333333333 0.35 0.18666666666666668
2 0.33875 0.76 0.2125 0.15
2 0.13625 0.76 0.1525 0.16333333333333333
2 0.50375 0.10166666666666667 0.3875 0.20333333333333334
2 0.77375 0.41833333333333333 0.3425 0.23666666666666666
2 0.9075 0.855 0.185 0.21
2 0.72875 0.9283333333333333 0.155 0.11
2 0.1325 0.9316666666666666 0.215 0.13666666666666666
2 0.16375 0.30666666666666664 0.3275 0.2733333333333333
2 0.86375 0.18 0.25 0.29333333333333333