0 0.6475409836065574 0.3709090909090909 0.366120218579235 0.13090909090909092
0 0.32786885245901637 0.46545454545454545 0.30601092896174864 0.10909090909090909
0 0.639344262295082 0.4781818181818182 0.3224043715846995 0.09818181818181818
0 0.9016393442622951 0.49454545454545457 0.19672131147540983 0.28363636363636363
0 0.6120218579234973 0.5545454545454546 0.33879781420765026 0.10909090909090909
0 0.31693989071038253 0.5563636363636364 0.273224043715847 0.11636363636363636
0 0.30601092896174864 0.6563636363636364 0.30601092896174864 0.09818181818181818
0 0.6256830601092896 0.6690909090909091 0.3551912568306011 0.12363636363636364
0 0.8907103825136612 0.730909090909091 0.19672131147540983 0.18181818181818182
0 0.6939890710382514 0.07636363636363637 0.4262295081967213 0.15272727272727274
0 0.30327868852459017 0.7581818181818182 0.3333333333333333 0.10545454545454545
0 0.31693989071038253 0.07272727272727272 0.2786885245901639 0.12363636363636364
0 0.6202185792349727 0.7745454545454545 0.3224043715846995 0.10909090909090909
0 0.8770491803278688 0.86 0.20218579234972678 0.12727272727272726
0 0.3005464480874317 0.8563636363636363 0.30601092896174864 0.12
0 0.5901639344262295 0.8654545454545455 0.36065573770491804 0.12
0 0.3333333333333333 0.1709090909090909 0.3005464480874317 0.10181818181818182
0 0.6338797814207651 0.18181818181818182 0.3114754098360656 0.07272727272727272
0 0.9098360655737705 0.21272727272727274 0.18032786885245902 0.11272727272727273
0 0.30601092896174864 0.25636363636363635 0.34972677595628415 0.09454545454545454
0 0.6366120218579235 0.2672727272727273 0.2896174863387978 0.10545454545454545
0 0.9098360655737705 0.31636363636363635 0.18032786885245902 0.12363636363636364
0 0.31420765027322406 0.35818181818181816 0.3224043715846995 0.09090909090909091