0 0.7216117216117216 0.5217391304347826 0.13186813186813187 0.21739130434782608
0 0.14835164835164835 0.6875 0.21978021978021978 0.22282608695652173
0 0.4084249084249084 0.6222826086956522 0.1282051282051282 0.20652173913043478
0 0.29304029304029305 0.657608695652174 0.12087912087912088 0.20652173913043478
0 0.8791208791208791 0.4891304347826087 0.2271062271062271 0.2391304347826087
0 0.5586080586080586 0.592391304347826 0.21611721611721613 0.23369565217391305
0 0.12454212454212454 0.8668478260869565 0.12454212454212454 0.20652173913043478
0 0.8956043956043956 0.6521739130434783 0.2087912087912088 0.22826086956521738
0 0.2271062271062271 0.8505434782608695 0.11721611721611722 0.1956521739130435
0 0.32234432234432236 0.8233695652173914 0.12454212454212454 0.19021739130434784
0 0.6190476190476191 0.7391304347826086 0.12087912087912088 0.1956521739130435
0 0.4175824175824176 0.8016304347826086 0.12454212454212454 0.20108695652173914
0 0.5201465201465202 0.7744565217391305 0.13553113553113552 0.20652173913043478
0 0.7454212454212454 0.7119565217391305 0.1391941391941392 0.22282608695652173
0 0.14835164835164835 0.3125 0.1391941391941392 0.20652173913043478
0 0.45054945054945056 0.2391304347826087 0.13186813186813187 0.22826086956521738
0 0.7985347985347986 0.14402173913043478 0.20146520146520147 0.20652173913043478
0 0.2216117216117216 0.47554347826086957 0.21245421245421245 0.2554347826086957
0 0.7490842490842491 0.32608695652173914 0.21611721611721613 0.2391304347826087
0 0.07875457875457875 0.5271739130434783 0.11721611721611722 0.1793478260869565
0 0.9029304029304029 0.2907608695652174 0.12454212454212454 0.20108695652173914
0 0.4249084249084249 0.4375 0.20512820512820512 0.22282608695652173
0 0.5842490842490843 0.39945652173913043 0.12087912087912088 0.20108695652173914