0 0.706959706959707 0.6168478260869565 0.12087912087912088 0.20652173913043478
0 0.12637362637362637 0.5271739130434783 0.21245421245421245 0.20108695652173914
0 0.3882783882783883 0.5788043478260869 0.11721611721611722 0.1956521739130435
0 0.27106227106227104 0.5597826086956522 0.10989010989010989 0.1956521739130435
0 0.8644688644688645 0.654891304347826 0.21978021978021978 0.21739130434782608
0 0.5384615384615384 0.6114130434782609 0.2087912087912088 0.20652173913043478
0 0.0695970695970696 0.6875 0.11355311355311355 0.1956521739130435
0 0.8589743589743589 0.8233695652173914 0.22344322344322345 0.20652173913043478
0 0.17032967032967034 0.717391304347826 0.10622710622710622 0.19021739130434784
0 0.26556776556776557 0.7309782608695652 0.11721611721611722 0.1793478260869565
0 0.5659340659340659 0.779891304347826 0.11355311355311355 0.18478260869565216
0 0.3626373626373626 0.7527173913043478 0.11355311355311355 0.19021739130434784
0 0.4652014652014652 0.7717391304347826 0.12454212454212454 0.1956521739130435
0 0.6941391941391941 0.8097826086956522 0.13186813186813187 0.21195652173913043
0 0.20146520146520147 0.16847826086956522 0.1282051282051282 0.19021739130434784
0 0.5036630036630036 0.23097826086956522 0.12087912087912088 0.21739130434782608
0 0.8553113553113553 0.2907608695652174 0.19413919413919414 0.18478260869565216
0 0.23992673992673993 0.35597826086956524 0.20512820512820512 0.23369565217391305
0 0.7728937728937729 0.44021739130434784 0.20512820512820512 0.21739130434782608
0 0.09157509157509157 0.3423913043478261 0.10989010989010989 0.16847826086956522
0 0.9267399267399268 0.47282608695652173 0.11355311355311355 0.19021739130434784
0 0.43956043956043955 0.4076086956521739 0.1978021978021978 0.20108695652173914
0 0.6007326007326007 0.44021739130434784 0.10989010989010989 0.19021739130434784