0 0.6830601092896175 0.39454545454545453 0.39344262295081966 0.1781818181818182
0 0.34153005464480873 0.44181818181818183 0.32786885245901637 0.14545454545454545
0 0.644808743169399 0.49818181818181817 0.33879781420765026 0.13818181818181818
0 0.8797814207650273 0.5509090909090909 0.24043715846994534 0.3018181818181818
0 0.592896174863388 0.5690909090909091 0.36065573770491804 0.15272727272727274
0 0.30327868852459017 0.5290909090909091 0.3005464480874317 0.14909090909090908
0 0.26229508196721313 0.6254545454545455 0.3224043715846995 0.13818181818181818
0 0.5710382513661202 0.6818181818181818 0.3825136612021858 0.1709090909090909
0 0.8087431693989071 0.78 0.2459016393442623 0.20363636363636364
0 0.7978142076502732 0.11090909090909092 0.40437158469945356 0.20727272727272728
0 0.226775956284153 0.7254545454545455 0.3551912568306011 0.14909090909090908
0 0.453551912568306 0.06727272727272728 0.30601092896174864 0.13454545454545455
0 0.5300546448087432 0.7836363636363637 0.3442622950819672 0.14909090909090908
0 0.7568306010928961 0.9036363636363637 0.23497267759562843 0.15272727272727274
0 0.19398907103825136 0.82 0.3333333333333333 0.15636363636363637
0 0.4726775956284153 0.8709090909090909 0.3879781420765027 0.16727272727272727
0 0.43989071038251365 0.15454545454545454 0.3224043715846995 0.13818181818181818
0 0.73224043715847 0.20727272727272728 0.3224043715846995 0.11272727272727273
0 0.9426229508196722 0.27454545454545454 0.11475409836065574 0.13454545454545455
0 0.38524590163934425 0.23636363636363636 0.366120218579235 0.14181818181818182
0 0.7049180327868853 0.2909090909090909 0.3114754098360656 0.14181818181818182
0 0.9262295081967213 0.3781818181818182 0.14754098360655737 0.14545454545454545
0 0.36065573770491804 0.33454545454545453 0.33879781420765026 0.13090909090909092