6 0.498046875 0.23228515625 0.027900390624999993 0.05162109375000001
5 0.526650390625 0.22669921875 0.023720703124999964 0.068359375
5 0.54966796875 0.223212890625 0.025107421875000036 0.06975585937499998
5 0.579658203125 0.221123046875 0.020927734375000062 0.07115234375000001
5 0.60337890625 0.220419921875 0.018134765624999938 0.07254882812500002
5 0.537802734375 0.30482421875 0.018134765624999938 0.068359375
5 0.569892578125 0.30064453125 0.026503906250000098 0.05719726562500005
5 0.59849609375 0.296455078125 0.025107421875000036 0.06556640624999999
5 0.623603515625 0.30482421875 0.025107421875000036 0.068359375
5 0.64732421875 0.30064453125 0.025107421875000036 0.068359375
5 0.668251953125 0.38853515625 0.025107421875000036 0.06278320312499996
5 0.64244140625 0.39271484375 0.018134765624999938 0.06278320312499996
5 0.61802734375 0.38853515625 0.025107421875000036 0.07115234375000001
5 0.59291015625 0.38853515625 0.027900390624999938 0.06278320312499996
5 0.567099609375 0.38783203125 0.015341796875000036 0.05580078124999999
5 0.543388671875 0.381552734375 0.018134765624999938 0.07393554687500004
5 0.523857421875 0.385048828125 0.020927734375000062 0.05859375
5 0.49385742187500004 0.38783203125 0.03348632812500002 0.078125
5 0.46177734375 0.381552734375 0.02790039062500005 0.08509765624999999
5 0.43666015625 0.387138671875 0.022324218750000013 0.06556640624999999
5 0.4150390625 0.38294921875 0.015341796875000036 0.07115234375000001
5 0.391318359375 0.38294921875 0.023720703124999964 0.07393554687500004
5 0.362021484375 0.380166015625 0.015341796875000036 0.07115234375000001
5 0.340400390625 0.3857421875 0.022324218750000013 0.07952148437500006
5 0.489677734375 0.46595703125 0.022324218750000013 0.06416992187500004
5 0.458984375 0.467353515625 0.025107421875000036 0.06416992187500004
5 0.43177734375 0.470146484375 0.02092773437499995 0.05859375
5 0.40736328125 0.472939453125 0.013955078124999964 0.06138671875000001
5 0.366904296875 0.468056640625 0.025107421875000036 0.06556640624999999
5 0.33970703125 0.46666015625 0.01813476562500005 0.068359375
6 0.4052734375 0.761025390625 0.015341796875000036 0.034873046875000036
6 0.518271484375 0.802177734375 0.04603515625000004 0.030693359375000062
15 0.37806640625 0.66197265625 0.0390625 0.04045898437500006
15 0.511298828125 0.47223632812500005 0.029296875 0.06278320312500002
15 0.53013671875 0.47642578125 0.027900390624999938 0.07115234374999996
15 0.553154296875 0.47083984375 0.026503906250000098 0.05999023437500001
15 0.57826171875 0.47083984375 0.020927734375000062 0.048828125
15 0.599189453125 0.47293945312499996 0.020927734375000062 0.06416992187499998
15 0.484794921875 0.55455078125 0.026503906249999987 0.07393554687500004
15 0.518271484375 0.556640625 0.026503906250000098 0.06975585937500006
15 0.548271484375 0.555244140625 0.033486328124999964 0.0809179687499999
15 0.569892578125 0.560126953125 0.03766601562499994 0.0655664062500001
15 0.597099609375 0.558037109375 0.025107421875000036 0.05859375
15 0.62291015625 0.557333984375 0.023720703124999964 0.05999023437500006