6 0.5 0.23610997963340125 0.029093686354378753 0.05382892057026478
5 0.5298268839103869 0.23028513238289205 0.02473523421588591 0.07128309572301425
5 0.5538289205702648 0.22664969450101832 0.02618126272912427 0.07273930753564149
5 0.5851018329938901 0.2244704684317719 0.02182281059063143 0.07419551934826886
5 0.6098370672097759 0.22373727087576376 0.018910386965376717 0.07565173116089616
5 0.5414562118126274 0.3117515274949083 0.018910386965376717 0.07128309572301425
5 0.574918533604888 0.30739307535641547 0.02763747454175163 0.059643584521384976
5 0.604745417515275 0.3030244399185336 0.02618126272912427 0.06837067209775965
5 0.6309266802443992 0.3117515274949083 0.02618126272912427 0.07128309572301425
5 0.6556619144602851 0.30739307535641547 0.02618126272912427 0.07128309572301425
5 0.6774847250509165 0.3990427698574338 0.02618126272912427 0.06546843177189406
5 0.6505702647657842 0.40340122199592665 0.018910386965376717 0.06546843177189406
5 0.6251120162932791 0.3990427698574338 0.02618126272912427 0.07419551934826886
5 0.5989205702647658 0.3990427698574338 0.029093686354378753 0.06546843177189406
5 0.5720061099796334 0.39830957230142566 0.015997963340122236 0.05818737270875762
5 0.5472810590631364 0.39176171079429734 0.018910386965376717 0.07709775967413446
5 0.5269144602851323 0.3954073319755601 0.02182281059063143 0.06109979633401222
5 0.49563136456211815 0.39830957230142566 0.03491853360488795 0.0814663951120163
5 0.46217922606924644 0.39176171079429734 0.02909368635437887 0.08873727087576373
5 0.4359877800407332 0.3975865580448065 0.02327902240325867 0.06837067209775965
5 0.4134419551934827 0.3932179226069246 0.015997963340122236 0.07419551934826886
5 0.38870672097759673 0.3932179226069246 0.02473523421588591 0.07709775967413446
5 0.35815682281059064 0.39031568228105906 0.015997963340122236 0.07419551934826886
5 0.3356109979633401 0.39613034623217924 0.02327902240325867 0.08292260692464365
5 0.49127291242362525 0.4797759674134419 0.02327902240325867 0.06691446028513243
5 0.4592668024439919 0.48123217922606926 0.02618126272912427 0.06691446028513243
5 0.43089613034623214 0.4841446028513238 0.021822810590631313 0.06109979633401222
5 0.4054378818737271 0.48705702647657845 0.014551934826883873 0.06401221995926681
5 0.3632484725050916 0.4819653767820774 0.02618126272912427 0.06837067209775965
5 0.334887983706721 0.4805091649694501 0.018910386965376832 0.07128309572301425
6 0.40325865580448067 0.7874643584521385 0.015997963340122236 0.03636456211812631
6 0.5210896130346232 0.8303767820773931 0.0480040733197557 0.03200610997963347
15 0.37488798370672094 0.6841751527494908 0.04073319755600815 0.0421894093686355
15 0.5138187372708758 0.4863238289205703 0.03054989816700611 0.06546843177189406
15 0.5334623217922607 0.49069246435845215 0.029093686354378753 0.07419551934826873
15 0.5574643584521385 0.48486761710794296 0.02763747454175163 0.06255600814663957
15 0.5836456211812627 0.48486761710794296 0.02182281059063143 0.05091649694501019
15 0.6054684317718941 0.4870570264765784 0.02182281059063143 0.06691446028513243
15 0.48618126272912426 0.5721588594704684 0.027637474541751514 0.07709775967413446
15 0.5210896130346232 0.5743380855397149 0.02763747454175163 0.07273930753564162
15 0.5523727087576374 0.5728818737270877 0.03491853360488795 0.08437881873727078
15 0.574918533604888 0.5779735234215887 0.03927698574338079 0.06837067209775978
15 0.6032892057026477 0.5757942973523421 0.02618126272912427 0.06109979633401222
15 0.6302036659877801 0.575061099796334 0.02473523421588591 0.06255600814663957