5 0.32435129740518964 0.2583433133732535 0.024241516966067828 0.07555888223552898
5 0.3557185628742515 0.2554890219560878 0.02708582834331336 0.07271457085828345
5 0.38993013972055884 0.2554890219560878 0.035638722554890256 0.07555888223552898
5 0.41488023952095804 0.2569161676646707 0.028512974051896258 0.07841317365269466
5 0.3264870259481038 0.35172654690618765 0.03422155688622751 0.08269461077844313
5 0.37211576846307387 0.3495908183632735 0.0427744510978044 0.08126746506986023
5 0.40490019960079837 0.3538622754491018 0.028512974051896258 0.08412175648702591
5 0.4384131736526946 0.3538622754491018 0.035638722554890256 0.07555888223552898
5 0.4647804391217565 0.3545808383233533 0.03136726546906183 0.0655788423153693
5 0.4911576846307385 0.3588522954091816 0.02708582834331336 0.07984031936127745
5 0.5189620758483033 0.3588522954091816 0.037065868263473155 0.08553892215568866
5 0.5489021956087824 0.3602794411177645 0.03136726546906194 0.08269461077844313
5 0.5788423153692615 0.3617065868263473 0.028512974051896144 0.08839321357285435
5 0.6080738522954091 0.3588522954091816 0.029940119760479042 0.07984031936127745
5 0.6372954091816367 0.3617065868263473 0.03422155688622751 0.08839321357285435
5 0.6729441117764471 0.364560878243513 0.028512974051896144 0.0998003992015968
5 0.33219560878243515 0.48931137724550894 0.04561876247504994 0.13543912175648706
5 0.3806686626746507 0.48788423153692617 0.0427744510978044 0.13259481037924142
5 0.4184530938123753 0.48716566866267463 0.029940119760479042 0.13402195608782433
5 0.45480039920159676 0.48788423153692617 0.03992015968063872 0.13259481037924142
5 0.49187624750499004 0.48502994011976047 0.03992015968063872 0.12404191616766463
5 0.33362275449101797 0.6126347305389221 0.0427744510978044 0.10265469061876238
5 0.3749600798403193 0.6183333333333334 0.03992015968063872 0.10265469061876238
5 0.41488023952095804 0.614061876247505 0.03706586826347304 0.0998003992015968
5 0.45480039920159676 0.617624750499002 0.03992015968063872 0.1012275449101797
6 0.33861277445109783 0.7388123752495009 0.024241516966067828 0.06986027944111776
6 0.3165069860279441 0.7359580838323353 0.01710578842315368 0.058453093812375186
6 0.6365868263473055 0.6233233532934133 0.027085828343313474 0.06986027944111776
6 0.6700898203592814 0.6197604790419161 0.037065868263473155 0.0655788423153693
6 0.44981037924151696 0.2818662674650699 0.02708582834331336 0.06273453093812377
6 0.479750499001996 0.2783033932135729 0.024241516966067828 0.04420159680638719
15 0.46549900199600797 0.23482035928143713 0.06986027944111776 0.031367265469061885
15 0.5310778443113773 0.48502994011976047 0.029940119760479042 0.12974051896207583
15 0.5688622754491018 0.48432135728542924 0.03422155688622751 0.13402195608782433
15 0.6037924151696606 0.48432135728542913 0.038493013972055824 0.13972055888223553
15 0.6401497005988024 0.4843213572854292 0.037065868263473155 0.13116766467065863
15 0.5246606786427146 0.24836327345309384 0.03136726546906194 0.1012275449101797
15 0.563872255489022 0.24979041916167666 0.03279441117764461 0.09837325349301403
15 0.5988023952095808 0.250499001996008 0.03422155688622751 0.0998003992015968
15 0.632305389221557 0.25263473053892216 0.038493013972055824 0.09551896207584834
15 0.6707984031936127 0.2547804391217565 0.04134730538922162 0.10265469061876249
16 0.5289421157684631 0.6183333333333334 0.03422155688622751 0.07414171656686623
16 0.5660079840319361 0.6161976047904191 0.03992015968063872 0.08412175648702591
16 0.604500998003992 0.6190518962075848 0.03136726546906194 0.07271457085828334
16 0.37924151696606784 0.7359580838323353 0.03136726546906183 0.06700598802395219
16 0.4241516966067864 0.7373852295409182 0.035638722554890256 0.06700598802395219
16 0.45622754491017964 0.7373852295409182 0.03422155688622751 0.06986027944111776
5 0.4997105788423153 0.7366666666666667 0.035638722554890256 0.06843313373253487
5 0.5367864271457086 0.7174251497005988 0.03279441117764461 0.09551896207584834
5 0.5767065868263473 0.7181337325349302 0.03279441117764461 0.09124750499002002
5 0.6102095808383233 0.7202694610778444 0.03136726546906194 0.1012275449101797
5 0.6472754491017965 0.7188522954091816 0.03992015968063872 0.09837325349301392
15 0.6864870259481038 0.7216966067864271 0.035638722554890256 0.09837325349301392
15 0.11048902195608781 0.5335029940119761 0.04704590818363275 0.13829341317365262
15 0.06201596806387226 0.538493013972056 0.03279441117764469 0.12545908183632737
15 0.024241516966067862 0.5434830339321358 0.04277445109780439 0.1154790419161677