5 0.3173828125 0.26158203125 0.023720703124999964 0.07393554687500001
5 0.348076171875 0.2587890625 0.026503906249999987 0.07115234375000001
5 0.381552734375 0.2587890625 0.034873046875000036 0.07393554687500001
5 0.405966796875 0.260185546875 0.02790039062500005 0.07672851562500002
5 0.31947265625 0.352958984375 0.033486328124999964 0.08091796875000001
5 0.36412109375 0.350869140625 0.04185546875000001 0.07952148437499995
5 0.396201171875 0.355048828125 0.02790039062500005 0.08231445312499996
5 0.428994140625 0.355048828125 0.034873046875000036 0.07393554687500004
5 0.454794921875 0.355751953125 0.03069335937499995 0.06416992187500004
5 0.48060546875 0.359931640625 0.026503906249999987 0.078125
5 0.5078125 0.359931640625 0.03626953125000004 0.08370117187500004
5 0.537109375 0.361328125 0.030693359375000062 0.08091796875000001
5 0.56640625 0.362724609375 0.027900390624999938 0.08649414062500005
5 0.595009765625 0.359931640625 0.029296875 0.078125
5 0.623603515625 0.362724609375 0.033486328124999964 0.08649414062500005
5 0.658486328125 0.365517578125 0.027900390624999938 0.09765625
5 0.32505859375 0.48758789062499996 0.044638671875000036 0.13252929687499998
5 0.372490234375 0.48619140625 0.04185546875000001 0.12974609374999996
5 0.409462890625 0.48548828125 0.029296875 0.13114257812499996
5 0.445029296875 0.48619140625 0.0390625 0.12974609374999996
5 0.48130859375 0.4833984375 0.0390625 0.12137695312499996
5 0.326455078125 0.60826171875 0.04185546875000001 0.1004492187499999
5 0.366904296875 0.613837890625 0.0390625 0.1004492187499999
5 0.405966796875 0.609658203125 0.03626953124999999 0.09765625
5 0.445029296875 0.61314453125 0.0390625 0.09905273437500006
6 0.331337890625 0.731728515625 0.023720703124999964 0.068359375
6 0.30970703125 0.728935546875 0.016738281249999987 0.05719726562499994
6 0.62291015625 0.618720703125 0.026503906250000098 0.068359375
6 0.655693359375 0.615234375 0.0362695312500001 0.06416992187500004
6 0.440146484375 0.284599609375 0.026503906249999987 0.06138671875000001
6 0.469443359375 0.28111328125 0.023720703124999964 0.043251953124999964
15 0.455498046875 0.238564453125 0.068359375 0.030693359375000007
15 0.51966796875 0.4833984375 0.029296875 0.126953125
15 0.556640625 0.4827050781250001 0.033486328124999964 0.13114257812500002
15 0.5908203125 0.48270507812499996 0.03766601562499994 0.13671874999999994
15 0.626396484375 0.482705078125 0.0362695312500001 0.12834960937499995
15 0.513388671875 0.25181640625 0.030693359375000007 0.09905273437500003
15 0.5517578125 0.253212890625 0.0320898437499999 0.09625976562500002
15 0.5859375 0.25390625 0.033486328124999964 0.09765625
15 0.618720703125 0.25599609375 0.03766601562499994 0.09346679687500001
15 0.65638671875 0.258095703125 0.04045898437500006 0.10044921875000001
16 0.517578125 0.613837890625 0.033486328124999964 0.07254882812499996
16 0.55384765625 0.611748046875 0.0390625 0.08231445312499996
16 0.591513671875 0.614541015625 0.030693359375000062 0.0711523437499999
16 0.37109375 0.728935546875 0.03069335937499995 0.0655664062500001
16 0.4150390625 0.73033203125 0.034873046875000036 0.0655664062500001
16 0.44642578125 0.73033203125 0.033486328124999964 0.068359375
5 0.4889746093749999 0.72962890625 0.03487304687499998 0.06696289062499994
5 0.52525390625 0.71080078125 0.0320898437499999 0.09346679687500004
5 0.56431640625 0.711494140625 0.0320898437499999 0.08928710937500006
5 0.597099609375 0.713583984375 0.030693359375000062 0.09905273437500006
5 0.633369140625 0.712197265625 0.0390625 0.09625976562499994
15 0.67173828125 0.71498046875 0.034873046875000036 0.09625976562499994
15 0.108115234375 0.530830078125 0.046035156250000014 0.13532226562499994
15 0.06068359375 0.535712890625 0.03208984374999999 0.12276367187500004
15 0.023720703125 0.540595703125 0.04185546875 0.11299804687500004