15 0.52734375 0.245537109375 0.025107421875000036 0.09208007812499999
15 0.55943359375 0.243447265625 0.027900390624999938 0.099052734375
15 0.586630859375 0.2392578125 0.029296875 0.10184570312499999
15 0.615927734375 0.242744140625 0.029296875 0.09208007812499999
15 0.645927734375 0.244140625 0.033486328124999964 0.10323242187500001
15 0.682197265625 0.24623046875 0.0362695312500001 0.10184570312499999
15 0.680107421875 0.350869140625 0.0320898437499999 0.09068359375000001
15 0.648720703125 0.350166015625 0.025107421875000036 0.09208007812499996
15 0.615927734375 0.350166015625 0.0320898437499999 0.09208007812499996
15 0.58314453125 0.34947265625 0.030693359375000062 0.09625976562499994
15 0.55384765625 0.345986328125 0.030693359375000062 0.08928710937499995
15 0.52455078125 0.347373046875 0.022324218749999902 0.09765625
15 0.52525390625 0.517578125 0.0320898437499999 0.09486328125000004
15 0.555244140625 0.51478515625 0.01953125 0.09765625
15 0.58873046875 0.516884765625 0.030693359375000062 0.09625976562499994
5 0.61732421875 0.517578125 0.023720703124999964 0.08928710937500006
5 0.643837890625 0.516884765625 0.034873046875000036 0.11021484374999996
5 0.677314453125 0.518974609375 0.029296875 0.09208007812499996
16 0.5224609375 0.604775390625 0.020927734375000062 0.04045898437500006
16 0.55455078125 0.60826171875 0.029296875 0.05022460937500006
16 0.591513671875 0.60755859375 0.01953125 0.03766601562499994
16 0.61732421875 0.606162109375 0.020927734375000062 0.0460351562500001
16 0.6396484375 0.599189453125 0.023720703124999964 0.0460351562500001
16 0.672431640625 0.606865234375 0.025107421875000036 0.0418554687499999
16 0.699638671875 0.606162109375 0.020927734375000062 0.03766601562499994
16 0.696845703125 0.662666015625 0.026503906250000098 0.0418554687499999
16 0.672431640625 0.65708984375 0.01953125 0.0418554687499999
16 0.64453125 0.665458984375 0.01953125 0.044638671875000036
16 0.616630859375 0.66197265625 0.027900390624999938 0.04045898437500006
16 0.582451171875 0.665458984375 0.026503906250000098 0.0418554687499999
16 0.550361328125 0.662666015625 0.018134765624999938 0.0362695312500001
16 0.5224609375 0.663369140625 0.018134765624999938 0.0460351562500001
15 0.531533203125 0.756142578125 0.0418554687499999 0.10602539062499994
15 0.576865234375 0.75962890625 0.048828125 0.12137695312499996
15 0.62708984375 0.76380859375 0.05999023437500006 0.1241601562500001
6 0.68568359375 0.751953125 0.05719726562499994 0.12555664062499994
6 0.304130859375 0.223916015625 0.02790039062500005 0.04603515624999999
6 0.327841796875 0.22251953125 0.033486328124999964 0.05999023437499998
6 0.359931640625 0.223916015625 0.025107421875000036 0.04603515624999999
6 0.381552734375 0.224609375 0.029296875 0.04743164062499999
6 0.414345703125 0.226005859375 0.025107421875000036 0.04463867187499998
6 0.440146484375 0.22251953125 0.03766601562500005 0.04603515624999999
6 0.470146484375 0.22181640625 0.025107421875000036 0.05301757812500002
6 0.469443359375 0.2734375 0.023720703124999964 0.044638671875000036
6 0.443642578125 0.2734375 0.022324218750000013 0.0390625
6 0.29962890625 0.27380859375 0.02450195312500003 0.04701171874999999
6 0.330087890625 0.270166015625 0.03244140625000003 0.04502929687500001
6 0.357236328125 0.27181640625 0.02847656249999997 0.05231445312500002
6 0.385048828125 0.268505859375 0.031123046875000004 0.04965820312500002
6 0.413857421875 0.271162109375 0.02913085937500004 0.05231445312500002
6 0.30162109375 0.350947265625 0.03376953125000004 0.05429687500000002
6 0.331083984375 0.351943359375 0.030458984375000053 0.05231445312500005
6 0.358232421875 0.351943359375 0.031787109374999956 0.05496093749999997
6 0.3840625 0.34763671875 0.031787109374999956 0.046347656250000036
6 0.41517578125 0.352275390625 0.02913085937500004 0.04900390624999995
6 0.4453125 0.351611328125 0.02847656249999997 0.04767578125000005
6 0.4724609375 0.349296875 0.025820312500000053 0.05363281249999996
6 0.4711328125 0.432060546875 0.020527343749999982 0.04965820312500002
6 0.443984375 0.43173828125 0.027148437499999956 0.05165039062499999
6 0.413857421875 0.42974609375 0.02913085937500004 0.04900390624999995
6 0.382734375 0.430078125 0.027812500000000018 0.045693359374999964
6 0.35458984375 0.43107421875 0.027148437499999956 0.04767578125000005
6 0.3291015625 0.42974609375 0.03310546874999998 0.05032226562499997
6 0.296650390625 0.432060546875 0.031787109374999956 0.05363281249999996
6 0.296318359375 0.527744140625 0.031123046875000004 0.055625000000000036
6 0.323466796875 0.528076171875 0.02847656249999997 0.05496093749999997
6 0.352607421875 0.528740234375 0.031123046875000004 0.05760742187500001
6 0.384384765625 0.529404296875 0.03376953125000004 0.05893554687499997
6 0.4155078125 0.529404296875 0.031123046875000004 0.05496093749999997
6 0.441337890625 0.530400390625 0.02847656249999997 0.05694335937499995
6 0.47046875 0.5310546875 0.02847656249999997 0.05694335937499995
6 0.4724609375 0.60125 0.02847656249999997 0.04238281250000009
6 0.446298828125 0.595947265625 0.030458984375000053 0.041054687499999964
6 0.413857421875 0.59958984375 0.030458984375000053 0.031123046874999893
6 0.38373046875 0.594296875 0.025820312500000053 0.03376953124999993
6 0.385380859375 0.627734375 0.03443359374999999 0.04767578124999994
6 0.414189453125 0.632705078125 0.027148437499999956 0.04171875000000003
6 0.440341796875 0.633359375 0.03310546874999998 0.03774414062500009
6 0.469150390625 0.633037109375 0.03376953125000004 0.03840820312499993
6 0.47146484375 0.66978515625 0.027812500000000018 0.0403906249999999
6 0.445634765625 0.665146484375 0.027812500000000018 0.04303710937499994
6 0.41021484375 0.669453125 0.02450195312500003 0.041054687499999964
6 0.38240234375 0.66845703125 0.02847656249999997 0.03907226562499999
6 0.469150390625 0.733349609375 0.023173828125000018 0.05760742187500001
6 0.441669921875 0.732685546875 0.027812500000000018 0.06422851562499998
6 0.41484375 0.727724609375 0.02847656249999997 0.06356445312499992
6 0.3807421875 0.732685546875 0.02383789062499997 0.060253906250000044
6 0.358232421875 0.728720703125 0.03310546874999998 0.07349609374999999
6 0.324130859375 0.733017578125 0.02979492187499999 0.05827148437500007
6 0.291025390625 0.734013671875 0.021855468749999996 0.05231445312499994
6 0.29234375 0.7912890625 0.02979492187499999 0.05032226562499997
6 0.324794921875 0.788642578125 0.03244140625000003 0.04238281250000009
6 0.351943359375 0.786328125 0.020527343749999982 0.04171875000000003
6 0.38240234375 0.7869921875 0.02847656249999997 0.04171875000000003
6 0.41517578125 0.7843359375 0.026484375000000004 0.0470117187500001
6 0.440009765625 0.786328125 0.031123046875000004 0.0403906249999999
15 0.462197265625 0.78466796875 0.027812500000000018 0.04238281250000009
15 0.036083984375 0.633037109375 0.03244140625 0.09005859375000003
15 0.057939453125 0.62939453125 0.017880859375000002 0.0907128906250001
15 0.014570312500000002 0.643955078125 0.029130859375 0.092041015625