15 0.5210970464135021 0.18716244725738398 0.027120253164557 0.09946202531645566
15 0.5557594936708861 0.18490506329113923 0.030137130801687697 0.10699367088607596
15 0.5851371308016878 0.18037974683544303 0.03164556962025317 0.11001054852320671
15 0.6167827004219409 0.18414556962025316 0.03164556962025317 0.09946202531645566
15 0.6491877637130801 0.18565400843881857 0.03617088607594933 0.11150843881856544
15 0.6883649789029537 0.18791139240506327 0.03917721518987352 0.11001054852320671
15 0.6861075949367088 0.3009388185654009 0.03466244725738386 0.09795358649789031
15 0.652204641350211 0.30017932489451477 0.027120253164557 0.09946202531645566
15 0.6167827004219409 0.30017932489451477 0.03466244725738386 0.09946202531645566
15 0.5813713080168776 0.29943037974683545 0.03315400843881863 0.10397679324894508
15 0.5497257383966244 0.2956645569620253 0.03315400843881863 0.09644514767932484
15 0.5180801687763713 0.29716244725738394 0.024113924050632805 0.10548523206751055
15 0.5188396624472574 0.4810126582278481 0.03466244725738386 0.10246835443037985
15 0.55123417721519 0.4779957805907173 0.02109704641350211 0.10548523206751055
15 0.5874050632911393 0.48026371308016874 0.03315400843881863 0.10397679324894508
5 0.6182911392405063 0.4810126582278481 0.025622362869198275 0.09644514767932497
5 0.6469303797468354 0.48026371308016874 0.037668776371308055 0.1190506329113923
5 0.6830907172995782 0.48252109704641344 0.03164556962025317 0.09946202531645566
16 0.5158227848101266 0.5752004219409282 0.02260548523206758 0.04370253164556969
16 0.5504852320675105 0.5789662447257384 0.03164556962025317 0.05425105485232074
16 0.5904113924050634 0.5782067510548523 0.02109704641350211 0.04068565400843875
16 0.6182911392405063 0.576698312236287 0.02260548523206758 0.04972573839662458
16 0.6424050632911392 0.5691666666666667 0.025622362869198275 0.04972573839662458
16 0.6778164556962026 0.577457805907173 0.027120253164557 0.045210970464134914
16 0.7072046413502109 0.576698312236287 0.02260548523206758 0.04068565400843875
16 0.7041877637130802 0.6377320675105486 0.02862869198312247 0.045210970464134914
16 0.6778164556962026 0.6317088607594937 0.02109704641350211 0.045210970464134914
16 0.6476793248945147 0.6407489451476793 0.02109704641350211 0.04821729957805911
16 0.617542194092827 0.6369831223628692 0.030137130801687697 0.04370253164556969
16 0.5806223628691982 0.6407489451476793 0.02862869198312247 0.045210970464134914
16 0.5459599156118145 0.6377320675105486 0.019588607594936643 0.03917721518987352
16 0.5158227848101266 0.6384915611814346 0.019588607594936643 0.04972573839662458
15 0.5256223628691983 0.7387025316455695 0.045210970464134914 0.11452531645569614
15 0.5745886075949368 0.7424683544303797 0.052742616033755275 0.13110759493670882
15 0.6288396624472574 0.7469831223628692 0.0647995780590718 0.13411392405063302
6 0.6921308016877638 0.7341772151898734 0.06178270042194086 0.13562236286919824
6 0.27998945147679327 0.16380801687763713 0.030137130801687815 0.04972573839662446
6 0.3056012658227848 0.16229957805907175 0.03617088607594933 0.06479957805907167
6 0.3402637130801688 0.16380801687763713 0.027120253164557 0.04972573839662446
6 0.3636181434599156 0.16455696202531644 0.03164556962025317 0.051234177215189865
6 0.39904008438818567 0.16606540084388186 0.027120253164557 0.04821729957805905
6 0.42690928270042194 0.16229957805907175 0.04068565400843887 0.04972573839662446
6 0.4593143459915612 0.16154008438818565 0.027120253164557 0.0572679324894515
6 0.4585548523206751 0.21729957805907174 0.025622362869198275 0.04821729957805911
6 0.43068565400843883 0.21729957805907174 0.024113924050632927 0.04219409282700422
6 0.275126582278481 0.21770042194092826 0.02646624472573843 0.05078059071729956
6 0.30802742616033757 0.2137658227848101 0.035042194092827036 0.04863924050632913
6 0.3373523206751055 0.21554852320675102 0.030759493670886043 0.05650843881856545
6 0.3673945147679325 0.21197257383966245 0.033618143459915616 0.053639240506329136
6 0.39851265822784815 0.21484177215189876 0.03146624472573844 0.05650843881856545
6 0.27727848101265823 0.3010232067510549 0.03647679324894519 0.05864978902953589
6 0.3091033755274261 0.3020991561181434 0.0329008438818566 0.05650843881856545
6 0.33842827004219406 0.3020991561181434 0.03433544303797464 0.05936708860759491
6 0.3663291139240506 0.29744725738396627 0.03433544303797464 0.050063291139240546
6 0.3999367088607595 0.302457805907173 0.03146624472573844 0.05293248945147674
6 0.43248945147679324 0.3017405063291139 0.030759493670886043 0.0514978902953587
6 0.4618143459915612 0.2992405063291139 0.027890295358649845 0.05793248945147675
6 0.460379746835443 0.38863924050632914 0.022172995780590697 0.053639240506329136
6 0.4310548523206751 0.38829113924050634 0.029324894514767885 0.05579113924050631
6 0.39851265822784815 0.38613924050632914 0.03146624472573844 0.05293248945147674
6 0.3648945147679325 0.38649789029535864 0.030042194092827025 0.04935654008438815
6 0.33449367088607596 0.3875738396624473 0.029324894514767885 0.0514978902953587
6 0.3069620253164557 0.38613924050632914 0.03575949367088605 0.05435654008438816
6 0.2719092827004219 0.38863924050632914 0.03433544303797464 0.05793248945147675
6 0.2715506329113924 0.49199367088607593 0.033618143459915616 0.06008438818565405
6 0.30087552742616036 0.4923523206751055 0.030759493670886043 0.05936708860759491
6 0.33235232067510545 0.49306962025316453 0.033618143459915616 0.06222573839662448
6 0.36667721518987345 0.49378691983122364 0.03647679324894519 0.06366033755274252
6 0.40029535864978905 0.49378691983122364 0.033618143459915616 0.05936708860759491
6 0.4281962025316456 0.49486286919831224 0.030759493670886043 0.061508438818565346
6 0.459662447257384 0.49556962025316453 0.030759493670886043 0.061508438818565346
6 0.4618143459915612 0.571392405063291 0.030759493670886043 0.045780590717299674
6 0.4335548523206751 0.5656645569620253 0.0329008438818566 0.044345991561181394
6 0.39851265822784815 0.5695991561181435 0.0329008438818566 0.0336181434599155
6 0.3659704641350211 0.5638818565400844 0.027890295358649845 0.03647679324894507
6 0.367753164556962 0.6 0.03719409282700421 0.05149789029535858
6 0.39887130801687765 0.6053691983122362 0.029324894514767885 0.045063291139240534
6 0.427120253164557 0.6060759493670885 0.03575949367088605 0.04077004219409292
6 0.4582383966244726 0.6057278481012658 0.03647679324894519 0.04148734177215182
6 0.4607383966244725 0.6454219409282701 0.030042194092827025 0.043628691983122254
6 0.43283755274261604 0.6404113924050633 0.030042194092827025 0.04648734177215183
6 0.39457805907172994 0.6450632911392404 0.02646624472573843 0.044345991561181394
6 0.36453586497890295 0.6439873417721519 0.030759493670886043 0.04220464135021096
6 0.4582383966244726 0.7140822784810127 0.025031645569620273 0.06222573839662448
6 0.4285548523206751 0.7133649789029536 0.030042194092827025 0.06937763713080167
6 0.39957805907173 0.7080063291139241 0.030759493670886043 0.06866033755274253
6 0.3627426160337553 0.7133649789029536 0.02574894514767929 0.06508438818565405
6 0.33842827004219406 0.7090822784810127 0.03575949367088605 0.07938818565400843
6 0.3015928270042194 0.7137236286919831 0.03218354430379746 0.06294303797468362
6 0.2658333333333333 0.7147995780590717 0.023607594936708855 0.056508438818565335
6 0.26725738396624477 0.7766666666666666 0.03218354430379746 0.05435654008438816
6 0.30231012658227846 0.7738080168776372 0.035042194092827036 0.045780590717299674
6 0.3316350210970464 0.7713080168776372 0.022172995780590697 0.045063291139240534
6 0.36453586497890295 0.7720253164556962 0.030759493670886043 0.045063291139240534
6 0.3999367088607595 0.7691561181434599 0.028607594936708867 0.050780590717299685
6 0.42676160337552743 0.7713080168776372 0.033618143459915616 0.043628691983122254
15 0.45072784810126587 0.7695147679324894 0.030042194092827025 0.045780590717299674
15 0.003691983122362869 0.6054852320675106 0.007383966244725738 0.0970464135021097
15 0.014061181434599154 0.6017932489451476 0.019314345991561184 0.09798523206751066