15 0.5777931769722815 0.26519189765458423 0.051194029850746246 0.1513432835820896
15 0.6234221748400852 0.2585181236673774 0.042292110874200504 0.16024520255863534
15 0.6607036247334754 0.2546162046908315 0.04562899786780379 0.16136460554371004
15 0.6957569296375267 0.2562899786780384 0.0378358208955224 0.1669296375266525
15 0.7352665245202558 0.2540618336886994 0.04562899786780379 0.16470149253731345
15 0.779776119402985 0.255181236673774 0.04340085287846486 0.16247334754797438
15 0.5488592750533049 0.5823560767590619 0.024477611940298547 0.10015991471215356
15 0.5844776119402986 0.5784541577825161 0.03560767590618347 0.10126865671641792
15 0.6161940298507462 0.580682302771855 0.03227078891257994 0.10794243070362473
15 0.6467910447761195 0.5773454157782516 0.03560767590618347 0.10126865671641792
15 0.6812899786780383 0.5756716417910448 0.042292110874200504 0.1135074626865672
15 0.7107782515991472 0.5745628997867804 0.030042643923241005 0.10906183368869932
15 0.7413859275053305 0.5706609808102345 0.02670575692963748 0.10572494669509602
15 0.5560980810234541 0.7431556503198294 0.04562899786780379 0.1769402985074627
15 0.6100746268656716 0.7448294243070362 0.057867803837953063 0.180277185501066
16 0.5449680170575693 0.38538379530916844 0.041172707889125686 0.06676972281449893
16 0.5855863539445628 0.3864925373134328 0.03560767590618347 0.06899786780383799
16 0.622867803837953 0.3859381663113006 0.04562899786780379 0.06343283582089553
16 0.6568123667377399 0.3809275053304904 0.0378358208955224 0.06676972281449893
16 0.6985394456289978 0.38704690831556504 0.047857142857142966 0.07679104477611938
16 0.7402665245202559 0.3814818763326226 0.03339019189765452 0.06787846481876328
16 0.7803304904051174 0.3881556503198294 0.04450959488272921 0.06787846481876328
16 0.7808955223880597 0.4821961620469083 0.03672707889125804 0.06232409381663117
16 0.7408315565031983 0.47885927505330494 0.03449893390191887 0.06232409381663117
16 0.7041044776119404 0.47996801705756925 0.038944562899786754 0.06009594882729211
16 0.6584754797441364 0.48108742004264393 0.04340085287846486 0.05563965884861413
16 0.6186567164179104 0.47954157782515994 0.03936034115138601 0.056950959488272876
16 0.5801279317697228 0.47808102345415776 0.033507462686567235 0.05820895522388062
16 0.5426439232409381 0.48038379530916847 0.033081023454157754 0.060309168443496854
6 0.3167484008528785 0.26479744136460553 0.057004264392324124 0.13681236673773992
6 0.3765991471215352 0.26551172707889126 0.054157782515991425 0.13538379530916844
6 0.43218550106609804 0.27192963752665245 0.05130063965884862 0.145362473347548
6 0.48491471215351817 0.26694029850746265 0.05130063965884862 0.13824093816631125
6 0.4963113006396589 0.3987633262260128 0.037057569296375256 0.05130063965884862
6 0.4542750533049041 0.39164179104477614 0.0356289978678038 0.04560767590618334
6 0.40439232409381665 0.39520255863539444 0.047025586353944576 0.05272921108742008
6 0.36235607675906184 0.3966311300639659 0.04845415778251604 0.049882729211087384
6 0.3188805970149254 0.3987633262260128 0.05557569296375266 0.04845415778251604
6 0.31460554371002136 0.49495735607675906 0.0413326226012793 0.07837953091684433
6 0.36448827292110875 0.48996801705756926 0.05272921108742008 0.07696162046908309
6 0.41365671641791046 0.4892643923240938 0.04845415778251604 0.07268656716417905
6 0.4507142857142857 0.4935394456289978 0.04560767590618334 0.08123667377398726
6 0.5013006396588486 0.4913965884861407 0.0413326226012793 0.07696162046908309
6 0.5027292110874201 0.5890191897654584 0.04417910447761188 0.07553304904051163
6 0.4578358208955224 0.5890191897654584 0.031353944562899756 0.08123667377398726
6 0.407953091684435 0.591865671641791 0.03990405117270784 0.07553304904051163
6 0.3630597014925373 0.5890191897654584 0.038475479744136495 0.07553304904051163
6 0.31460554371002136 0.5868763326226013 0.049882729211087384 0.07696162046908321
5 0.31603411513859275 0.7429317697228145 0.0413326226012793 0.1866950959488274
5 0.35949893390191895 0.7407889125799574 0.037057569296375256 0.19381663113006392
5 0.4072388059701493 0.7443603411513859 0.044179104477611995 0.19524520255863526
5 0.4535607675906183 0.7393710021321961 0.05130063965884862 0.19097014925373146
5 0.49916844349680173 0.7393710021321961 0.04845415778251604 0.19952025586353955