15 0.5291354166666667 0.24244791666666668 0.05002083333333331 0.14787500000000003
15 0.5737187499999999 0.23592708333333334 0.041322916666666744 0.15657291666666662
15 0.6101458333333334 0.23211458333333332 0.04458333333333329 0.15766666666666668
15 0.6443958333333334 0.23374999999999999 0.03696875000000001 0.16310416666666672
15 0.6829999999999999 0.23157291666666666 0.04458333333333329 0.16092708333333333
15 0.7264895833333332 0.2326666666666667 0.04240625000000004 0.15874999999999997
15 0.5008645833333334 0.55234375 0.023916666666666704 0.09786458333333338
15 0.5356666666666666 0.54853125 0.03479166666666676 0.09894791666666668
15 0.56665625 0.5507083333333332 0.03153124999999998 0.10546875
15 0.5965520833333334 0.5474479166666666 0.03479166666666676 0.09894791666666668
15 0.6302604166666667 0.5458125 0.041322916666666744 0.11090625000000003
15 0.6590729166666667 0.5447291666666667 0.029354166666666733 0.10656249999999995
15 0.6889791666666666 0.5409166666666666 0.026093749999999954 0.1033020833333334
15 0.5079375 0.7094583333333334 0.04458333333333329 0.1728854166666667
15 0.5606770833333333 0.71109375 0.056541666666666636 0.17614583333333325
16 0.49706249999999996 0.3598854166666667 0.04022916666666655 0.06523958333333332
16 0.53675 0.36096874999999995 0.03479166666666676 0.0674166666666667
16 0.5731770833333333 0.36042708333333334 0.04458333333333329 0.06197916666666667
16 0.6063437500000001 0.35553125 0.03696875000000001 0.06523958333333332
16 0.6471145833333334 0.36151041666666667 0.04676041666666677 0.07503124999999997
16 0.6878854166666667 0.35607291666666663 0.03262499999999993 0.06632291666666662
16 0.72703125 0.36259375 0.04348958333333333 0.06632291666666662
16 0.7275833333333334 0.4544791666666666 0.03588541666666671 0.06089583333333337
16 0.6884374999999999 0.45121875 0.03370833333333323 0.06089583333333337
16 0.6525520833333334 0.4523020833333333 0.038052083333333306 0.05871875000000001
16 0.60796875 0.45339583333333333 0.04240625000000004 0.05436458333333339
16 0.5690624999999999 0.45188541666666665 0.03845833333333341 0.05564583333333329
16 0.5314166666666666 0.45045833333333335 0.0327395833333334 0.05687500000000002
16 0.4947916666666667 0.4527083333333334 0.03232291666666664 0.05892708333333339
6 0.27407291666666667 0.24206249999999999 0.055697916666666694 0.13367708333333336
6 0.33255208333333336 0.24276041666666667 0.05291666666666662 0.13228125000000002
6 0.38686458333333335 0.24903124999999998 0.050125 0.14203125000000003
6 0.4383854166666667 0.24415625 0.050125 0.13507291666666663
6 0.44952083333333337 0.37295833333333334 0.03620833333333332 0.050125
6 0.4084479166666667 0.366 0.034812499999999955 0.04456249999999997
6 0.35970833333333335 0.36947916666666664 0.04594791666666668 0.05152083333333337
6 0.31863541666666667 0.370875 0.047343750000000046 0.048739583333333295
6 0.27615625 0.37295833333333334 0.05430208333333333 0.047343750000000046
6 0.2719791666666667 0.46694791666666663 0.040385416666666646 0.07658333333333331
6 0.32071875 0.46207291666666667 0.05152083333333337 0.0751979166666666
6 0.36876041666666665 0.46138541666666666 0.047343750000000046 0.07102083333333328
6 0.40496875 0.46556249999999993 0.04456249999999997 0.07937500000000004
6 0.4543958333333334 0.46346875 0.040385416666666646 0.0751979166666666
6 0.45579166666666665 0.5588541666666667 0.0431666666666666 0.07380208333333324
6 0.41192708333333333 0.5588541666666667 0.030635416666666634 0.07937500000000004
6 0.36318750000000005 0.5616354166666666 0.03898958333333328 0.07380208333333324
6 0.3193229166666667 0.5588541666666667 0.03759375000000003 0.07380208333333324
6 0.2719791666666667 0.5567604166666666 0.048739583333333295 0.07519791666666673
5 0.273375 0.7092395833333334 0.040385416666666646 0.18241666666666678
5 0.31584375 0.7071458333333334 0.03620833333333332 0.18937499999999996
5 0.36248958333333337 0.7106354166666667 0.04316666666666672 0.1907708333333332
5 0.40775 0.7057604166666667 0.050125 0.1865937500000001
5 0.4523125 0.7057604166666667 0.047343750000000046 0.19494791666666675