15 0.4053459119496855 0.3183542976939203 0.1138469601677149 0.4618553459119497
15 0.5154088050314465 0.3223270440251572 0.10627882599580711 0.4404716981132076
15 0.6261006289308175 0.33030398322851157 0.10294549266247384 0.4312473794549267
15 0.7267190775681341 0.335125786163522 0.10295597484276732 0.4283123689727463
15 0.829643605870021 0.34602725366876314 0.09416142557651984 0.41657232704402525
15 0.32904612159329144 0.3336582809224319 0.04509433962264149 0.4379559748427674
15 0.28879454926624737 0.33281970649895176 0.048459119496855364 0.43627882599580714
15 0.23345911949685538 0.34833333333333333 0.05516771488469601 0.4253773584905661
15 0.17937106918238993 0.3611215932914046 0.0560167714884696 0.41322851153039836
15 0.4131027253668763 0.7890670859538784 0.125167714884696 0.3928092243186583
15 0.5216981132075471 0.779832285115304 0.10208595387840669 0.37435010482180303
15 0.6292452830188678 0.7750104821802936 0.09246331236897279 0.3605136268343816
15 0.7315408805031446 0.7632704402515723 0.10589098532494758 0.35379454926624737
15 0.8447379454926625 0.7624318658280923 0.1142872117400419 0.3521174004192873
15 0.3219182389937107 0.7781551362683439 0.03922431865828088 0.35422431865828097
15 0.27433962264150946 0.770607966457023 0.040492662473794544 0.35589098532494756
15 0.23178197064989517 0.7630607966457024 0.035052410901467504 0.35756813417190764
15 0.17559748427672958 0.759287211740042 0.0568553459119497 0.32486373165618454