5 0.012939958592132506 0.20200276243093923 0.025879917184265012 0.13604972375690608
5 0.049689440993788817 0.2058011049723757 0.03985507246376811 0.13466850828729282
5 0.09679089026915114 0.2078729281767956 0.043478260869565216 0.13535911602209943
5 0.13923395445134576 0.21201657458563536 0.04503105590062112 0.1298342541436464
5 0.016045548654244308 0.36671270718232046 0.032091097308488616 0.1298342541436464
5 0.05952380952380952 0.3708563535911602 0.042443064182194616 0.13328729281767956
5 0.10403726708074534 0.3701657458563536 0.03571428571428571 0.1277624309392265
5 0.14803312629399587 0.3819060773480663 0.038302277432712216 0.11256906077348067
5 0.018633540372670808 0.5410911602209945 0.037267080745341616 0.12638121546961326
5 0.06469979296066253 0.5407458563535912 0.042443064182194616 0.12430939226519337
5 0.11490683229813664 0.5366022099447514 0.038302277432712216 0.1180939226519337
5 0.15579710144927536 0.537292817679558 0.038302277432712216 0.12154696132596685
5 0.033126293995859216 0.7230662983425414 0.042443064182194616 0.12845303867403315
5 0.07867494824016563 0.7133977900552486 0.041407867494824016 0.1298342541436464
5 0.12525879917184266 0.7078729281767956 0.03571428571428571 0.12085635359116022
5 0.16873706004140787 0.7044198895027625 0.038302277432712216 0.11395027624309392
5 0.035196687370600416 0.8957182320441989 0.03985507246376811 0.11395027624309392
5 0.07453416149068323 0.8846685082872928 0.033126293995859216 0.13121546961325967
5 0.12577639751552794 0.8846685082872928 0.031055900621118012 0.11464088397790055
5 0.16356107660455488 0.8770718232044199 0.03881987577639751 0.11256906077348067
18 0.2686335403726708 0.22582872928176795 0.03985507246376811 0.11947513812154696
18 0.3115942028985507 0.2292817679558011 0.03571428571428571 0.11256906077348067
18 0.2717391304347826 0.3784530386740331 0.033126293995859216 0.11464088397790055
18 0.3110766045548654 0.375 0.030538302277432712 0.11602209944751381
18 0.27639751552795033 0.5310773480662984 0.030020703933747412 0.11602209944751381
18 0.31521739130434784 0.5255524861878453 0.031055900621118012 0.11464088397790055
5 0.2836438923395445 0.6857734806629834 0.032091097308488616 0.106353591160221
18 0.3245341614906832 0.6802486187845304 0.030538302277432712 0.10911602209944751
18 0.28467908902691513 0.8459944751381215 0.029503105590062112 0.11464088397790055
18 0.3219461697722567 0.8404696132596685 0.03364389233954451 0.1042817679558011
7 0.34627329192546585 0.23273480662983426 0.033126293995859216 0.12638121546961326
7 0.34782608695652173 0.3784530386740331 0.033126293995859216 0.12638121546961326
7 0.35403726708074534 0.5255524861878453 0.03467908902691511 0.11049723756906077
7 0.35921325051759834 0.6767955801104972 0.032091097308488616 0.1111878453038674
7 0.35973084886128365 0.8308011049723757 0.031055900621118012 0.11395027624309392
15 0.5802277432712215 0.2534530386740331 0.023809523809523808 0.09530386740331492
15 0.6055900621118012 0.26035911602209943 0.020186335403726708 0.09461325966850828
15 0.6319875776397516 0.26312154696132595 0.022774327122153208 0.10013812154696132
15 0.5755693581780539 0.38743093922651933 0.026397515527950312 0.08632596685082873
15 0.6040372670807453 0.38535911602209943 0.021739130434782608 0.08632596685082873
15 0.6314699792960663 0.3819060773480663 0.021739130434782608 0.0925414364640884
15 0.5755693581780539 0.5179558011049724 0.024327122153209108 0.09392265193370165
15 0.6066252587991718 0.518646408839779 0.021739130434782608 0.0925414364640884
15 0.6319875776397516 0.5138121546961326 0.025362318840579712 0.09046961325966851
15 0.6594202898550725 0.5124309392265194 0.016563146997929608 0.08632596685082873
15 0.582815734989648 0.6505524861878453 0.023809523809523808 0.08425414364640885
15 0.610248447204969 0.6484806629834254 0.019668737060041408 0.08632596685082873
15 0.6128364389233955 0.7955801104972375 0.020186335403726708 0.09046961325966851
18 0.6418219461697723 0.787292817679558 0.023809523809523808 0.08770718232044199