5 0.02294921875 0.19856770833333334 0.04150390625 0.12825520833333334
5 0.06591796875 0.20182291666666666 0.03759765625 0.126953125
5 0.1103515625 0.20377604166666666 0.041015625 0.12760416666666666
5 0.150390625 0.20768229166666666 0.04248046875 0.12239583333333333
5 0.02978515625 0.353515625 0.0390625 0.12239583333333333
5 0.0751953125 0.357421875 0.0400390625 0.12565104166666666
5 0.1171875 0.3567708333333333 0.03369140625 0.12044270833333333
5 0.15869140625 0.3678385416666667 0.0361328125 0.10611979166666667
5 0.0361328125 0.5182291666666666 0.0361328125 0.119140625
5 0.080078125 0.517578125 0.0400390625 0.1171875
5 0.12744140625 0.513671875 0.0361328125 0.111328125
5 0.166015625 0.5143229166666666 0.0361328125 0.11458333333333333
5 0.05029296875 0.689453125 0.0400390625 0.12109375
5 0.09326171875 0.6803385416666666 0.0390625 0.12239583333333333
5 0.13720703125 0.6751302083333334 0.03369140625 0.11393229166666667
5 0.17822265625 0.671875 0.0361328125 0.107421875
5 0.05224609375 0.8522135416666666 0.03759765625 0.107421875
5 0.08935546875 0.841796875 0.03125 0.12369791666666667
5 0.1376953125 0.841796875 0.029296875 0.10807291666666667
5 0.17333984375 0.8346354166666666 0.03662109375 0.10611979166666667
18 0.2724609375 0.220703125 0.03759765625 0.11263020833333333
18 0.31298828125 0.22395833333333334 0.03369140625 0.10611979166666667
18 0.275390625 0.3645833333333333 0.03125 0.10807291666666667
18 0.3125 0.361328125 0.02880859375 0.109375
18 0.27978515625 0.5084635416666666 0.0283203125 0.109375
18 0.31640625 0.5032552083333334 0.029296875 0.10807291666666667
5 0.28662109375 0.654296875 0.0302734375 0.10026041666666667
18 0.3251953125 0.6490885416666666 0.02880859375 0.10286458333333333
18 0.28759765625 0.8053385416666666 0.02783203125 0.10807291666666667
18 0.32275390625 0.8001302083333334 0.03173828125 0.09830729166666667
7 0.345703125 0.22721354166666666 0.03125 0.119140625
7 0.34716796875 0.3645833333333333 0.03125 0.119140625
7 0.35302734375 0.5032552083333334 0.03271484375 0.10416666666666667
7 0.35791015625 0.6458333333333334 0.0302734375 0.10481770833333333
7 0.3583984375 0.791015625 0.029296875 0.107421875
15 0.56640625 0.24674479166666666 0.0224609375 0.08984375
15 0.59033203125 0.2532552083333333 0.01904296875 0.08919270833333333
15 0.615234375 0.255859375 0.021484375 0.09440104166666667
15 0.56201171875 0.373046875 0.02490234375 0.08138020833333333
15 0.5888671875 0.37109375 0.0205078125 0.08138020833333333
15 0.61474609375 0.3678385416666667 0.0205078125 0.08723958333333333
15 0.56201171875 0.49609375 0.02294921875 0.08854166666666667
15 0.59130859375 0.4967447916666667 0.0205078125 0.08723958333333333
15 0.615234375 0.4921875 0.02392578125 0.08528645833333333
15 0.64111328125 0.4908854166666667 0.015625 0.08138020833333333
15 0.56884765625 0.62109375 0.0224609375 0.07942708333333333
15 0.5947265625 0.619140625 0.0185546875 0.08138020833333333
15 0.59716796875 0.7578125 0.01904296875 0.08528645833333333
18 0.62451171875 0.75 0.0224609375 0.08268229166666667