5 0.018849206349206348 0.19345238095238096 0.037698412698412696 0.1302910052910053
5 0.060515873015873016 0.1970899470899471 0.03819444444444445 0.12896825396825398
5 0.1056547619047619 0.19907407407407407 0.041666666666666664 0.12962962962962962
5 0.1463293650793651 0.20304232804232805 0.043154761904761904 0.12433862433862433
5 0.023809523809523808 0.35119047619047616 0.03968253968253968 0.12433862433862433
5 0.06994047619047619 0.3551587301587302 0.040674603174603176 0.12764550264550265
5 0.11259920634920635 0.3544973544973545 0.03422619047619048 0.12235449735449735
5 0.15476190476190477 0.36574074074074076 0.03670634920634921 0.1078042328042328
5 0.030257936507936508 0.5185185185185185 0.03670634920634921 0.12103174603174603
5 0.07490079365079365 0.5178571428571429 0.040674603174603176 0.11904761904761904
5 0.12301587301587301 0.5138888888888888 0.03670634920634921 0.1130952380952381
5 0.16220238095238096 0.5145502645502645 0.03670634920634921 0.1164021164021164
5 0.044642857142857144 0.6924603174603174 0.040674603174603176 0.12301587301587301
5 0.0882936507936508 0.6832010582010583 0.03968253968253968 0.12433862433862433
5 0.13293650793650794 0.6779100529100529 0.03422619047619048 0.11574074074074074
5 0.1746031746031746 0.6746031746031746 0.03670634920634921 0.10912698412698413
5 0.04662698412698413 0.8578042328042328 0.03819444444444445 0.10912698412698413
5 0.08432539682539683 0.8472222222222222 0.031746031746031744 0.12566137566137567
5 0.13343253968253968 0.8472222222222222 0.02976190476190476 0.10978835978835978
5 0.16964285714285715 0.83994708994709 0.03720238095238095 0.1078042328042328
18 0.27033730158730157 0.21626984126984128 0.03819444444444445 0.11441798941798942
18 0.3115079365079365 0.21957671957671956 0.03422619047619048 0.1078042328042328
18 0.27331349206349204 0.36243386243386244 0.031746031746031744 0.10978835978835978
18 0.31101190476190477 0.35912698412698413 0.029265873015873016 0.1111111111111111
18 0.2777777777777778 0.5085978835978836 0.028769841269841268 0.1111111111111111
18 0.3149801587301587 0.5033068783068783 0.02976190476190476 0.10978835978835978
5 0.2847222222222222 0.6567460317460317 0.030753968253968252 0.10185185185185185
18 0.3239087301587302 0.6514550264550265 0.029265873015873016 0.10449735449735449
18 0.2857142857142857 0.8101851851851852 0.028273809523809524 0.10978835978835978
18 0.32142857142857145 0.8048941798941799 0.032242063492063495 0.09986772486772487
7 0.3447420634920635 0.22288359788359788 0.031746031746031744 0.12103174603174603
7 0.3462301587301587 0.36243386243386244 0.031746031746031744 0.12103174603174603
7 0.3521825396825397 0.5033068783068783 0.033234126984126984 0.10582010582010581
7 0.35714285714285715 0.6481481481481481 0.030753968253968252 0.10648148148148148
7 0.3576388888888889 0.7956349206349206 0.02976190476190476 0.10912698412698413
15 0.5689484126984127 0.24272486772486773 0.022817460317460316 0.09126984126984126
15 0.5932539682539683 0.24933862433862433 0.019345238095238096 0.09060846560846561
15 0.6185515873015873 0.251984126984127 0.021825396825396824 0.0958994708994709
15 0.564484126984127 0.37103174603174605 0.025297619047619048 0.08267195767195767
15 0.591765873015873 0.36904761904761907 0.020833333333333332 0.08267195767195767
15 0.6180555555555556 0.36574074074074076 0.020833333333333332 0.08862433862433862
15 0.564484126984127 0.49603174603174605 0.023313492063492064 0.08994708994708994
15 0.5942460317460317 0.4966931216931217 0.020833333333333332 0.08862433862433862
15 0.6185515873015873 0.49206349206349204 0.024305555555555556 0.08664021164021164
15 0.6448412698412699 0.49074074074074076 0.015873015873015872 0.08267195767195767
15 0.5714285714285714 0.623015873015873 0.022817460317460316 0.08068783068783068
15 0.597718253968254 0.621031746031746 0.018849206349206348 0.08267195767195767
15 0.6001984126984127 0.7619047619047619 0.019345238095238096 0.08664021164021164
18 0.6279761904761905 0.753968253968254 0.022817460317460316 0.083994708994709