5 0.604343220338983 0.3100282485875706 0.015889830508474576 0.06497175141242938
5 0.6207627118644068 0.3149717514124294 0.01694915254237288 0.06638418079096045
5 0.6027542372881356 0.3820621468926554 0.017478813559322032 0.06779661016949153
5 0.6345338983050848 0.3862994350282486 0.012711864406779662 0.06638418079096045
5 0.6509533898305084 0.3862994350282486 0.014830508474576272 0.067090395480226
5 0.6202330508474576 0.3891242937853107 0.014830508474576272 0.06991525423728813
5 0.6165254237288136 0.4498587570621469 0.015360169491525424 0.04731638418079096
5 0.6329449152542372 0.4533898305084746 0.015360169491525424 0.04731638418079096
5 0.6106991525423728 0.5120056497175142 0.020127118644067795 0.05296610169491525
5 0.6292372881355932 0.5176553672316384 0.013241525423728813 0.04731638418079096
18 0.7404661016949152 0.3156779661016949 0.009533898305084746 0.06285310734463277
18 0.7409957627118644 0.3855932203389831 0.010063559322033898 0.06002824858757062
18 0.7383474576271186 0.4505649717514124 0.011122881355932203 0.06285310734463277
18 0.7356991525423728 0.5176553672316384 0.011122881355932203 0.054378531073446326
18 0.7261652542372882 0.3891242937853107 0.00847457627118644 0.06850282485875706
18 0.7208686440677966 0.5204802259887006 0.015889830508474576 0.05790960451977401