5 0.6413160733549083 0.3258992805755396 0.016181229773462782 0.06618705035971223
5 0.6580366774541532 0.33093525179856115 0.017259978425026967 0.06762589928057554
5 0.639697950377562 0.39928057553956836 0.01779935275080906 0.06906474820143885
5 0.6720604099244876 0.4035971223021583 0.012944983818770227 0.06762589928057554
5 0.6887810140237325 0.4035971223021583 0.015102481121898598 0.0683453237410072
5 0.6574973031283711 0.4064748201438849 0.015102481121898598 0.07122302158273382
5 0.6537216828478964 0.4683453237410072 0.01564185544768069 0.04820143884892086
5 0.6704422869471414 0.4719424460431655 0.01564185544768069 0.04820143884892086
5 0.6477885652642934 0.5316546762589928 0.020496224379719527 0.0539568345323741
5 0.6666666666666666 0.537410071942446 0.01348435814455232 0.04820143884892086
18 0.7799352750809061 0.3316546762589928 0.009708737864077669 0.06402877697841726
18 0.7804746494066882 0.4028776978417266 0.010248112189859764 0.06115107913669065
18 0.7777777777777778 0.46906474820143884 0.011326860841423949 0.06402877697841726
18 0.7750809061488673 0.537410071942446 0.011326860841423949 0.05539568345323741
18 0.7653721682847896 0.4064748201438849 0.008629989212513484 0.06978417266187051
18 0.7599784250269687 0.5402877697841727 0.016181229773462782 0.058992805755395686