15 0.947265625 0.09619140625 0.076171875 0.18359375
15 0.8515625 0.1083984375 0.08138020833333333 0.171875
15 0.7688802083333334 0.1162109375 0.07421875 0.1708984375
15 0.6881510416666666 0.12744140625 0.06966145833333333 0.1572265625
15 0.6197916666666666 0.13671875 0.07161458333333333 0.14794921875
15 0.5572916666666666 0.13916015625 0.06575520833333333 0.14453125
15 0.48828125 0.14599609375 0.068359375 0.1455078125
15 0.4329427083333333 0.15478515625 0.055989583333333336 0.1337890625
15 0.3815104166666667 0.15673828125 0.0546875 0.14111328125
15 0.3229166666666667 0.1650390625 0.055989583333333336 0.12646484375
15 0.2760416666666667 0.171875 0.048828125 0.12109375
15 0.24283854166666666 0.1767578125 0.050130208333333336 0.11181640625
15 0.25 0.32275390625 0.035807291666666664 0.10205078125
15 0.2897135416666667 0.3291015625 0.034505208333333336 0.119140625
15 0.3313802083333333 0.326171875 0.0390625 0.1171875
15 0.3723958333333333 0.32861328125 0.030598958333333332 0.12451171875
15 0.4153645833333333 0.32763671875 0.040364583333333336 0.1181640625
15 0.466796875 0.33251953125 0.041666666666666664 0.1337890625
15 0.5221354166666666 0.33203125 0.037760416666666664 0.130859375
15 0.564453125 0.330078125 0.040364583333333336 0.13818359375
15 0.626953125 0.33251953125 0.034505208333333336 0.1337890625
15 0.6959635416666666 0.328125 0.059895833333333336 0.14013671875
15 0.7682291666666666 0.3330078125 0.064453125 0.15625
15 0.8307291666666666 0.33056640625 0.059895833333333336 0.16650390625
15 0.9095052083333334 0.32421875 0.07747395833333333 0.1748046875