16 0.9607300884955752 0.5899705014749262 0.07853982300884955 0.3392330383480826
16 0.8676769911504425 0.5847197640117994 0.09672566371681422 0.32871681415929205
16 0.773108407079646 0.5820058997050148 0.0882522123893805 0.31839233038348086
16 0.6918141592920354 0.5682448377581121 0.06209070796460189 0.29085545722713874
16 0.620287610619469 0.5529941002949853 0.06652654867256648 0.25053097345132747
16 0.56 0.5468436578171091 0.06026548672566374 0.22348082595870203
16 0.5045132743362832 0.5409439528023599 0.04147123893805311 0.2116814159292035
16 0.46727876106194693 0.5392182890855457 0.04811946902654867 0.2033185840707965
16 0.4208185840707965 0.5338053097345133 0.05845132743362835 0.18266961651917407
16 0.3728871681415929 0.5291445427728614 0.036338495575221265 0.16840707964601778
16 0.33952433628318585 0.5178318584070796 0.03228982300884962 0.15561946902654866
16 0.3085508849557522 0.5185693215339233 0.029336283185840688 0.14234513274336283
16 0.2753650442477876 0.5205309734513275 0.021969026548672582 0.1462831858407079
16 0.2480862831858407 0.5109439528023599 0.026404867256637172 0.12218289085545728
16 0.22393805309734513 0.514882005899705 0.018661504424778767 0.13004424778761056
6 0.9280973451327433 0.9446902654867256 0.11061946902654868 0.11061946902654868
6 0.8257743362831859 0.9240412979351033 0.08738938053097345 0.15191740412979352
6 0.7405973451327433 0.9041297935103245 0.07853982300884955 0.19174041297935104
6 0.6631637168141593 0.8982300884955752 0.06526548672566372 0.20353982300884957
6 0.5973451327433629 0.8856932153392331 0.061946902654867256 0.22861356932153393
6 0.540929203539823 0.8761061946902655 0.0420353982300885 0.24778761061946902
6 0.4908738938053097 0.8531858407079647 0.051061946902654955 0.23635693215339232
6 0.4420243362831858 0.8217109144542772 0.04554203539823004 0.2127433628318584
6 0.4010951327433628 0.8037610619469028 0.030066371681415873 0.18176991150442479
6 0.36237831858407077 0.787787610619469 0.033761061946902635 0.17438053097345135
6 0.32919247787610617 0.7727876106194691 0.02639380530973453 0.1689675516224188
6 0.300995575221239 0.7632005899705016 0.03266592920353979 0.16454277286135685
6 0.20907079646017698 0.9299410029498525 0.04424778761061947 0.140117994100295
6 0.24502212389380532 0.950589970501475 0.029867256637168143 0.09882005899705015
6 0.2782079646017699 0.9579646017699115 0.029867256637168143 0.084070796460177
6 0.30033185840707965 0.9682890855457227 0.029867256637168143 0.06342182890855458
6 0.33351769911504425 0.9800884955752213 0.034292035398230086 0.03982300884955752