16 0.9455 0.536 0.109 0.30666666666666664
16 0.84238 0.5312533333333334 0.08744000000000006 0.29716
16 0.75689 0.5288 0.07977999999999998 0.2878266666666667
16 0.6834 0.5163599999999999 0.05613000000000011 0.2629333333333334
16 0.61874 0.5025733333333333 0.0601400000000001 0.22648000000000001
16 0.56424 0.4970133333333333 0.05448000000000002 0.20202666666666663
16 0.5140800000000001 0.49168 0.03749000000000001 0.19135999999999997
16 0.48042 0.49011999999999994 0.0435 0.18380000000000002
16 0.43842000000000003 0.4852266666666667 0.05284000000000003 0.16513333333333335
16 0.39509 0.48101333333333335 0.032850000000000025 0.1522400000000001
16 0.36493000000000003 0.47078666666666663 0.029190000000000056 0.14068
16 0.33693 0.4714533333333333 0.02651999999999998 0.12868
16 0.30693 0.4732266666666667 0.019860000000000013 0.13223999999999994
16 0.28226999999999997 0.46456000000000003 0.023870000000000006 0.11045333333333338
16 0.26044 0.46812 0.016870000000000003 0.11755999999999994
6 0.9775 0.918 0.045 0.164
6 0.89722 0.9037733333333334 0.09955999999999994 0.19245333333333323
6 0.8050499999999999 0.8846666666666667 0.07944000000000005 0.23066666666666666
6 0.7275 0.8666666666666667 0.071 0.26666666666666666
6 0.65807 0.8506266666666668 0.058799999999999956 0.2559200000000001
6 0.59824 0.8163999999999999 0.05580999999999994 0.23190666666666676
6 0.54741 0.7995066666666667 0.03749000000000001 0.23368
6 0.50175 0.7739466666666667 0.04616000000000003 0.21366666666666667
6 0.45759 0.7454933333333333 0.04116999999999996 0.19232000000000002
6 0.42058999999999996 0.7292666666666667 0.02717999999999995 0.16432000000000002
6 0.38559 0.7148266666666667 0.03051999999999998 0.15764000000000003
6 0.35558999999999996 0.7012666666666667 0.023860000000000013 0.1527466666666666
6 0.3301 0.6926000000000001 0.029529999999999973 0.14874666666666658
6 0.24727000000000002 0.8475066666666666 0.04054000000000002 0.13411999999999988
6 0.27994 0.8895066666666667 0.027460000000000036 0.14258666666666675
6 0.31027 0.9050666666666666 0.026799999999999956 0.14702666666666664
6 0.33027 0.9237466666666666 0.026799999999999956 0.1488133333333332
6 0.36010000000000003 0.9357733333333333 0.03047000000000003 0.12843999999999992
6 0.39409 0.9491066666666668 0.029149999999999978 0.10177333333333323