5 0.06575520833333333 0.1279296875 0.07682291666666667 0.16650390625
5 0.14973958333333334 0.1328125 0.07552083333333333 0.16162109375
5 0.3723958333333333 0.154296875 0.064453125 0.13525390625
5 0.24348958333333334 0.1474609375 0.06315104166666667 0.12744140625
5 0.4713541666666667 0.16162109375 0.0546875 0.12646484375
5 0.5540364583333334 0.166015625 0.041666666666666664 0.1201171875
5 0.5970052083333334 0.1689453125 0.03515625 0.11181640625
5 0.6647135416666666 0.17333984375 0.04296875 0.107421875
5 0.037109375 0.33203125 0.05859375 0.154296875
5 0.10026041666666667 0.33154296875 0.061848958333333336 0.15087890625
5 0.1484375 0.32421875 0.036458333333333336 0.14453125
5 0.24544270833333334 0.31982421875 0.047526041666666664 0.1376953125
5 0.7259114583333334 0.177734375 0.033203125 0.0966796875
5 0.7747395833333334 0.18359375 0.029296875 0.10009765625
5 0.3046875 0.15478515625 0.048177083333333336 0.12744140625
5 0.3014322916666667 0.3203125 0.048828125 0.130859375
5 0.849609375 0.185546875 0.025390625 0.08544921875
5 0.8997395833333334 0.18896484375 0.026692708333333332 0.08544921875
5 0.630859375 0.1748046875 0.026041666666666668 0.1064453125
5 0.197265625 0.32177734375 0.043619791666666664 0.14453125
18 0.4251302083333333 0.3154296875 0.040364583333333336 0.11474609375
5 0.4928385416666667 0.31103515625 0.048828125 0.1201171875