5 0.0335195530726257 0.09345549738219895 0.0670391061452514 0.17853403141361257
5 0.11592178770949721 0.09895287958115183 0.08100558659217877 0.17329842931937173
5 0.3547486033519553 0.12198952879581151 0.0691340782122905 0.1450261780104712
5 0.2164804469273743 0.11465968586387434 0.06773743016759777 0.13664921465968585
5 0.46089385474860334 0.12984293193717278 0.05865921787709497 0.1356020942408377
5 0.5495810055865922 0.13455497382198953 0.0446927374301676 0.12879581151832462
5 0.5956703910614525 0.13769633507853404 0.03770949720670391 0.11989528795811519
5 0.6682960893854749 0.1424083769633508 0.046089385474860335 0.11518324607329843
5 0.013268156424581005 0.312565445026178 0.02653631284916201 0.16544502617801046
5 0.06284916201117319 0.31204188481675393 0.06634078212290503 0.16178010471204188
5 0.11452513966480447 0.3041884816753927 0.03910614525139665 0.1549738219895288
5 0.2185754189944134 0.2994764397905759 0.05097765363128492 0.14764397905759163
5 0.7339385474860335 0.14712041884816754 0.0356145251396648 0.10366492146596859
5 0.7863128491620112 0.15340314136125655 0.031424581005586594 0.10732984293193717
5 0.28212290502793297 0.1225130890052356 0.051675977653631286 0.13664921465968585
5 0.2786312849162011 0.3 0.052374301675977654 0.14031413612565444
5 0.8666201117318436 0.15549738219895287 0.02723463687150838 0.09162303664921466
5 0.9203910614525139 0.15916230366492146 0.02863128491620112 0.09162303664921466
5 0.6319832402234636 0.14397905759162305 0.027932960893854747 0.11413612565445026
5 0.16689944134078213 0.30157068062827225 0.0467877094972067 0.1549738219895288
18 0.41131284916201116 0.29476439790575915 0.04329608938547486 0.12303664921465969
5 0.48393854748603354 0.2900523560209424 0.052374301675977654 0.12879581151832462