5 0.03790983606557377 0.13294057377049182 0.07581967213114754 0.17469262295081966
5 0.12363387978142076 0.13831967213114754 0.07923497267759563 0.16956967213114754
5 0.3572404371584699 0.16086065573770492 0.06762295081967214 0.14190573770491804
5 0.22199453551912568 0.15368852459016394 0.0662568306010929 0.13370901639344263
5 0.4610655737704918 0.16854508196721313 0.05737704918032787 0.13268442622950818
5 0.5478142076502732 0.17315573770491804 0.04371584699453552 0.1260245901639344
5 0.592896174863388 0.1762295081967213 0.036885245901639344 0.1173155737704918
5 0.6639344262295082 0.18084016393442623 0.045081967213114756 0.11270491803278689
5 0.018101092896174863 0.3473360655737705 0.036202185792349725 0.16188524590163936
5 0.07172131147540983 0.3468237704918033 0.06489071038251366 0.15829918032786885
5 0.12226775956284153 0.3391393442622951 0.03825136612021858 0.15163934426229508
5 0.22404371584699453 0.33452868852459017 0.049863387978142076 0.1444672131147541
5 0.7281420765027322 0.18545081967213115 0.03483606557377049 0.1014344262295082
5 0.7793715846994536 0.1915983606557377 0.030737704918032786 0.10502049180327869
5 0.28620218579234974 0.16137295081967212 0.050546448087431695 0.13370901639344263
5 0.2827868852459016 0.3350409836065574 0.05122950819672131 0.13729508196721313
5 0.8579234972677595 0.19364754098360656 0.02663934426229508 0.08965163934426229
5 0.9105191256830601 0.19723360655737704 0.028005464480874317 0.08965163934426229
5 0.6284153005464481 0.18237704918032788 0.0273224043715847 0.11168032786885246
5 0.17349726775956284 0.336577868852459 0.045765027322404374 0.15163934426229508
18 0.412568306010929 0.32991803278688525 0.04234972677595628 0.12038934426229508
5 0.48360655737704916 0.32530737704918034 0.05122950819672131 0.1260245901639344