0 0.5709024312500001 0.1386874328125 0.61431835625 0.44279736875 0.8557378734375 0.40833137343750003 0.81232195 0.1042214390625 0.5709024312500001 0.1386874328125
0 0.01173283125 0.54038136875 0.1457032109375 0.8647034328125001 0.40108900937499997 0.7592091234375 0.2671186296875 0.434887059375 0.01173283125 0.54038136875
0 0.6510324625 1 0.670747990625 0.7180548140624999 0.405415534375 0.6995009609375 0.384880125 0.9931709828124999 0.48253961875 1 0.6510324625 1
0 0.5011363265625 0.7495896796875 0.741912946875 0.767406446875 0.7698427265625 0.3899621203125 0.5290661046875 0.37214535312499997 0.5011363265625 0.7495896796875
0 0.1833043375 0.2186599953125 0.2441970875 0.529206240625 0.49009611406250003 0.48098969374999995 0.42920336406250004 0.17044344843749998 0.1833043375 0.2186599953125
0 0.960631521875 1 0.9860102984375001 0.6252728171874999 0.840749171875 0.6154348609375 0.8147041125 1 0.960631521875 1
0 1 0.32300236875 0.9071699421874999 0.315716575 0.8814968796875 0.6428232656249999 0.9865674468750001 0.651069759375 1 0.4799223453125 1 0.32300236875
0 1 0.057958865625 0.9572639687500001 0.05511342031250001 0.9389281 0.33050175625 1 0.3345680375 1 0.057958865625
0 0.6908679828125 0.012125840625 0.6890429171875 0.1236614 0.8655150890625001 0.12654902968749998 0.8671856609375 0.024455173437499998 0.6908679828125 0.012125840625
0 0.345957309375 0 0.33001192968750004 0.22802955468750002 0.5354305234375001 0.242393821875 0.55221043125 0.002429959375 0.5174603921875 0 0.345957309375 0
0 0.0337424578125 0 0.01500146875 0.268008625 0.014373028125000001 0.31389558125 0.1791342890625 0.3161520515625 0.1834641171875 0 0.0337424578125 0
0 0 0.5723648359375 0.0444151171875 0.5751800874999999 0.0610799828125 0.3122650703125 0.0121237453125 0.3091619796875 0.0029375796874999997 0.4405302765625 0 0.48687530625 0 0.5723648359375