4 0.5285608816666667 0.10526311333333334 0.59738627 0.4256264166666667 0.8517086233333333 0.370988965 0.782883235 0.05062566166666667 0.5285608816666667 0.10526311333333334
4 0 0.6477751616666667 0.13014046499999998 0.9094314966666667 0.3940388966666667 0.7781758766666667 0.2273534583333333 0.44304336499999997 0 0.5561225483333333 0 0.6477751616666667
4 0.6779123116666667 1 0.6779123116666667 0.71432039 0.394199915 0.71432039 0.394199915 1 0.6779123116666667 1
4 0.499780325 0.76049592 0.75730879 0.761538735 0.7589435183333333 0.3578340166666667 0.5014150533333334 0.35679120166666667 0.499780325 0.76049592
4 0.12208054 0.21919935833333332 0.20998137 0.5451109383333332 0.46804709 0.4755086533333333 0.38014626 0.14959707166666666 0.12208054 0.21919935833333332
4 1 0.5921504833333334 0.8511695499999999 0.5924764866666666 0.852062205 1 1 1 1 0.5921504833333334
4 1 0.2694686416666667 0.8995446766666667 0.26861358999999996 0.8965657816666667 0.61858771 1 0.6194681166666667 1 0.2694686416666667
4 0.9334988000000001 0 0.9344376466666667 0.2819830066666667 1 0.28176471999999997 1 0 0.9334988000000001 0
4 0.6488462966666666 0 0.6531523883333333 0.08048392 0.8411456966666666 0.07042580666666667 0.83737774 0 0.6488462966666666 0
4 0.2788846 0 0.2788846 0.21825315166666664 0.4985328183333333 0.21825315166666664 0.4985328183333333 0 0.2788846 0
4 0 0 0 0.330264285 0.12489740500000002 0.32324784666666667 0.10673811333333333 0 0 0