0 0.5455258265625 0.13462166874999998 0.610049628125 0.434962265625 0.848476834375 0.3837396546875 0.7839530328125 0.0833990578125 0.5455258265625 0.13462166874999998
0 0.015739087500000002 0.5743427984375 0.1720066859375 0.8885295281250001 0.419411465625 0.765477384375 0.2631438671875 0.45129065468749996 0.015739087500000002 0.5743427984375
0 0.6855427921875 1 0.6855427921875 0.705612865625 0.4195624203125 0.705612865625 0.4195624203125 1 0.6855427921875 1
0 0.5185440546875 0.748902425 0.759976990625 0.7498800640625001 0.7615095484375 0.371406890625 0.5200766125 0.3704292515625 0.5185440546875 0.748902425
0 0.16445050625 0.2414368984375 0.246857534375 0.5469790046874999 0.488794146875 0.48172686249999996 0.40638711875 0.1761847546875 0.16445050625 0.2414368984375
0 0.9137709765625001 1 0.9944603484375 0.9998232546875 0.9935649921874999 0.59106529375 0.847971453125 0.59138420625 0.8488665 1 0.9137709765625001 1
0 0.8905304203125001 0.615863478125 0.9959202859375 0.61676053125 0.9987130000000001 0.28865979375 0.893323134375 0.28776274062499996 0.8905304203125001 0.615863478125
0 0.925116378125 0.0243000203125 0.92603529375 0.30029656875 0.999631915625 0.3000515328125 0.9987130000000001 0.024054984374999998 0.925116378125 0.0243000203125
0 0.65637065625 0 0.6623303640625 0.111391175 0.838574090625 0.10196169375 0.833118884375 0 0.65637065625 0
0 0.3114543125 0 0.3114543125 0.2405498296875 0.5173745171874999 0.2405498296875 0.5173745171874999 0 0.3114543125 0
0 0.11714294843749999 0 0 0.006580810937500001 0 0.30240553124999997 0.002574003125 0.348224546875 0.1670913171875 0.33898235625 0.1480480984375 0 0.11714294843749999 0
0 0 0.47534846406250003 0.0008581046875 0.607102015625 0.050769196875 0.606776946875 0.049053443749999995 0.34333989531250003 0 0.343659378125 0 0.47534846406250003