0 0.38221153846153844 0.5168269230769231 0.34134615384615385 0.16105769230769232
0 0.7584134615384616 0.46875 0.39663461538461536 0.23076923076923078
0 0.11177884615384616 0.5300480769230769 0.22355769230769232 0.15625
0 0.37259615384615385 0.40024038461538464 0.31971153846153844 0.17307692307692307
0 0.11899038461538461 0.41225961538461536 0.23798076923076922 0.17067307692307693
0 0.6947115384615384 0.33052884615384615 0.35096153846153844 0.16346153846153846
0 0.38822115384615385 0.3161057692307692 0.28846153846153844 0.1346153846153846
0 0.13221153846153846 0.3137019230769231 0.2644230769230769 0.15625
0 0.6682692307692307 0.23076923076923078 0.3317307692307692 0.13942307692307693
0 0.7319711538461539 0.8233173076923077 0.40384615384615385 0.23076923076923078
0 0.12740384615384615 0.7151442307692307 0.22355769230769232 0.2764423076923077
0 0.7524038461538461 0.6262019230769231 0.40865384615384615 0.25961538461538464
0 0.3918269230769231 0.6670673076923077 0.37740384615384615 0.24519230769230768