4 0.5799492385786802 0.5393401015228426 0.3401015228426396 0.12690355329949238
4 0.19035532994923857 0.5393401015228426 0.38071065989847713 0.19035532994923857
4 0.8743654822335025 0.5571065989847716 0.2512690355329949 0.13959390862944163
4 0.5748730964467005 0.6598984771573604 0.3147208121827411 0.1446700507614213
4 0.8464467005076142 0.6776649746192893 0.25380710659898476 0.14213197969543148
4 0.23604060913705585 0.6903553299492385 0.350253807106599 0.12690355329949238
4 0.5482233502538071 0.7436548223350253 0.2868020304568528 0.10406091370558376
4 0.815989847715736 0.7791878172588832 0.2715736040609137 0.12944162436548223
4 0.25 0.7956852791878173 0.33248730964467005 0.10406091370558376
4 0.25888324873096447 0.17766497461928935 0.39593908629441626 0.19035532994923857
4 0.883248730964467 0.36548223350253806 0.233502538071066 0.2639593908629442
4 0.2131979695431472 0.37817258883248733 0.39593908629441626 0.22081218274111675
4 0.5888324873096447 0.383248730964467 0.3680203045685279 0.2131979695431472