4 0.38170731707317074 0.5048780487804878 0.33414634146341465 0.12439024390243902
4 0.7670731707317073 0.5024390243902439 0.3829268292682927 0.1878048780487805
4 0.1073170731707317 0.4853658536585366 0.2146341463414634 0.13414634146341464
4 0.38658536585365855 0.38658536585365855 0.3097560975609756 0.13902439024390245
4 0.12195121951219512 0.3670731707317073 0.24390243902439024 0.14390243902439023
4 0.7195121951219512 0.35609756097560974 0.3439024390243902 0.12439024390243902
4 0.4121951219512195 0.30365853658536585 0.28292682926829266 0.1024390243902439
4 0.15 0.26951219512195124 0.2658536585365854 0.12682926829268293
4 0.7048780487804878 0.2524390243902439 0.32682926829268294 0.1024390243902439
4 0.6963414634146341 0.8573170731707317 0.3902439024390244 0.1878048780487805
4 0.1 0.6731707317073171 0.1975609756097561 0.25853658536585367
4 0.7414634146341463 0.6609756097560976 0.3902439024390244 0.21707317073170732
4 0.37317073170731707 0.6573170731707317 0.36097560975609755 0.2073170731707317