0 0.38100961538461536 0.4879807692307692 0.34134615384615385 0.16105769230769232
0 0.7584134615384616 0.53125 0.39663461538461536 0.23076923076923078
0 0.11538461538461539 0.4362980769230769 0.22596153846153846 0.15625
0 0.40024038461538464 0.37259615384615385 0.31971153846153844 0.17307692307692307
0 0.14423076923076922 0.32211538461538464 0.2548076923076923 0.17067307692307693
0 0.7295673076923077 0.38341346153846156 0.35096153846153844 0.16346153846153846
0 0.43509615384615385 0.29447115384615385 0.28846153846153844 0.1346153846153846
0 0.18269230769230768 0.22956730769230768 0.2764423076923077 0.15625
0 0.7283653846153846 0.2800480769230769 0.3317307692307692 0.13942307692307693
0 0.6466346153846154 0.8701923076923077 0.40384615384615385 0.23076923076923078
0 0.0985576923076923 0.6189903846153846 0.1971153846153846 0.2764423076923077
0 0.7151442307692307 0.6838942307692307 0.40865384615384615 0.25961538461538464
0 0.3545673076923077 0.6358173076923077 0.37740384615384615 0.24519230769230768