4 0.6256345177664975 0.5342639593908629 0.3401015228426396 0.12690355329949238
4 0.23223350253807107 0.5355329949238579 0.39086294416243655 0.19035532994923857
4 0.8972081218274112 0.5520304568527918 0.20558375634517767 0.13959390862944163
4 0.6205583756345178 0.6548223350253807 0.3147208121827411 0.1446700507614213
4 0.881979695431472 0.6725888324873096 0.23604060913705585 0.14213197969543148
4 0.2817258883248731 0.6852791878172588 0.350253807106599 0.12690355329949238
4 0.5939086294416244 0.7385786802030457 0.2868020304568528 0.10406091370558376
4 0.8616751269035533 0.7741116751269036 0.2715736040609137 0.12944162436548223
4 0.2956852791878173 0.7906091370558376 0.33248730964467005 0.10406091370558376
4 0.30456852791878175 0.17258883248730963 0.39593908629441626 0.19035532994923857
4 0.9060913705583756 0.3604060913705584 0.18781725888324874 0.2639593908629442
4 0.25888324873096447 0.3730964467005076 0.39593908629441626 0.22081218274111675
4 0.6345177664974619 0.37817258883248733 0.3680203045685279 0.2131979695431472