4 0.38100961538461536 0.5024038461538461 0.3293269230769231 0.12259615384615384
4 0.7608173076923077 0.5 0.37740384615384615 0.18509615384615385
4 0.11057692307692307 0.4831730769230769 0.21153846153846154 0.13221153846153846
4 0.3858173076923077 0.3858173076923077 0.30528846153846156 0.13701923076923078
4 0.125 0.36658653846153844 0.2403846153846154 0.14182692307692307
4 0.7139423076923077 0.3557692307692308 0.3389423076923077 0.12259615384615384
4 0.4110576923076923 0.30408653846153844 0.27884615384615385 0.10096153846153846
4 0.15264423076923078 0.2704326923076923 0.2620192307692308 0.125
4 0.6995192307692307 0.2536057692307692 0.32211538461538464 0.10096153846153846
4 0.6911057692307693 0.8497596153846154 0.38461538461538464 0.18509615384615385
4 0.10336538461538461 0.6682692307692307 0.19471153846153846 0.2548076923076923
4 0.7355769230769231 0.65625 0.38461538461538464 0.21394230769230768
4 0.37259615384615385 0.6526442307692307 0.3557692307692308 0.20432692307692307