0 0.20625 0.14637002341920374 0.1453125 0.15690866510538642
0 0.0921875 0.117096018735363 0.115625 0.1522248243559719
0 0.5796875 0.265807962529274 0.26875 0.17798594847775176
0 0.78828125 0.32669789227166274 0.1625 0.14285714285714285
0 0.93046875 0.3700234192037471 0.1390625 0.1451990632318501
0 0.340625 0.3255269320843091 0.1453125 0.1522248243559719
0 0.1890625 0.2892271662763466 0.1390625 0.13348946135831383
0 0.075 0.25526932084309134 0.1140625 0.12646370023419204
0 0.49609375 0.3864168618266979 0.134375 0.117096018735363
0 0.746875 0.4613583138173302 0.134375 0.10772833723653395
0 0.62109375 0.42505854800936765 0.1390625 0.11241217798594848
0 0.8734375 0.5023419203747073 0.1390625 0.11475409836065574
0 0.734375 0.5562060889929742 0.140625 0.15456674473067916
0 0.48515625 0.48360655737704916 0.140625 0.15690866510538642
0 0.059375 0.36065573770491804 0.1140625 0.1522248243559719
0 0.17265625 0.3957845433255269 0.14375 0.14754098360655737
0 0.609375 0.5234192037470726 0.1421875 0.15690866510538642
0 0.8609375 0.5971896955503513 0.1484375 0.15456674473067916
0 0.3234375 0.4449648711943794 0.1453125 0.15690866510538642
0 0.85078125 0.7060889929742389 0.14375 0.14754098360655737
0 0.72109375 0.6697892271662763 0.1453125 0.15456674473067916
0 0.46796875 0.5971896955503513 0.1375 0.15456674473067916
0 0.59296875 0.6334894613583139 0.1390625 0.1522248243559719
0 0.159375 0.5105386416861827 0.140625 0.15456674473067916
0 0.053125 0.4765807962529274 0.10625 0.1522248243559719
0 0.309375 0.5608899297423887 0.1453125 0.1592505854800937
0 0.3796875 0.05503512880562061 0.15 0.11007025761124122
0 0.1765625 0.03278688524590164 0.215625 0.06557377049180328
0 0.109375 0.6615925058548009 0.1515625 0.16393442622950818
0 0.5515625 0.08548009367681499 0.1609375 0.16393442622950818
0 0.70078125 0.12997658079625293 0.159375 0.16159250585480095
0 0.85859375 0.9121779859484778 0.1578125 0.1756440281030445
0 0.88359375 0.19086651053864168 0.2328125 0.18969555035128804
0 0.7140625 0.8840749414519906 0.171875 0.23185011709601874
0 0.021875 0.7049180327868853 0.04375 0.2529274004683841
0 0.28046875 0.797423887587822 0.1609375 0.32084309133489464
0 0.46328125 0.8512880562060889 0.20625 0.25526932084309134
0 0.59453125 0.9063231850117096 0.1078125 0.1873536299765808
0 0.096875 0.7857142857142857 0.1515625 0.16627634660421545
0 0.84609375 0.9789227166276346 0.1546875 0.04215456674473068
0 0.35859375 0.18618266978922718 0.1421875 0.1522248243559719