4 0.16640625 0.23708920187793428 0.1328125 0.12206572769953052
4 0.05078125 0.24178403755868544 0.1015625 0.1267605633802817
4 0.5484375 0.2476525821596244 0.259375 0.1056338028169014
4 0.7609375 0.2476525821596244 0.153125 0.10093896713615023
4 0.91484375 0.2476525821596244 0.1453125 0.1056338028169014
4 0.32109375 0.3755868544600939 0.1328125 0.11737089201877934
4 0.16796875 0.3826291079812207 0.1296875 0.09859154929577464
4 0.0515625 0.3826291079812207 0.103125 0.09859154929577464
4 0.48203125 0.3908450704225352 0.1265625 0.08215962441314555
4 0.7375 0.392112676056338 0.128125 0.07276995305164319
4 0.609375 0.3931924882629108 0.13125 0.07746478873239436
4 0.8671875 0.3967136150234742 0.13125 0.07981220657276995
4 0.7375 0.48901408450704226 0.128125 0.11971830985915492
4 0.48359375 0.4894366197183099 0.1265625 0.12441314553990611
4 0.05 0.49061032863849763 0.1 0.1267605633802817
4 0.165625 0.49295774647887325 0.13125 0.11267605633802817
4 0.61015625 0.49295774647887325 0.1296875 0.12206572769953052
4 0.86640625 0.49295774647887325 0.1359375 0.11737089201877934
4 0.31953125 0.49765258215962443 0.1328125 0.12206572769953052
4 0.8703125 0.6032863849765259 0.13125 0.11267605633802817
4 0.73828125 0.6044600938967136 0.1328125 0.11971830985915492
4 0.48125 0.6056338028169014 0.125 0.12206572769953052
4 0.60859375 0.6056338028169014 0.1265625 0.11737089201877934
4 0.1671875 0.6091549295774648 0.128125 0.11971830985915492
4 0.05234375 0.6091549295774648 0.1046875 0.12441314553990611
4 0.3203125 0.6161971830985915 0.13125 0.12441314553990611
4 0.32109375 0.06807511737089202 0.1359375 0.13615023474178403
4 0.115625 0.07629107981220658 0.203125 0.12910798122065728
4 0.1375 0.7723004694835681 0.1375 0.1267605633802817
4 0.49765625 0.07863849765258216 0.1484375 0.12441314553990611
4 0.65 0.07981220657276995 0.146875 0.12206572769953052
4 0.90546875 0.8075117370892019 0.1421875 0.14553990610328638
4 0.85546875 0.08215962441314555 0.2609375 0.11737089201877934
4 0.76171875 0.8333333333333334 0.1453125 0.22535211267605634
4 0.03203125 0.8474178403755869 0.0640625 0.23943661971830985
4 0.32265625 0.8568075117370892 0.1265625 0.29107981220657275
4 0.50859375 0.8568075117370892 0.1828125 0.20657276995305165
4 0.64453125 0.8755868544600939 0.0890625 0.1643192488262911
4 0.140625 0.897887323943662 0.1375 0.12910798122065728
4 0.909375 0.9366197183098591 0.140625 0.13145539906103287
4 0.32109375 0.2323943661971831 0.1296875 0.11737089201877934