0 0.16640625 0.23653395784543327 0.1328125 0.12177985948477751
0 0.05078125 0.24121779859484777 0.1015625 0.12646370023419204
0 0.5484375 0.24707259953161592 0.259375 0.1053864168618267
0 0.7609375 0.24707259953161592 0.153125 0.10070257611241218
0 0.91484375 0.24707259953161592 0.1453125 0.1053864168618267
0 0.32109375 0.3747072599531616 0.1328125 0.117096018735363
0 0.16796875 0.38173302107728335 0.1296875 0.09836065573770492
0 0.0515625 0.38173302107728335 0.103125 0.09836065573770492
0 0.48203125 0.38992974238875877 0.1265625 0.08196721311475409
0 0.7375 0.3911943793911007 0.128125 0.07259953161592506
0 0.609375 0.39227166276346603 0.13125 0.07728337236533958
0 0.8671875 0.3957845433255269 0.13125 0.07962529274004684
0 0.7375 0.4878688524590164 0.128125 0.11943793911007025
0 0.48359375 0.4882903981264637 0.1265625 0.12412177985948478
0 0.05 0.4894613583138173 0.1 0.12646370023419204
0 0.165625 0.4918032786885246 0.13125 0.11241217798594848
0 0.61015625 0.4918032786885246 0.1296875 0.12177985948477751
0 0.86640625 0.4918032786885246 0.1359375 0.117096018735363
0 0.31953125 0.4964871194379391 0.1328125 0.12177985948477751
0 0.8703125 0.6018735362997658 0.13125 0.11241217798594848
0 0.73828125 0.6030444964871194 0.1328125 0.11943793911007025
0 0.48125 0.6042154566744731 0.125 0.12177985948477751
0 0.60859375 0.6042154566744731 0.1265625 0.117096018735363
0 0.1671875 0.607728337236534 0.128125 0.11943793911007025
0 0.05234375 0.607728337236534 0.1046875 0.12412177985948478
0 0.3203125 0.6147540983606558 0.13125 0.12412177985948478
0 0.32109375 0.06791569086651054 0.1359375 0.1358313817330211
0 0.115625 0.07611241217798595 0.203125 0.1288056206088993
0 0.1375 0.7704918032786885 0.1375 0.12646370023419204
0 0.49765625 0.07845433255269321 0.1484375 0.12412177985948478
0 0.65 0.07962529274004684 0.146875 0.12177985948477751
0 0.90546875 0.8056206088992974 0.1421875 0.1451990632318501
0 0.85546875 0.08196721311475409 0.2609375 0.117096018735363
0 0.76171875 0.8313817330210773 0.1453125 0.22482435597189696
0 0.03203125 0.8454332552693209 0.0640625 0.2388758782201405
0 0.32265625 0.8548009367681498 0.1265625 0.2903981264637002
0 0.50859375 0.8548009367681498 0.1828125 0.20608899297423888
0 0.64453125 0.8735362997658079 0.0890625 0.16393442622950818
0 0.140625 0.8957845433255269 0.1375 0.1288056206088993
0 0.909375 0.9344262295081968 0.140625 0.13114754098360656
0 0.32109375 0.23185011709601874 0.1296875 0.117096018735363