4 0.4887459807073955 0.34186046511627904 0.19935691318327975 0.2186046511627907
4 0.7307073954983923 0.35930232558139535 0.23311897106109325 0.2813953488372093
4 0.9308681672025724 0.3697674418604651 0.1382636655948553 0.25116279069767444
4 0.2491961414790997 0.3825581395348837 0.24758842443729903 0.18372093023255814
4 0.17443729903536978 0.7697674418604651 0.34887459807073956 0.4604651162790698
4 0.8247588424437299 0.7709302325581395 0.33440514469453375 0.45348837209302323
4 0.5160771704180064 0.7872093023255814 0.3022508038585209 0.4116279069767442
4 0.867363344051447 0.07790697674418605 0.1945337620578778 0.1372093023255814
4 0.680064308681672 0.08139534883720931 0.1832797427652733 0.13023255813953488
4 0.3070739549839228 0.08372093023255814 0.1639871382636656 0.13953488372093023
4 0.49356913183279744 0.08837209302325581 0.1607717041800643 0.11627906976744186