4 0.5426621160409556 0.38366336633663367 0.21160409556313994 0.23267326732673269
4 0.7994880546075085 0.40222772277227725 0.24744027303754265 0.2995049504950495
4 0.9692832764505119 0.41336633663366334 0.06143344709897611 0.26732673267326734
4 0.2883959044368601 0.42698019801980197 0.2627986348122867 0.19554455445544555
4 0.2022184300341297 0.7970297029702971 0.3839590443686007 0.40594059405940597
4 0.8609215017064846 0.7995049504950495 0.2781569965870307 0.400990099009901
4 0.5716723549488054 0.8193069306930693 0.32081911262798635 0.3613861386138614
4 0.9206484641638225 0.10272277227722772 0.15870307167235495 0.14603960396039603
4 0.7457337883959044 0.10643564356435643 0.1945392491467577 0.13861386138613863
4 0.34982935153583616 0.10891089108910891 0.17406143344709898 0.1485148514851485
4 0.5477815699658704 0.11386138613861387 0.17064846416382254 0.12376237623762376