4 0.8856164383561643 0.13205980066445183 0.09817351598173515 0.16777408637873753
4 0.07534246575342465 0.3330564784053156 0.1506849315068493 0.24086378737541528
4 0.25 0.3588039867109635 0.18493150684931506 0.2159468438538206
4 0.593607305936073 0.420265780730897 0.2374429223744292 0.18604651162790697
4 0.7730593607305937 0.4377076411960133 0.1141552511415525 0.1777408637873754
4 0.8878995433789953 0.4519933554817276 0.10730593607305935 0.1644518272425249
4 0.17465753424657535 0.5465116279069767 0.3264840182648402 0.22591362126245848
4 0.2636986301369863 0.03820598006644518 0.3219178082191781 0.07641196013289037
4 0.5981735159817352 0.5888704318936877 0.3378995433789954 0.1644518272425249
4 0.8573059360730594 0.6013289036544851 0.16666666666666666 0.15282392026578073
4 0.8984018264840182 0.7566445182724253 0.11187214611872145 0.15448504983388706
4 0.2237442922374429 0.7574750830564784 0.2191780821917808 0.21262458471760798
4 0.545662100456621 0.7616279069767442 0.3424657534246575 0.17109634551495018
4 0.7819634703196348 0.7616279069767442 0.12557077625570776 0.16777408637873753
4 0.0593607305936073 0.7641196013289037 0.1187214611872146 0.23588039867109634
4 0.5799086757990868 0.07641196013289037 0.2557077625570776 0.15282392026578073
4 0.773972602739726 0.09136212624584718 0.1187214611872146 0.18272425249169436