4 0.881505376344086 0.16796875 0.09247311827956989 0.1578125
4 0.0967741935483871 0.35703125 0.18494623655913978 0.2265625
4 0.28279569892473116 0.38125 0.17419354838709677 0.203125
4 0.6064516129032258 0.4390625 0.22365591397849463 0.175
4 0.775483870967742 0.45546875 0.10752688172043011 0.1671875
4 0.8836559139784945 0.46890625 0.1010752688172043 0.1546875
4 0.2118279569892473 0.5578125 0.30752688172043013 0.2125
4 0.2956989247311828 0.0578125 0.3032258064516129 0.115625
4 0.610752688172043 0.59765625 0.31827956989247314 0.1546875
4 0.8548387096774194 0.609375 0.15698924731182795 0.14375
4 0.8935483870967742 0.75546875 0.1053763440860215 0.1453125
4 0.25806451612903225 0.75625 0.2064516129032258 0.2
4 0.5612903225806452 0.76015625 0.3225806451612903 0.1609375
4 0.7838709677419354 0.76015625 0.11827956989247312 0.1578125
4 0.08172043010752689 0.7625 0.15483870967741936 0.221875
4 0.5935483870967742 0.09453125 0.24086021505376345 0.1859375
4 0.7763440860215054 0.1265625 0.11182795698924732 0.178125