0 0.8731182795698925 0.16328125 0.0967741935483871 0.159375
0 0.09462365591397849 0.3625 0.18924731182795698 0.228125
0 0.27956989247311825 0.384375 0.17849462365591398 0.2046875
0 0.6053763440860215 0.4375 0.22795698924731184 0.178125
0 0.7741935483870968 0.45234375 0.11182795698924732 0.16875
0 0.8827956989247312 0.4640625 0.1053763440860215 0.15625
0 0.2129032258064516 0.56171875 0.3118279569892473 0.215625
0 0.2849462365591398 0.06015625 0.3053763440860215 0.11875
0 0.6129032258064516 0.59609375 0.3225806451612903 0.159375
0 0.8569892473118279 0.6046875 0.16129032258064516 0.1453125
0 0.9 0.75078125 0.10967741935483871 0.146875
0 0.2645161290322581 0.759375 0.210752688172043 0.203125
0 0.567741935483871 0.759375 0.32688172043010755 0.165625
0 0.7903225806451613 0.75625 0.12258064516129032 0.159375
0 0.08817204301075268 0.76796875 0.15913978494623657 0.2234375
0 0.5827956989247312 0.09375 0.24516129032258063 0.1875
0 0.7677419354838709 0.1234375 0.11612903225806452 0.1796875