4 0.8787671232876711 0.1719269102990033 0.09817351598173515 0.16777408637873753
4 0.07191780821917808 0.3729235880398671 0.14383561643835616 0.24086378737541528
4 0.24315068493150685 0.39867109634551495 0.18493150684931506 0.2159468438538206
4 0.58675799086758 0.4601328903654485 0.2374429223744292 0.18604651162790697
4 0.7662100456621005 0.4775747508305648 0.1141552511415525 0.1777408637873754
4 0.8810502283105023 0.4918604651162791 0.10730593607305935 0.1644518272425249
4 0.1678082191780822 0.5863787375415282 0.3264840182648402 0.22591362126245848
4 0.2568493150684932 0.05813953488372093 0.3219178082191781 0.11627906976744186
4 0.591324200913242 0.6287375415282392 0.3378995433789954 0.1644518272425249
4 0.8504566210045662 0.6411960132890365 0.16666666666666666 0.15282392026578073
4 0.8915525114155252 0.7965116279069767 0.11187214611872145 0.15448504983388706
4 0.21689497716894976 0.7973421926910299 0.2191780821917808 0.21262458471760798
4 0.5388127853881278 0.8014950166112956 0.3424657534246575 0.17109634551495018
4 0.7751141552511416 0.8014950166112956 0.12557077625570776 0.16777408637873753
4 0.05593607305936073 0.8039867109634552 0.11187214611872145 0.23588039867109634
4 0.5730593607305936 0.09634551495016612 0.2557077625570776 0.19269102990033224
4 0.7671232876712328 0.12790697674418605 0.1187214611872146 0.1893687707641196