5 0.06740837696335078 0.424852652259332 0.0281413612565445 0.055992141453831044
5 0.09620418848167539 0.4287819253438114 0.020942408376963352 0.04960707269155206
5 0.12892670157068062 0.42779960707269155 0.03206806282722513 0.05206286836935167
5 0.16361256544502617 0.42779960707269155 0.03664921465968586 0.04764243614931238
5 0.19306282722513088 0.42829076620825146 0.030759162303664923 0.050589390962671905
5 0.2244764397905759 0.431237721021611 0.024869109947643978 0.05304518664047151
5 0.22643979057591623 0.49361493123772104 0.020942408376963352 0.05206286836935167
5 0.19829842931937172 0.49263261296660116 0.029450261780104712 0.04960707269155206
5 0.16164921465968587 0.49705304518664045 0.03468586387434555 0.04960707269155206
5 0.13089005235602094 0.5034381139489195 0.0281413612565445 0.06041257367387033
5 0.10667539267015706 0.5078585461689588 0.030759162303664923 0.059430255402750494
5 0.06806282722513089 0.5009823182711198 0.02617801047120419 0.06925343811394892
5 0.22643979057591623 0.5599214145383105 0.03795811518324607 0.05255402750491159
5 0.1950261780104712 0.5604125736738703 0.024869109947643978 0.06679764243614932
5 0.16099476439790575 0.5653241650294696 0.0281413612565445 0.061394891944990176
5 0.1354712041884817 0.5707269155206287 0.03599476439790576 0.0550098231827112
5 0.10274869109947644 0.5712180746561886 0.024869109947643978 0.05844793713163065
5 0.07133507853403141 0.5761296660117878 0.03206806282722513 0.05304518664047151
5 0.07133507853403141 0.6326129666011788 0.03337696335078534 0.04420432220039293
5 0.10274869109947644 0.6286836935166994 0.024869109947643978 0.03487229862475442
5 0.13743455497382198 0.6326129666011788 0.01832460732984293 0.043713163064833006
5 0.1662303664921466 0.6277013752455796 0.03337696335078534 0.04518664047151277
5 0.19764397905759162 0.6208251473477406 0.034031413612565446 0.04174852652259332
5 0.225130890052356 0.618860510805501 0.029450261780104712 0.04518664047151277
5 0.07133507853403141 0.6822200392927309 0.030759162303664923 0.04174852652259332
5 0.10471204188481675 0.6836935166994106 0.029450261780104712 0.043222003929273084
5 0.1407068062827225 0.6836935166994106 0.03206806282722513 0.043222003929273084
5 0.16819371727748691 0.6832023575638507 0.02225130890052356 0.04027504911591356
5 0.19960732984293195 0.6802554027504911 0.026832460732984294 0.057465618860510805
5 0.22971204188481675 0.681237721021611 0.020942408376963352 0.05697445972495088
18 0.4424083769633508 0.42534381139489197 0.03599476439790576 0.043222003929273084
18 0.4731675392670157 0.4317288801571709 0.02617801047120419 0.046660117878192534
18 0.5104712041884817 0.42976424361493126 0.02225130890052356 0.0412573673870334
18 0.5340314136125655 0.43713163064833005 0.01832460732984293 0.043222003929273084
18 0.44175392670157065 0.48919449901768175 0.029450261780104712 0.0412573673870334
18 0.4757853403141361 0.4916502946954813 0.02617801047120419 0.03880157170923379
18 0.5071989528795812 0.49361493123772104 0.03206806282722513 0.04960707269155206
18 0.5314136125654451 0.49214145383104124 0.03468586387434555 0.04420432220039293
18 0.44175392670157065 0.5515717092337917 0.024214659685863876 0.046660117878192534
18 0.4744764397905759 0.5496070726915521 0.020942408376963352 0.04616895874263261
18 0.5013089005235603 0.5550098231827112 0.02617801047120419 0.04420432220039293
18 0.5281413612565445 0.5579567779960707 0.02356020942408377 0.04862475442043222
18 0.44175392670157065 0.6100196463654224 0.02617801047120419 0.04862475442043222
18 0.4698952879581152 0.6095284872298625 0.03206806282722513 0.05206286836935167
18 0.5019633507853403 0.6139489194499018 0.02225130890052356 0.054027504911591355
18 0.5320680628272252 0.6139489194499018 0.024869109947643978 0.04960707269155206
18 0.443717277486911 0.6719056974459725 0.034031413612565446 0.04420432220039293
18 0.47513089005235604 0.675343811394892 0.030759162303664923 0.03929273084479371
18 0.5019633507853403 0.6699410609037328 0.02225130890052356 0.043713163064833006
18 0.5301047120418848 0.6719056974459725 0.024869109947643978 0.055992141453831044
7 0.6191099476439791 0.4336935166994106 0.02617801047120419 0.04420432220039293
7 0.650523560209424 0.43320235756385067 0.02225130890052356 0.043713163064833006
7 0.6191099476439791 0.48968565815324167 0.020942408376963352 0.04223968565815324
7 0.6459424083769634 0.4906679764243615 0.024214659685863876 0.03487229862475442
7 0.6164921465968587 0.550098231827112 0.025523560209424083 0.04764243614931238
7 0.643324607329843 0.5515717092337917 0.02617801047120419 0.04420432220039293
7 0.6132198952879581 0.6090373280943026 0.029450261780104712 0.050589390962671905
7 0.6472513089005235 0.611984282907662 0.02617801047120419 0.04420432220039293
7 0.6191099476439791 0.6674852652259332 0.024869109947643978 0.04027504911591356
7 0.6452879581151832 0.668467583497053 0.025523560209424083 0.04027504911591356