5 0.07096354166666667 0.427734375 0.027994791666666668 0.0556640625
5 0.099609375 0.431640625 0.020833333333333332 0.04931640625
5 0.13216145833333334 0.4306640625 0.031901041666666664 0.0517578125
5 0.16666666666666666 0.4306640625 0.036458333333333336 0.04736328125
5 0.19596354166666666 0.43115234375 0.030598958333333332 0.05029296875
5 0.22721354166666666 0.43408203125 0.024739583333333332 0.052734375
5 0.22916666666666666 0.49609375 0.020833333333333332 0.0517578125
5 0.201171875 0.4951171875 0.029296875 0.04931640625
5 0.16471354166666666 0.49951171875 0.034505208333333336 0.04931640625
5 0.13411458333333334 0.505859375 0.027994791666666668 0.06005859375
5 0.11002604166666667 0.51025390625 0.030598958333333332 0.05908203125
5 0.07161458333333333 0.50341796875 0.026041666666666668 0.06884765625
5 0.22916666666666666 0.56201171875 0.037760416666666664 0.05224609375
5 0.19791666666666666 0.5625 0.024739583333333332 0.06640625
5 0.1640625 0.5673828125 0.027994791666666668 0.06103515625
5 0.138671875 0.57275390625 0.035807291666666664 0.0546875
5 0.10611979166666667 0.5732421875 0.024739583333333332 0.05810546875
5 0.07486979166666667 0.578125 0.031901041666666664 0.052734375
5 0.07486979166666667 0.63427734375 0.033203125 0.0439453125
5 0.10611979166666667 0.63037109375 0.024739583333333332 0.03466796875
5 0.140625 0.63427734375 0.018229166666666668 0.04345703125
5 0.16927083333333334 0.62939453125 0.033203125 0.044921875
5 0.20052083333333334 0.62255859375 0.033854166666666664 0.04150390625
5 0.22786458333333334 0.62060546875 0.029296875 0.044921875
5 0.07486979166666667 0.68359375 0.030598958333333332 0.04150390625
5 0.10807291666666667 0.68505859375 0.029296875 0.04296875
5 0.14388020833333334 0.68505859375 0.031901041666666664 0.04296875
5 0.17122395833333334 0.6845703125 0.022135416666666668 0.0400390625
5 0.20247395833333334 0.681640625 0.026692708333333332 0.05712890625
5 0.232421875 0.6826171875 0.020833333333333332 0.056640625
18 0.4440104166666667 0.42822265625 0.035807291666666664 0.04296875
18 0.474609375 0.4345703125 0.026041666666666668 0.04638671875
18 0.51171875 0.4326171875 0.022135416666666668 0.041015625
18 0.53515625 0.43994140625 0.018229166666666668 0.04296875
18 0.443359375 0.49169921875 0.029296875 0.041015625
18 0.4772135416666667 0.494140625 0.026041666666666668 0.03857421875
18 0.5084635416666666 0.49609375 0.031901041666666664 0.04931640625
18 0.5325520833333334 0.49462890625 0.034505208333333336 0.0439453125
18 0.443359375 0.5537109375 0.024088541666666668 0.04638671875
18 0.4759114583333333 0.5517578125 0.020833333333333332 0.0458984375
18 0.5026041666666666 0.55712890625 0.026041666666666668 0.0439453125
18 0.529296875 0.56005859375 0.0234375 0.04833984375
18 0.443359375 0.61181640625 0.026041666666666668 0.04833984375
18 0.4713541666666667 0.611328125 0.031901041666666664 0.0517578125
18 0.5032552083333334 0.61572265625 0.022135416666666668 0.0537109375
18 0.533203125 0.61572265625 0.024739583333333332 0.04931640625
18 0.4453125 0.67333984375 0.033854166666666664 0.0439453125
18 0.4765625 0.6767578125 0.030598958333333332 0.0390625
18 0.5032552083333334 0.67138671875 0.022135416666666668 0.04345703125
18 0.53125 0.67333984375 0.024739583333333332 0.0556640625
7 0.6197916666666666 0.4365234375 0.026041666666666668 0.0439453125
7 0.6510416666666666 0.43603515625 0.022135416666666668 0.04345703125
7 0.6197916666666666 0.4921875 0.020833333333333332 0.0419921875
7 0.646484375 0.4931640625 0.024088541666666668 0.03466796875
7 0.6171875 0.55224609375 0.025390625 0.04736328125
7 0.6438802083333334 0.5537109375 0.026041666666666668 0.0439453125
7 0.6139322916666666 0.61083984375 0.029296875 0.05029296875
7 0.6477864583333334 0.61376953125 0.026041666666666668 0.0439453125
7 0.6197916666666666 0.6689453125 0.024739583333333332 0.0400390625
7 0.6458333333333334 0.669921875 0.025390625 0.0400390625