15 0.08072916666666667 0.12255859375 0.07552083333333333 0.1455078125
15 0.15755208333333334 0.13720703125 0.06315104166666667 0.15185546875
15 0.23893229166666666 0.14794921875 0.0546875 0.14794921875
15 0.3046875 0.1533203125 0.053385416666666664 0.12890625
15 0.375 0.17041015625 0.035807291666666664 0.1220703125
15 0.4309895833333333 0.17626953125 0.046223958333333336 0.13720703125
15 0.4850260416666667 0.18017578125 0.041666666666666664 0.1376953125
15 0.5397135416666666 0.1875 0.036458333333333336 0.12744140625
15 0.061848958333333336 0.32275390625 0.06315104166666667 0.12353515625
15 0.24153645833333334 0.33447265625 0.06770833333333333 0.12109375
15 0.3059895833333333 0.33740234375 0.047526041666666664 0.11474609375
15 0.3756510416666667 0.34033203125 0.0546875 0.11572265625
15 0.4368489583333333 0.34765625 0.050130208333333336 0.1162109375
15 0.4915364583333333 0.3466796875 0.046223958333333336 0.107421875