15 0.05446927374301676 0.07905759162303665 0.08100558659217877 0.15602094240837697
15 0.13687150837988826 0.09476439790575916 0.06773743016759777 0.16282722513089004
15 0.22416201117318435 0.10628272251308901 0.05865921787709497 0.1586387434554974
15 0.2946927374301676 0.11204188481675392 0.05726256983240224 0.1382198952879581
15 0.37011173184357543 0.13036649214659685 0.03840782122905028 0.13089005235602094
15 0.4301675977653631 0.13664921465968585 0.04958100558659218 0.14712041884816754
15 0.48812849162011174 0.14083769633507853 0.0446927374301676 0.14764397905759163
15 0.5467877094972067 0.1486910994764398 0.03910614525139665 0.13664921465968585
15 0.034217877094972066 0.293717277486911 0.06773743016759777 0.1324607329842932
15 0.22695530726256982 0.306282722513089 0.07262569832402235 0.12984293193717278
15 0.29608938547486036 0.3094240837696335 0.05097765363128492 0.12303664921465969
15 0.3708100558659218 0.312565445026178 0.05865921787709497 0.12408376963350785
15 0.43645251396648044 0.3204188481675393 0.05377094972067039 0.12460732984293194
15 0.49511173184357543 0.3193717277486911 0.04958100558659218 0.11518324607329843