15 0.07302631578947369 0.12240868706811452 0.07631578947368421 0.14708785784797632
15 0.1506578947368421 0.1372161895360316 0.06381578947368421 0.15350444225074036
15 0.23289473684210527 0.14807502467917077 0.05526315789473684 0.14955577492596248
15 0.2993421052631579 0.15350444225074036 0.05394736842105263 0.13030602171767028
15 0.3703947368421053 0.17077986179664364 0.03618421052631579 0.12339585389930899
15 0.42697368421052634 0.17670286278381048 0.04671052631578947 0.1386969397828233
15 0.48157894736842105 0.18065153010858837 0.042105263157894736 0.13919052319842054
15 0.5368421052631579 0.1880552813425469 0.03684210526315789 0.12882527147087858
15 0.05394736842105263 0.32477788746298125 0.06381578947368421 0.12487660414610069
15 0.2355263157894737 0.3366238894373149 0.06842105263157895 0.12240868706811452
15 0.3006578947368421 0.3395853899308983 0.04802631578947368 0.11599210266535044
15 0.37105263157894736 0.3425468904244817 0.05526315789473684 0.11697926949654491
15 0.4328947368421053 0.34995064165844025 0.0506578947368421 0.11747285291214216
15 0.4881578947368421 0.3489634748272458 0.04671052631578947 0.10858835143139191