4 0.16984126984126985 0.20106382978723406 0.12380952380952381 0.06595744680851064
4 0.44603174603174606 0.20106382978723406 0.12380952380952381 0.05319148936170213
4 0.29444444444444445 0.20638297872340425 0.12222222222222222 0.06382978723404255
4 0.5650793650793651 0.2074468085106383 0.1111111111111111 0.0574468085106383
4 0.6936507936507936 0.225531914893617 0.12380952380952381 0.05531914893617021
4 0.807936507936508 0.22872340425531915 0.10793650793650794 0.05319148936170213
4 0.16587301587301587 0.25 0.12222222222222222 0.05319148936170213
4 0.2904761904761905 0.25851063829787235 0.12063492063492064 0.0574468085106383
4 0.4507936507936508 0.26063829787234044 0.12063492063492064 0.0574468085106383
4 0.5722222222222222 0.26595744680851063 0.10952380952380952 0.05531914893617021
4 0.7 0.274468085106383 0.12698412698412698 0.05106382978723404
4 0.9523809523809523 0.2765957446808511 0.09523809523809523 0.1148936170212766
4 0.8182539682539682 0.2776595744680851 0.12222222222222222 0.04468085106382979
4 0.14047619047619048 0.5085106382978724 0.14444444444444443 0.09361702127659574
4 0.7119047619047619 0.5138297872340426 0.15714285714285714 0.09148936170212765
4 0.5468253968253968 0.5170212765957447 0.12857142857142856 0.08085106382978724
4 0.85 0.5191489361702127 0.1349206349206349 0.0851063829787234
4 0.276984126984127 0.5202127659574468 0.13174603174603175 0.09148936170212765
4 0.423015873015873 0.5202127659574468 0.1253968253968254 0.08297872340425531
4 0.12777777777777777 0.5957446808510638 0.14761904761904762 0.08936170212765958
4 0.5563492063492064 0.6 0.13174603174603175 0.08085106382978724
4 0.42142857142857143 0.601063829787234 0.13174603174603175 0.08297872340425531
4 0.7206349206349206 0.601063829787234 0.16507936507936508 0.08297872340425531
4 0.8603174603174604 0.601063829787234 0.13968253968253969 0.08723404255319149
4 0.2698412698412698 0.6042553191489362 0.13968253968253969 0.0851063829787234
4 0.5563492063492064 0.6851063829787234 0.1349206349206349 0.09361702127659574
4 0.11825396825396825 0.6861702127659575 0.15396825396825398 0.1
4 0.876984126984127 0.6872340425531915 0.14761904761904762 0.09787234042553192
4 0.7325396825396825 0.6893617021276596 0.15714285714285714 0.09361702127659574
4 0.4211587301587301 0.6897021276595745 0.1365079365079365 0.08723404255319149
4 0.2634920634920635 0.6904255319148936 0.14285714285714285 0.09148936170212765
4 0.10555555555555556 0.7670212765957447 0.15079365079365079 0.07872340425531915
4 0.5603174603174603 0.7680851063829788 0.13968253968253969 0.07659574468085106
4 0.41984126984126985 0.7691489361702127 0.14444444444444443 0.07872340425531915
4 0.25317460317460316 0.7734042553191489 0.14761904761904762 0.07446808510638298
4 0.8888888888888888 0.7734042553191489 0.15555555555555556 0.08723404255319149
4 0.7396825396825397 0.7787234042553192 0.16825396825396827 0.0851063829787234
4 0.18571428571428572 0.0797872340425532 0.11746031746031746 0.06595744680851064
4 0.44285714285714284 0.08085106382978724 0.11428571428571428 0.06382978723404255
4 0.553968253968254 0.08936170212765958 0.10158730158730159 0.05531914893617021
4 0.3007936507936508 0.09361702127659574 0.1126984126984127 0.059574468085106386
4 0.6833333333333333 0.1127659574468085 0.11904761904761904 0.06382978723404255
4 0.7928571428571428 0.1127659574468085 0.10952380952380952 0.059574468085106386
4 0.18015873015873016 0.14148936170212767 0.11904761904761904 0.06595744680851064
4 0.44365079365079363 0.14148936170212767 0.11587301587301588 0.06170212765957447
4 0.5595238095238095 0.14680851063829786 0.10952380952380952 0.06808510638297872
4 0.2984126984126984 0.15106382978723404 0.11428571428571428 0.059574468085106386
4 0.6888888888888889 0.16914893617021276 0.11746031746031746 0.04893617021276596
4 0.7984126984126985 0.17127659574468085 0.1111111111111111 0.05319148936170213
4 0.9468253968253968 0.18723404255319148 0.10634920634920635 0.08936170212765958