4 0.17694805194805194 0.2076086956521739 0.1266233766233766 0.06739130434782609
4 0.4594155844155844 0.2076086956521739 0.1266233766233766 0.05434782608695652
4 0.30438311688311687 0.21304347826086956 0.125 0.06521739130434782
4 0.5811688311688312 0.2141304347826087 0.11363636363636363 0.058695652173913045
4 0.7126623376623377 0.2326086956521739 0.1266233766233766 0.05652173913043478
4 0.8295454545454546 0.2358695652173913 0.11038961038961038 0.05434782608695652
4 0.1728896103896104 0.2576086956521739 0.125 0.05434782608695652
4 0.3003246753246753 0.266304347826087 0.12337662337662338 0.058695652173913045
4 0.4642857142857143 0.2684782608695652 0.12337662337662338 0.058695652173913045
4 0.588474025974026 0.27391304347826084 0.11201298701298701 0.05652173913043478
4 0.7191558441558441 0.2826086956521739 0.12987012987012986 0.05217391304347826
4 0.9642857142857143 0.2847826086956522 0.07142857142857142 0.11739130434782609
4 0.8400974025974026 0.2858695652173913 0.125 0.04565217391304348
4 0.14691558441558442 0.5217391304347826 0.14772727272727273 0.09565217391304348
4 0.7313311688311688 0.5271739130434783 0.16071428571428573 0.09347826086956522
4 0.5625 0.5304347826086957 0.1314935064935065 0.08260869565217391
4 0.872564935064935 0.532608695652174 0.137987012987013 0.08695652173913043
4 0.286525974025974 0.533695652173913 0.13474025974025974 0.09347826086956522
4 0.43587662337662336 0.533695652173913 0.12824675324675325 0.08478260869565217
4 0.13392857142857142 0.6108695652173913 0.15097402597402598 0.09130434782608696
4 0.5722402597402597 0.6152173913043478 0.13474025974025974 0.08260869565217391
4 0.4342532467532468 0.616304347826087 0.13474025974025974 0.08478260869565217
4 0.7402597402597403 0.616304347826087 0.16883116883116883 0.08478260869565217
4 0.8831168831168831 0.616304347826087 0.14285714285714285 0.0891304347826087
4 0.2792207792207792 0.6195652173913043 0.14285714285714285 0.08695652173913043
4 0.5722402597402597 0.7021739130434783 0.137987012987013 0.09565217391304348
4 0.1241883116883117 0.7032608695652174 0.15746753246753248 0.10217391304347827
4 0.9001623376623377 0.7043478260869566 0.15097402597402598 0.1
4 0.752435064935065 0.7065217391304348 0.16071428571428573 0.09565217391304348
4 0.4339772727272727 0.7068695652173913 0.1396103896103896 0.0891304347826087
4 0.2727272727272727 0.7076086956521739 0.1461038961038961 0.09347826086956522
4 0.1112012987012987 0.7858695652173913 0.15422077922077923 0.08043478260869565
4 0.5762987012987013 0.7869565217391304 0.14285714285714285 0.0782608695652174
4 0.43262987012987014 0.7880434782608695 0.14772727272727273 0.08043478260869565
4 0.2621753246753247 0.7923913043478261 0.15097402597402598 0.07608695652173914
4 0.9123376623376623 0.7923913043478261 0.1590909090909091 0.0891304347826087
4 0.7597402597402597 0.7978260869565217 0.17207792207792208 0.08695652173913043
4 0.19318181818181818 0.08369565217391305 0.12012987012987013 0.06739130434782609
4 0.45616883116883117 0.08478260869565217 0.11688311688311688 0.06521739130434782
4 0.5698051948051948 0.09347826086956522 0.1038961038961039 0.05652173913043478
4 0.31087662337662336 0.09782608695652174 0.11525974025974026 0.06086956521739131
4 0.7021103896103896 0.11739130434782609 0.12175324675324675 0.06521739130434782
4 0.8141233766233766 0.11739130434782609 0.11201298701298701 0.06086956521739131
4 0.1875 0.14673913043478262 0.12175324675324675 0.06739130434782609
4 0.4569805194805195 0.14673913043478262 0.1185064935064935 0.06304347826086956
4 0.575487012987013 0.15217391304347827 0.11201298701298701 0.06956521739130435
4 0.30844155844155846 0.1565217391304348 0.11688311688311688 0.06086956521739131
4 0.7077922077922078 0.175 0.12012987012987013 0.05
4 0.8198051948051948 0.17717391304347826 0.11363636363636363 0.05434782608695652
4 0.9586038961038961 0.1934782608695652 0.08279220779220779 0.09130434782608696