0 0.24375 0.10960334029227557 0.1296875 0.10438413361169102
0 0.50625 0.2035490605427975 0.128125 0.0918580375782881
0 0.3609375 0.15762004175365343 0.128125 0.1022964509394572
0 0.61796875 0.25052192066805845 0.1171875 0.0918580375782881
0 0.73671875 0.31106471816283926 0.128125 0.09394572025052192
0 0.84453125 0.35281837160751567 0.1125 0.08768267223382047
0 0.23046875 0.1544885177453027 0.1265625 0.0918580375782881
0 0.346875 0.2056367432150313 0.125 0.09603340292275574
0 0.49921875 0.2620041753653445 0.125 0.09603340292275574
0 0.61328125 0.3079331941544885 0.1140625 0.08977035490605428
0 0.73359375 0.36012526096033404 0.1296875 0.0918580375782881
0 0.9578125 0.44780793319415446 0.084375 0.1440501043841336
0 0.8453125 0.40292275574112735 0.125 0.08350730688935282
0 0.15703125 0.3914405010438413 0.1546875 0.13778705636743216
0 0.69921875 0.5908141962421712 0.1671875 0.13987473903966596
0 0.54140625 0.5375782881002088 0.1375 0.12108559498956159
0 0.8296875 0.6430062630480167 0.14375 0.12734864300626306
0 0.284375 0.4488517745302714 0.1421875 0.1315240083507307
0 0.4234375 0.4989561586638831 0.134375 0.12108559498956159
0 0.128125 0.4697286012526096 0.1578125 0.13569937369519833
0 0.53515625 0.6200417536534447 0.140625 0.12108559498956159
0 0.40625 0.5741127348643006 0.140625 0.12317327766179541
0 0.69140625 0.6764091858037579 0.1734375 0.13569937369519833
0 0.82421875 0.7244258872651357 0.15 0.12943632567849686
0 0.26171875 0.5260960334029228 0.1484375 0.12734864300626306
0 0.51875 0.7004175365344467 0.1453125 0.13569937369519833
0 0.10234375 0.5521920668058455 0.165625 0.14822546972860126
0 0.8234375 0.8110647181628392 0.159375 0.1440501043841336
0 0.6859375 0.7640918580375783 0.1671875 0.1419624217118998
0 0.38984375 0.6586638830897703 0.146875 0.12943632567849686
0 0.2390625 0.605427974947808 0.153125 0.13569937369519833
0 0.0765625 0.6242171189979123 0.153125 0.12526096033402923
0 0.50703125 0.7797494780793319 0.146875 0.12108559498956159
0 0.3734375 0.7338204592901879 0.1515625 0.12317327766179541
0 0.2140625 0.6805845511482255 0.1546875 0.12108559498956159
0 0.81796875 0.8966597077244259 0.1640625 0.13569937369519833
0 0.67578125 0.8517745302713987 0.1765625 0.13778705636743216
0 0.28125 0.025052192066805846 0.125 0.05010438413361169
0 0.52578125 0.08872651356993737 0.1203125 0.10020876826722339
0 0.6296875 0.13465553235908143 0.1078125 0.08768267223382047
0 0.38828125 0.05219206680584551 0.11875 0.09394572025052192
0 0.7484375 0.20146137787056367 0.125 0.10020876826722339
0 0.85234375 0.23799582463465555 0.115625 0.09394572025052192
0 0.26484375 0.05741127348643006 0.125 0.1022964509394572
0 0.51484375 0.14613778705636743 0.121875 0.09812108559498957
0 0.62421875 0.19102296450939457 0.1171875 0.1022964509394572
0 0.375 0.10647181628392484 0.1203125 0.09603340292275574
0 0.74296875 0.2567849686847599 0.1203125 0.08559498956158663
0 0.846875 0.2954070981210856 0.115625 0.08768267223382047
0 0.9625 0.36221294363256784 0.075 0.12317327766179541