4 0.3888888888888889 0.286697247706422 0.17142857142857143 0.16972477064220184
4 0.1111111111111111 0.2947247706422018 0.1365079365079365 0.13073394495412843
4 0.7341269841269841 0.2981651376146789 0.14761904761904762 0.12844036697247707
4 0.8746031746031746 0.2993119266055046 0.13968253968253969 0.12614678899082568
4 0.580952380952381 0.30275229357798167 0.15555555555555556 0.12844036697247707
4 0.11507936507936507 0.02981651376146789 0.14126984126984127 0.05963302752293578
4 0.7214285714285714 0.03555045871559633 0.14761904761904762 0.07110091743119266
4 0.25396825396825395 0.040137614678899085 0.13333333333333333 0.08027522935779817
4 0.396031746031746 0.045871559633027525 0.1380952380952381 0.09174311926605505
4 0.5714285714285714 0.04931192660550459 0.1523809523809524 0.09862385321100918
4 0.25476190476190474 0.5573394495412844 0.16031746031746033 0.14678899082568808
4 0.8682539682539683 0.05045871559633028 0.14603174603174604 0.10091743119266056
4 0.10873015873015873 0.5619266055045872 0.14444444444444443 0.12844036697247707
4 0.4111111111111111 0.5642201834862385 0.13968253968253969 0.12844036697247707
4 0.5904761904761905 0.5688073394495413 0.1619047619047619 0.12844036697247707
4 0.8968253968253969 0.5722477064220184 0.1492063492063492 0.13073394495412843
4 0.7507936507936508 0.573394495412844 0.1492063492063492 0.12844036697247707
4 0.25793650793650796 0.8440366972477065 0.14761904761904762 0.13302752293577982
4 0.10873015873015873 0.8440366972477065 0.14126984126984127 0.13302752293577982
4 0.6015873015873016 0.8463302752293578 0.16507936507936508 0.13302752293577982
4 0.7555555555555555 0.8463302752293578 0.1523809523809524 0.12385321100917432
4 0.9095238095238095 0.8497706422018348 0.15555555555555556 0.13073394495412843