0 0.37734375 0.30180180180180183 0.175 0.18018018018018017
0 0.10390625 0.32995495495495497 0.1390625 0.1373873873873874
0 0.7171875 0.28716216216216217 0.15 0.1373873873873874
0 0.8546875 0.27815315315315314 0.1421875 0.13513513513513514
0 0.56640625 0.30292792792792794 0.1578125 0.1373873873873874
0 0.0984375 0.06418918918918919 0.1421875 0.08108108108108109
0 0.69453125 0.03490990990990991 0.1484375 0.06981981981981981
0 0.23515625 0.06531531531531531 0.134375 0.09684684684684684
0 0.375 0.060810810810810814 0.1390625 0.10810810810810811
0 0.546875 0.05405405405405406 0.153125 0.10810810810810811
0 0.2546875 0.5777027027027027 0.1625 0.1554054054054054
0 0.8390625 0.04504504504504504 0.146875 0.09009009009009009
0 0.11171875 0.5923423423423423 0.146875 0.1373873873873874
0 0.40859375 0.5720720720720721 0.1421875 0.1373873873873874
0 0.58515625 0.5630630630630631 0.1640625 0.1373873873873874
0 0.88671875 0.543918918918919 0.1515625 0.13963963963963963
0 0.74296875 0.5563063063063063 0.1515625 0.1373873873873874
0 0.26796875 0.8581081081081081 0.15 0.14189189189189189
0 0.12109375 0.8693693693693694 0.14375 0.14189189189189189
0 0.60625 0.8344594594594594 0.1671875 0.14189189189189189
0 0.75703125 0.8231981981981982 0.1546875 0.13288288288288289
0 0.90859375 0.8153153153153153 0.1578125 0.13963963963963963