0 0.384375 0.2927927927927928 0.16875 0.16666666666666666
0 0.1109375 0.30067567567567566 0.134375 0.12837837837837837
0 0.72421875 0.30405405405405406 0.1453125 0.12612612612612611
0 0.8625 0.30518018018018017 0.1375 0.12387387387387387
0 0.5734375 0.30855855855855857 0.153125 0.12612612612612611
0 0.11484375 0.03490990990990991 0.1390625 0.06981981981981981
0 0.71171875 0.04054054054054054 0.1453125 0.08108108108108109
0 0.2515625 0.04617117117117117 0.13125 0.08783783783783784
0 0.39140625 0.0518018018018018 0.1359375 0.0990990990990991
0 0.5640625 0.05405405405405406 0.15 0.10810810810810811
0 0.25234375 0.5585585585585585 0.1578125 0.14414414414414414
0 0.85625 0.05630630630630631 0.14375 0.10810810810810811
0 0.10859375 0.5630630630630631 0.1421875 0.12612612612612611
0 0.40625 0.5653153153153153 0.1375 0.12612612612612611
0 0.5828125 0.5698198198198198 0.159375 0.12612612612612611
0 0.884375 0.5731981981981982 0.146875 0.12837837837837837
0 0.740625 0.5743243243243243 0.146875 0.12612612612612611
0 0.25546875 0.8400900900900901 0.1453125 0.13063063063063063
0 0.10859375 0.8400900900900901 0.1390625 0.13063063063063063
0 0.59375 0.8423423423423423 0.1625 0.13063063063063063
0 0.7453125 0.8423423423423423 0.15 0.12162162162162163
0 0.896875 0.8457207207207207 0.153125 0.12837837837837837