0 0.38984375 0.28716216216216217 0.1734375 0.17567567567567569
0 0.115625 0.28153153153153154 0.1375 0.13513513513513514
0 0.72890625 0.3153153153153153 0.1484375 0.13288288288288289
0 0.8671875 0.32319819819819817 0.140625 0.13063063063063063
0 0.578125 0.3119369369369369 0.15625 0.13288288288288289
0 0.1265625 0.02702702702702703 0.140625 0.05405405405405406
0 0.72265625 0.0518018018018018 0.146875 0.08783783783783784
0 0.26171875 0.04054054054054054 0.1328125 0.08108108108108109
0 0.4015625 0.04954954954954955 0.1375 0.0990990990990991
0 0.575 0.057432432432432436 0.153125 0.11486486486486487
0 0.25078125 0.5461711711711712 0.1609375 0.15090090090090091
0 0.86640625 0.07432432432432433 0.146875 0.11486486486486487
0 0.10703125 0.5427927927927928 0.1453125 0.13288288288288289
0 0.4046875 0.5608108108108109 0.140625 0.13288288288288289
0 0.58125 0.5743243243243243 0.1625 0.13513513513513514
0 0.88203125 0.5923423423423423 0.15 0.13513513513513514
0 0.7390625 0.5867117117117117 0.15 0.13288288288288289
0 0.24765625 0.8277027027027027 0.1484375 0.1373873873873874
0 0.10078125 0.8198198198198198 0.1421875 0.1373873873873874
0 0.58515625 0.8468468468468469 0.165625 0.13963963963963963
0 0.73671875 0.8547297297297297 0.153125 0.12837837837837837
0 0.88828125 0.865990990990991 0.15625 0.13513513513513514