4 0.6009036144578314 0.1764240506329114 0.22590361445783133 0.1629746835443038
4 0.34186746987951805 0.21281645569620253 0.29819277108433734 0.19462025316455697
4 0.588855421686747 0.27689873417721517 0.25 0.18037974683544303
4 0.8177710843373494 0.34177215189873417 0.21987951807228914 0.16139240506329114
4 0.26506024096385544 0.43908227848101267 0.3192771084337349 0.19145569620253164
4 0.5421686746987951 0.48180379746835444 0.21686746987951808 0.07753164556962025
4 0.7379518072289156 0.5102848101265823 0.18072289156626506 0.0680379746835443
4 0.5481927710843374 0.5427215189873418 0.22289156626506024 0.07278481012658228
4 0.7409638554216867 0.567246835443038 0.18072289156626506 0.08069620253164557
4 0.8644578313253012 0.5799050632911392 0.06626506024096386 0.08069620253164557
4 0.2786144578313253 0.5996835443037974 0.2560240963855422 0.1962025316455696
4 0.5301204819277109 0.6431962025316456 0.26506024096385544 0.19145569620253164
4 0.7831325301204819 0.6811708860759493 0.23493975903614459 0.1661392405063291
4 0.1746987951807229 0.8931962025316456 0.3493975903614458 0.21360759493670886
4 0.49849397590361444 0.9098101265822784 0.3042168674698795 0.18037974683544303
4 0.7680722891566265 0.9208860759493671 0.2469879518072289 0.15822784810126583
4 0.3539156626506024 0.09177215189873418 0.2740963855421687 0.17405063291139242