4 0.6347402597402597 0.14249146757679182 0.2435064935064935 0.1757679180887372
4 0.3555194805194805 0.181740614334471 0.32142857142857145 0.2098976109215017
4 0.6217532467532467 0.2508532423208191 0.2694805194805195 0.1945392491467577
4 0.8685064935064936 0.32081911262798635 0.237012987012987 0.17406143344709898
4 0.2727272727272727 0.4257679180887372 0.34415584415584416 0.20648464163822525
4 0.5714285714285714 0.4718430034129693 0.23376623376623376 0.08361774744027303
4 0.7824675324675324 0.5025597269624573 0.19480519480519481 0.07337883959044368
4 0.577922077922078 0.537542662116041 0.24025974025974026 0.07849829351535836
4 0.7857142857142857 0.5639931740614335 0.19480519480519481 0.08703071672354949
4 0.9188311688311688 0.5776450511945392 0.07142857142857142 0.08703071672354949
4 0.28733766233766234 0.5989761092150171 0.275974025974026 0.21160409556313994
4 0.5584415584415584 0.6459044368600683 0.2857142857142857 0.20648464163822525
4 0.8311688311688312 0.6868600682593856 0.2532467532467532 0.17918088737201365
4 0.18181818181818182 0.9001706484641638 0.36363636363636365 0.19965870307167236
4 0.5243506493506493 0.9180887372013652 0.32792207792207795 0.16382252559726962
4 0.814935064935065 0.9300341296928327 0.2662337662337662 0.13993174061433447
4 0.3685064935064935 0.07252559726962457 0.29545454545454547 0.14505119453924914