0 0.6543026706231454 0.1828125 0.24925816023738873 0.1703125
0 0.39317507418397624 0.20703125 0.32344213649851633 0.2046875
0 0.6261127596439169 0.28125 0.27596439169139464 0.1890625
0 0.8397626112759644 0.35546875 0.2433234421364985 0.16875
0 0.2818991097922849 0.4265625 0.34421364985163205 0.203125
0 0.5459940652818991 0.48125 0.22551928783382788 0.0859375
0 0.7344213649851632 0.51796875 0.18991097922848665 0.075
0 0.543026706231454 0.54140625 0.2314540059347181 0.08125
0 0.7270029673590505 0.57421875 0.18991097922848665 0.0875
0 0.8471810089020771 0.5921875 0.0771513353115727 0.0828125
0 0.2685459940652819 0.58515625 0.2818991097922849 0.2046875
0 0.5074183976261127 0.6390625 0.29080118694362017 0.2
0 0.7507418397626113 0.68828125 0.258160237388724 0.1734375
0 0.15281899109792285 0.87265625 0.3056379821958457 0.2359375
0 0.4317507418397626 0.90234375 0.3293768545994065 0.1953125
0 0.6958456973293768 0.91953125 0.27002967359050445 0.1609375
0 0.42433234421364985 0.090625 0.29673590504451036 0.18125