0 0.7264957264957265 0.25625 0.23504273504273504 0.1203125
0 0.9102564102564102 0.28984375 0.1794871794871795 0.1203125
0 0.7008547008547008 0.3390625 0.2222222222222222 0.1171875
0 0.8920940170940171 0.36953125 0.21581196581196582 0.1171875
0 0.16880341880341881 0.52265625 0.2329059829059829 0.1546875
0 0.375 0.5546875 0.24572649572649571 0.1453125
0 0.7222222222222222 0.6375 0.4444444444444444 0.2328125
0 0.1388888888888889 0.63515625 0.22863247863247863 0.1359375
0 0.3386752136752137 0.66796875 0.23504273504273504 0.1453125
0 0.6837606837606838 0.81015625 0.4423076923076923 0.2296875
0 0.11431623931623931 0.75 0.22863247863247863 0.153125
0 0.3076923076923077 0.78359375 0.23504273504273504 0.146875
0 0.7692307692307693 0.175 0.22863247863247863 0.11875
0 0.9262820512820513 0.21015625 0.14743589743589744 0.1234375