0 0.6132478632478633 0.21640625 0.22863247863247863 0.1109375
0 0.8279914529914529 0.20234375 0.22863247863247863 0.1109375
0 0.6228632478632479 0.3015625 0.21581196581196582 0.1078125
0 0.8301282051282052 0.284375 0.23504273504273504 0.10625
0 0.19444444444444445 0.596875 0.2222222222222222 0.1453125
0 0.4049145299145299 0.58046875 0.23717948717948717 0.1359375
0 0.7692307692307693 0.58046875 0.4337606837606838 0.2140625
0 0.21367521367521367 0.71015625 0.22008547008547008 0.1265625
0 0.41773504273504275 0.69609375 0.2264957264957265 0.1359375
0 0.7959401709401709 0.75234375 0.4081196581196581 0.2109375
0 0.2361111111111111 0.8265625 0.22435897435897437 0.14375
0 0.43696581196581197 0.81328125 0.2264957264957265 0.1375
0 0.6185897435897436 0.13046875 0.2222222222222222 0.109375
0 0.8215811965811965 0.11875 0.22008547008547008 0.1140625