5 0.12988826815642457 0.33507853403141363 0.052374301675977654 0.15392670157068064
5 0.20460893854748605 0.33298429319371725 0.06005586592178771 0.14136125654450263
5 0.2814245810055866 0.33979057591623035 0.04958100558659218 0.15078534031413612
5 0.32751396648044695 0.3403141361256545 0.07402234636871509 0.15130890052356022
5 0.39175977653631283 0.3387434554973822 0.07053072625698324 0.13455497382198953
5 0.45670391061452514 0.3345549738219895 0.05726256983240224 0.13664921465968585
5 0.5146648044692738 0.3345549738219895 0.05726256983240224 0.13664921465968585
5 0.553072625698324 0.3403141361256545 0.055167597765363126 0.1356020942408377
5 0.6089385474860335 0.34450261780104713 0.04958100558659218 0.12303664921465969
5 0.5998603351955307 0.17539267015706805 0.040502793296089384 0.13769633507853404
5 0.5621508379888268 0.17539267015706805 0.04329608938547486 0.12303664921465969
5 0.50768156424581 0.17382198952879582 0.0467877094972067 0.13979057591623037
5 0.45321229050279327 0.17277486910994763 0.06215083798882681 0.13298429319371727
5 0.38966480446927376 0.16858638743455498 0.04958100558659218 0.12879581151832462
5 0.3233240223463687 0.15549738219895287 0.04329608938547486 0.14345549738219895
5 0.263268156424581 0.15392670157068064 0.040502793296089384 0.1382198952879581
5 0.1941340782122905 0.14973821989528796 0.06005586592178771 0.14136125654450263
5 0.125 0.14031413612565444 0.06005586592178771 0.15392670157068064
5 0.037360335195530725 0.13167539267015707 0.07472067039106145 0.15130890052356022
18 0.45879888268156427 0.49214659685863876 0.04539106145251397 0.11518324607329843
18 0.4993016759776536 0.493717277486911 0.05097765363128492 0.11989528795811519