5 0.15885416666666666 0.31298828125 0.048828125 0.1435546875
5 0.228515625 0.31103515625 0.055989583333333336 0.1318359375
5 0.3001302083333333 0.3173828125 0.046223958333333336 0.140625
5 0.3430989583333333 0.31787109375 0.06901041666666667 0.14111328125
5 0.4029947916666667 0.31640625 0.06575520833333333 0.12548828125
5 0.4635416666666667 0.3125 0.053385416666666664 0.12744140625
5 0.517578125 0.3125 0.053385416666666664 0.12744140625
5 0.5533854166666666 0.31787109375 0.051432291666666664 0.12646484375
5 0.60546875 0.32177734375 0.046223958333333336 0.11474609375
5 0.5970052083333334 0.1640625 0.037760416666666664 0.12841796875
5 0.5618489583333334 0.1640625 0.040364583333333336 0.11474609375
5 0.5110677083333334 0.16259765625 0.043619791666666664 0.13037109375
5 0.4602864583333333 0.16162109375 0.057942708333333336 0.1240234375
5 0.4010416666666667 0.15771484375 0.046223958333333336 0.1201171875
5 0.3391927083333333 0.1455078125 0.040364583333333336 0.1337890625
5 0.283203125 0.14404296875 0.037760416666666664 0.12890625
5 0.21875 0.14013671875 0.055989583333333336 0.1318359375
5 0.154296875 0.13134765625 0.055989583333333336 0.1435546875
5 0.06966145833333333 0.12353515625 0.07552083333333333 0.14111328125
18 0.4654947916666667 0.45947265625 0.042317708333333336 0.107421875
18 0.5032552083333334 0.4609375 0.047526041666666664 0.11181640625