15 0.7482724580454096 0.44802631578947366 0.02912142152023692 0.10986842105263157
15 0.7778874629812438 0.4473684210526316 0.02912142152023692 0.10986842105263157
15 0.8104639684106614 0.44605263157894737 0.02912142152023692 0.10986842105263157
15 0.8371174728529122 0.44473684210526315 0.02912142152023692 0.10986842105263157
15 0.8726554787759131 0.44473684210526315 0.02912142152023692 0.10986842105263157
15 0.9032576505429417 0.44671052631578945 0.02912142152023692 0.10986842105263157
15 0.9333662388943732 0.43355263157894736 0.02912142152023692 0.10986842105263157
15 0.9619940769990128 0.43355263157894736 0.02912142152023692 0.10986842105263157
15 0.986426456071076 0.4332236842105263 0.027147087857847977 0.10986842105263157
15 0.7142152023692004 0.44671052631578945 0.02912142152023692 0.10986842105263157
15 0.6831194471865746 0.44802631578947366 0.02912142152023692 0.10986842105263157
5 0.8272458045409674 0.5684210526315789 0.027640671273445213 0.10394736842105264
5 0.8830207305034551 0.5664473684210526 0.027640671273445213 0.10394736842105264
5 0.8568608094768015 0.5657894736842105 0.027640671273445213 0.10394736842105264
5 0.9195459032576505 0.5703947368421053 0.027640671273445213 0.10394736842105264
5 0.9536031589338598 0.5605263157894737 0.027640671273445213 0.10394736842105264
5 0.9822309970384995 0.5611842105263158 0.027640671273445213 0.10394736842105264
5 0.7956564659427443 0.5723684210526315 0.027640671273445213 0.10394736842105264
5 0.7655478775913129 0.5671052631578948 0.027640671273445213 0.10394736842105264
5 0.7374136229022705 0.5769736842105263 0.027640671273445213 0.10394736842105264
18 0.472852912142152 0.5802631578947368 0.032082922013820334 0.1006578947368421
18 0.501974333662389 0.5809210526315789 0.032082922013820334 0.1006578947368421
18 0.5276406712734452 0.5802631578947368 0.032082922013820334 0.1006578947368421
18 0.5572556762092794 0.5815789473684211 0.032082922013820334 0.1006578947368421
18 0.5844027640671273 0.5822368421052632 0.032082922013820334 0.1006578947368421
18 0.6164856860809477 0.5756578947368421 0.032082922013820334 0.1006578947368421
18 0.648568608094768 0.5789473684210527 0.032082922013820334 0.1006578947368421
18 0.4461994076999013 0.5809210526315789 0.032082922013820334 0.1006578947368421
18 0.41954590325765057 0.5894736842105263 0.032082922013820334 0.1006578947368421
18 0.386969397828233 0.5861842105263158 0.032082922013820334 0.1006578947368421