15 0.74853515625 0.4505208333333333 0.02880859375 0.10872395833333333
15 0.77783203125 0.4498697916666667 0.02880859375 0.10872395833333333
15 0.81005859375 0.4485677083333333 0.02880859375 0.10872395833333333
15 0.83642578125 0.447265625 0.02880859375 0.10872395833333333
15 0.87158203125 0.447265625 0.02880859375 0.10872395833333333
15 0.90185546875 0.44921875 0.02880859375 0.10872395833333333
15 0.931640625 0.4361979166666667 0.02880859375 0.10872395833333333
15 0.9599609375 0.4361979166666667 0.02880859375 0.10872395833333333
15 0.9853515625 0.4361979166666667 0.02880859375 0.10872395833333333
15 0.71484375 0.44921875 0.02880859375 0.10872395833333333
15 0.68408203125 0.4505208333333333 0.02880859375 0.10872395833333333
5 0.82666015625 0.5696614583333334 0.02734375 0.10286458333333333
5 0.8818359375 0.5677083333333334 0.02734375 0.10286458333333333
5 0.85595703125 0.5670572916666666 0.02734375 0.10286458333333333
5 0.91796875 0.5716145833333334 0.02734375 0.10286458333333333
5 0.95166015625 0.5618489583333334 0.02734375 0.10286458333333333
5 0.97998046875 0.5625 0.02734375 0.10286458333333333
5 0.79541015625 0.5735677083333334 0.02734375 0.10286458333333333
5 0.765625 0.568359375 0.02734375 0.10286458333333333
5 0.73779296875 0.578125 0.02734375 0.10286458333333333
18 0.47607421875 0.5813802083333334 0.03173828125 0.099609375
18 0.5048828125 0.58203125 0.03173828125 0.099609375
18 0.5302734375 0.5813802083333334 0.03173828125 0.099609375
18 0.5595703125 0.5826822916666666 0.03173828125 0.099609375
18 0.58642578125 0.5833333333333334 0.03173828125 0.099609375
18 0.6181640625 0.5768229166666666 0.03173828125 0.099609375
18 0.64990234375 0.580078125 0.03173828125 0.099609375
18 0.44970703125 0.58203125 0.03173828125 0.099609375
18 0.42333984375 0.5904947916666666 0.03173828125 0.099609375
18 0.39111328125 0.5872395833333334 0.03173828125 0.099609375