4 0.33035714285714285 0.21367521367521367 0.07954545454545454 0.05128205128205128
4 0.8482142857142857 0.21367521367521367 0.08279220779220779 0.05555555555555555
4 0.3125 0.28952991452991456 0.12824675324675325 0.1047008547008547
4 0.18019480519480519 0.29273504273504275 0.12987012987012986 0.10256410256410256
4 0.7467532467532467 0.29273504273504275 0.12337662337662338 0.1111111111111111
4 0.44155844155844154 0.2938034188034188 0.12337662337662338 0.10897435897435898
4 0.5714285714285714 0.2938034188034188 0.03896103896103896 0.11324786324786325
4 0.6339285714285714 0.2938034188034188 0.08603896103896104 0.11324786324786325
4 0.8758116883116883 0.29771367521367526 0.125 0.1111111111111111
4 0.29383116883116883 0.4358974358974359 0.08116883116883117 0.05555555555555555
4 0.7288961038961039 0.4358974358974359 0.08441558441558442 0.05555555555555555
4 0.4383116883116883 0.47649572649572647 0.12337662337662338 0.1111111111111111
4 0.8733766233766234 0.47649572649572647 0.12987012987012986 0.11538461538461539
4 0.5900974025974026 0.48183760683760685 0.0762987012987013 0.1047008547008547
4 0.15584415584415584 0.483974358974359 0.08116883116883117 0.10042735042735043
4 0.7175324675324676 0.49572649572649574 0.05519480519480519 0.07264957264957266
4 0.7727272727272727 0.49572649572649574 0.05844155844155844 0.06837606837606838
4 0.28084415584415584 0.4967948717948718 0.05844155844155844 0.07051282051282051
4 0.22402597402597402 0.49786324786324787 0.05519480519480519 0.07264957264957266
4 0.6574675324675324 0.49786324786324787 0.05519480519480519 0.07692307692307693
4 0.33819805194805197 0.49893162393162394 0.05844155844155844 0.07478632478632478
4 0.3116883116883117 0.5844017094017094 0.1266233766233766 0.11324786324786325
4 0.6176948051948052 0.5854700854700855 0.12175324675324675 0.1111111111111111
4 0.7467532467532467 0.5854700854700855 0.12337662337662338 0.1111111111111111
4 0.8319805194805194 0.5854700854700855 0.037337662337662336 0.1111111111111111
4 0.3977272727272727 0.5865384615384616 0.03896103896103896 0.12179487179487179
4 0.18262987012987014 0.5876068376068376 0.12824675324675325 0.11538461538461539
4 0.4594155844155844 0.5876068376068376 0.08441558441558442 0.11538461538461539
4 0.8936688311688312 0.5886752136752137 0.08928571428571429 0.10897435897435898
4 0.42938311688311687 0.7318376068376068 0.0762987012987013 0.049145299145299144
4 0.18262987012987014 0.7713675213675214 0.1314935064935065 0.11538461538461539
4 0.31412337662337664 0.7713675213675214 0.125 0.1111111111111111
4 0.601461038961039 0.7724358974358975 0.08603896103896104 0.11752136752136752
4 0.6647727272727273 0.7735042735042735 0.040584415584415584 0.11538461538461539
4 0.747564935064935 0.7735042735042735 0.12175324675324675 0.1111111111111111
4 0.8538961038961039 0.7777777777777778 0.07792207792207792 0.09829059829059829
4 0.913961038961039 0.7788461538461539 0.03896103896103896 0.10042735042735043
4 0.4099025974025974 0.7905982905982906 0.056818181818181816 0.07692307692307693
4 0.4675324675324675 0.7927350427350427 0.05519480519480519 0.07264957264957266
4 0.6176948051948052 0.8803418803418803 0.12175324675324675 0.10683760683760683
4 0.3133116883116883 0.8814102564102564 0.12337662337662338 0.11324786324786325
4 0.8758116883116883 0.8824786324786325 0.125 0.1111111111111111
4 0.43993506493506496 0.8828418803418804 0.12337662337662338 0.1047008547008547
4 0.19886363636363635 0.8835470085470085 0.09253246753246754 0.10897435897435898
4 0.7491883116883117 0.8846153846153846 0.125 0.1111111111111111
4 0.13555194805194806 0.8846153846153846 0.037337662337662336 0.11538461538461539
4 0.6176948051948052 0.18269230769230768 0.12824675324675325 0.11324786324786325
4 0.1858766233766234 0.18482905982905984 0.1314935064935065 0.12606837606837606
4 0.41233766233766234 0.18803418803418803 0.08116883116883117 0.09829059829059829
4 0.7451298701298701 0.18803418803418803 0.11688311688311688 0.10256410256410256
4 0.4780844155844156 0.20512820512820512 0.05357142857142857 0.06837606837606838
4 0.9123376623376623 0.20512820512820512 0.05519480519480519 0.06837606837606838