0 0.31953125 0.21193415637860083 0.0765625 0.04938271604938271
0 0.81796875 0.21193415637860083 0.0796875 0.053497942386831275
0 0.30234375 0.28497942386831276 0.1234375 0.10082304526748971
0 0.175 0.2880658436213992 0.125 0.09876543209876543
0 0.7203125 0.2880658436213992 0.11875 0.10699588477366255
0 0.4265625 0.2890946502057613 0.11875 0.10493827160493827
0 0.5515625 0.2890946502057613 0.0375 0.10905349794238683
0 0.61171875 0.2890946502057613 0.0828125 0.10905349794238683
0 0.84453125 0.29286008230452676 0.1203125 0.10699588477366255
0 0.284375 0.42592592592592593 0.078125 0.053497942386831275
0 0.703125 0.42592592592592593 0.08125 0.053497942386831275
0 0.4234375 0.46502057613168724 0.11875 0.10699588477366255
0 0.8421875 0.46502057613168724 0.125 0.1111111111111111
0 0.56953125 0.47016460905349794 0.0734375 0.10082304526748971
0 0.1515625 0.4722222222222222 0.078125 0.09670781893004116
0 0.6921875 0.4835390946502058 0.053125 0.06995884773662552
0 0.7453125 0.4835390946502058 0.05625 0.06584362139917696
0 0.271875 0.4845679012345679 0.05625 0.06790123456790123
0 0.2171875 0.48559670781893005 0.053125 0.06995884773662552
0 0.634375 0.48559670781893005 0.053125 0.07407407407407407
0 0.327078125 0.48662551440329216 0.05625 0.0720164609053498
0 0.3015625 0.5689300411522634 0.121875 0.10905349794238683
0 0.59609375 0.5699588477366255 0.1171875 0.10699588477366255
0 0.7203125 0.5699588477366255 0.11875 0.10699588477366255
0 0.80234375 0.5699588477366255 0.0359375 0.10699588477366255
0 0.384375 0.5709876543209876 0.0375 0.11728395061728394
0 0.17734375 0.5720164609053497 0.1234375 0.1111111111111111
0 0.44375 0.5720164609053497 0.08125 0.1111111111111111
0 0.86171875 0.573045267489712 0.0859375 0.10493827160493827
0 0.41484375 0.7109053497942387 0.0734375 0.047325102880658436
0 0.17734375 0.7489711934156379 0.1265625 0.1111111111111111
0 0.30390625 0.7489711934156379 0.1203125 0.10699588477366255
0 0.58046875 0.75 0.0828125 0.11316872427983539
0 0.64140625 0.7510288065843621 0.0390625 0.1111111111111111
0 0.72109375 0.7510288065843621 0.1171875 0.10699588477366255
0 0.8234375 0.7551440329218106 0.075 0.09465020576131687
0 0.88125 0.7561728395061729 0.0375 0.09670781893004116
0 0.39609375 0.7674897119341564 0.0546875 0.07407407407407407
0 0.4515625 0.7695473251028807 0.053125 0.06995884773662552
0 0.59609375 0.8539094650205762 0.1171875 0.102880658436214
0 0.303125 0.8549382716049383 0.11875 0.10905349794238683
0 0.84453125 0.8559670781893004 0.1203125 0.10699588477366255
0 0.425 0.8563168724279836 0.11875 0.10082304526748971
0 0.19296875 0.8569958847736625 0.0890625 0.10493827160493827
0 0.72265625 0.8580246913580247 0.1203125 0.10699588477366255
0 0.13203125 0.8580246913580247 0.0359375 0.1111111111111111
0 0.59609375 0.18209876543209877 0.1234375 0.10905349794238683
0 0.18046875 0.18415637860082304 0.1265625 0.12139917695473251
0 0.3984375 0.18724279835390947 0.078125 0.09465020576131687
0 0.71875 0.18724279835390947 0.1125 0.09876543209876543
0 0.46171875 0.2037037037037037 0.0515625 0.06584362139917696
0 0.8796875 0.2037037037037037 0.053125 0.06584362139917696