4 0.32199367088607594 0.21041666666666667 0.07753164556962025 0.05
4 0.8267405063291139 0.21041666666666667 0.08069620253164557 0.05416666666666667
4 0.3045886075949367 0.284375 0.125 0.10208333333333333
4 0.17563291139240506 0.2875 0.12658227848101267 0.1
4 0.7278481012658228 0.2875 0.12025316455696203 0.10833333333333334
4 0.43037974683544306 0.28854166666666664 0.12025316455696203 0.10625
4 0.5569620253164557 0.28854166666666664 0.0379746835443038 0.11041666666666666
4 0.617879746835443 0.28854166666666664 0.08386075949367089 0.11041666666666666
4 0.8536392405063291 0.2923541666666667 0.12183544303797468 0.10833333333333334
4 0.28639240506329117 0.4270833333333333 0.07911392405063292 0.05416666666666667
4 0.7104430379746836 0.4270833333333333 0.08227848101265822 0.05416666666666667
4 0.4272151898734177 0.4666666666666667 0.12025316455696203 0.10833333333333334
4 0.8512658227848101 0.4666666666666667 0.12658227848101267 0.1125
4 0.5751582278481012 0.471875 0.07436708860759493 0.10208333333333333
4 0.1518987341772152 0.4739583333333333 0.07911392405063292 0.09791666666666667
4 0.6993670886075949 0.48541666666666666 0.05379746835443038 0.07083333333333333
4 0.7531645569620253 0.48541666666666666 0.056962025316455694 0.06666666666666667
4 0.2737341772151899 0.4864583333333333 0.056962025316455694 0.06875
4 0.21835443037974683 0.4875 0.05379746835443038 0.07083333333333333
4 0.6408227848101266 0.4875 0.05379746835443038 0.075
4 0.3296360759493671 0.48854166666666665 0.056962025316455694 0.07291666666666667
4 0.3037974683544304 0.571875 0.12341772151898735 0.11041666666666666
4 0.6020569620253164 0.5729166666666666 0.11867088607594936 0.10833333333333334
4 0.7278481012658228 0.5729166666666666 0.12025316455696203 0.10833333333333334
4 0.8109177215189873 0.5729166666666666 0.03639240506329114 0.10833333333333334
4 0.3876582278481013 0.5739583333333333 0.0379746835443038 0.11875
4 0.17800632911392406 0.575 0.125 0.1125
4 0.4477848101265823 0.575 0.08227848101265822 0.1125
4 0.8710443037974683 0.5760416666666667 0.08702531645569621 0.10625
4 0.4185126582278481 0.715625 0.07436708860759493 0.04791666666666667
4 0.17800632911392406 0.7541666666666667 0.1281645569620253 0.1125
4 0.3061708860759494 0.7541666666666667 0.12183544303797468 0.10833333333333334
4 0.5862341772151899 0.7552083333333334 0.08386075949367089 0.11458333333333333
4 0.6479430379746836 0.75625 0.03955696202531646 0.1125
4 0.7286392405063291 0.75625 0.11867088607594936 0.10833333333333334
4 0.8322784810126582 0.7604166666666666 0.0759493670886076 0.09583333333333334
4 0.8908227848101266 0.7614583333333333 0.0379746835443038 0.09791666666666667
4 0.3995253164556962 0.7729166666666667 0.055379746835443035 0.075
4 0.45569620253164556 0.775 0.05379746835443038 0.07083333333333333
4 0.6020569620253164 0.8604166666666667 0.11867088607594936 0.10416666666666667
4 0.30537974683544306 0.8614583333333333 0.12025316455696203 0.11041666666666666
4 0.8536392405063291 0.8625 0.12183544303797468 0.10833333333333334
4 0.4287974683544304 0.8628541666666667 0.12025316455696203 0.10208333333333333
4 0.19382911392405064 0.8635416666666667 0.09018987341772151 0.10625
4 0.7302215189873418 0.8645833333333334 0.12183544303797468 0.10833333333333334
4 0.13212025316455697 0.8645833333333334 0.03639240506329114 0.1125
4 0.6020569620253164 0.18020833333333333 0.125 0.11041666666666666
4 0.18117088607594936 0.18229166666666666 0.1281645569620253 0.12291666666666666
4 0.40189873417721517 0.18541666666666667 0.07911392405063292 0.09583333333333334
4 0.7262658227848101 0.18541666666666667 0.11392405063291139 0.1
4 0.46598101265822783 0.20208333333333334 0.05221518987341772 0.06666666666666667
4 0.8892405063291139 0.20208333333333334 0.05379746835443038 0.06666666666666667