0 0.3390625 0.19238683127572018 0.0796875 0.05761316872427984
0 0.8359375 0.25 0.0828125 0.06172839506172839
0 0.3171875 0.26337448559670784 0.1296875 0.11522633744855967
0 0.190625 0.25205761316872427 0.13125 0.11316872427983539
0 0.73359375 0.31378600823045266 0.125 0.11934156378600823
0 0.440625 0.28189300411522633 0.125 0.11728395061728394
0 0.565625 0.2962962962962963 0.0453125 0.11316872427983539
0 0.625 0.30246913580246915 0.0890625 0.11728395061728394
0 0.85703125 0.3333333333333333 0.1265625 0.12139917695473251
0 0.28984375 0.4012345679012346 0.08125 0.06172839506172839
0 0.70703125 0.4495884773662551 0.084375 0.06172839506172839
0 0.42578125 0.4567901234567901 0.125 0.11934156378600823
0 0.84296875 0.5041152263374485 0.13125 0.12551440329218108
0 0.57109375 0.4783950617283951 0.0796875 0.10905349794238683
0 0.1546875 0.43209876543209874 0.084375 0.10493827160493827
0 0.6921875 0.5061728395061729 0.0578125 0.07613168724279835
0 0.7453125 0.5113168724279835 0.0609375 0.0720164609053498
0 0.2734375 0.4588477366255144 0.0609375 0.07407407407407407
0 0.21953125 0.4537037037037037 0.0578125 0.07613168724279835
0 0.63515625 0.5010288065843621 0.0578125 0.08024691358024691
0 0.32890625 0.4670781893004115 0.0609375 0.07818930041152264
0 0.29765625 0.5462962962962963 0.128125 0.12345679012345678
0 0.59140625 0.5802469135802469 0.1234375 0.11934156378600823
0 0.71484375 0.5946502057613169 0.125 0.11934156378600823
0 0.796875 0.6039094650205762 0.0421875 0.1111111111111111
0 0.38046875 0.5576131687242798 0.0453125 0.12139917695473251
0 0.1734375 0.5349794238683128 0.1296875 0.12551440329218108
0 0.4390625 0.5648148148148148 0.0890625 0.11934156378600823
0 0.85546875 0.6141975308641975 0.0921875 0.11522633744855967
0 0.4015625 0.7006172839506173 0.0765625 0.05555555555555555
0 0.16171875 0.7109053497942387 0.1328125 0.12551440329218108
0 0.28828125 0.7253086419753086 0.1265625 0.12139917695473251
0 0.56328125 0.7582304526748971 0.090625 0.12139917695473251
0 0.62421875 0.7664609053497943 0.046875 0.11522633744855967
0 0.70390625 0.7757201646090535 0.1234375 0.11934156378600823
0 0.80546875 0.7911522633744856 0.08125 0.102880658436214
0 0.8625 0.7993827160493827 0.04375 0.10082304526748971
0 0.37890625 0.7541152263374485 0.059375 0.08024691358024691
0 0.43359375 0.7633744855967078 0.0578125 0.07613168724279835
0 0.57265625 0.8631687242798354 0.1234375 0.11522633744855967
0 0.28046875 0.831275720164609 0.125 0.12139917695473251
0 0.81953125 0.8940329218106996 0.1265625 0.12139917695473251
0 0.4015625 0.8467078189300411 0.125 0.11316872427983539
0 0.1703125 0.8199588477366255 0.0953125 0.11522633744855967
0 0.6984375 0.8827160493827161 0.1265625 0.12139917695473251
0 0.109375 0.8148148148148148 0.04375 0.11522633744855967
0 0.61640625 0.19444444444444445 0.1296875 0.12345679012345678
0 0.20234375 0.14917695473251028 0.134375 0.13580246913580246
0 0.41953125 0.17695473251028807 0.084375 0.102880658436214
0 0.73828125 0.2139917695473251 0.11875 0.1111111111111111
0 0.48125 0.2006172839506173 0.05625 0.0720164609053498
0 0.89765625 0.24794238683127573 0.0578125 0.0720164609053498