0 0.24296875 0.4141949152542373 0.1921875 0.3156779661016949
0 0.0984375 0.4597457627118644 0.1953125 0.3177966101694915
0 0.6578125 0.3040254237288136 0.196875 0.2627118644067797
0 0.8203125 0.2574152542372881 0.203125 0.2690677966101695
0 0.49140625 0.3633474576271186 0.2109375 0.2584745762711864
0 0.7140625 0.5307203389830508 0.159375 0.15889830508474576
0 0.27421875 0.6705508474576272 0.1203125 0.13135593220338984
0 0.9046875 0.5116525423728814 0.10625 0.163135593220339
0 0.14609375 0.8379237288135594 0.1296875 0.24152542372881355
0 0.471875 0.8040254237288136 0.196875 0.3305084745762712
0 0.3046875 0.8463983050847458 0.203125 0.3072033898305085
0 0.7453125 0.7245762711864406 0.203125 0.326271186440678
0 0.90390625 0.701271186440678 0.1921875 0.2838983050847458
0 0.62578125 0.8241525423728814 0.1578125 0.19703389830508475
0 0.1734375 0.9586864406779662 0.159375 0.0826271186440678
0 0.07109375 0.2849576271186441 0.1421875 0.13347457627118645
0 0.78515625 0.08686440677966102 0.1921875 0.17372881355932204
0 0.62109375 0.13665254237288135 0.1859375 0.17796610169491525
0 0.45703125 0.19809322033898305 0.19375 0.19279661016949154