4 0.2640625 0.3379237288135593 0.15 0.2775423728813559
4 0.115625 0.3379237288135593 0.153125 0.2775423728813559
4 0.6859375 0.3569915254237288 0.165625 0.21822033898305085
4 0.85234375 0.361228813559322 0.1703125 0.22245762711864406
4 0.5140625 0.3644067796610169 0.18125 0.2076271186440678
4 0.703125 0.5953389830508474 0.14375 0.11864406779661017
4 0.2515625 0.597457627118644 0.10625 0.1016949152542373
4 0.8921875 0.6345338983050848 0.084375 0.1419491525423729
4 0.09921875 0.7213983050847458 0.0953125 0.21822033898305085
4 0.421875 0.7870762711864406 0.153125 0.2902542372881356
4 0.25078125 0.7913135593220338 0.1578125 0.2944915254237288
4 0.7015625 0.7934322033898306 0.159375 0.2860169491525424
4 0.86640625 0.8209745762711864 0.1671875 0.23940677966101695
4 0.56875 0.8538135593220338 0.134375 0.16101694915254236
4 0.10078125 0.8813559322033898 0.1453125 0.11016949152542373
4 0.11328125 0.15889830508474576 0.1390625 0.09322033898305085
4 0.84765625 0.18008474576271186 0.1734375 0.13559322033898305
4 0.678125 0.1832627118644068 0.16875 0.1292372881355932
4 0.5078125 0.19279661016949154 0.175 0.1440677966101695