4 0.8251748251748252 0.20870535714285715 0.11888111888111888 0.15401785714285715
4 0.5777972027972028 0.20982142857142858 0.12412587412587413 0.16071428571428573
4 0.06993006993006994 0.20982142857142858 0.12937062937062938 0.14732142857142858
4 0.7045454545454546 0.2109375 0.1258741258741259 0.15401785714285715
4 0.19755244755244755 0.21316964285714285 0.11538461538461539 0.14508928571428573
4 0.3243006993006993 0.21428571428571427 0.13111888111888112 0.15178571428571427
4 0.9458041958041958 0.22544642857142858 0.09090909090909091 0.11607142857142858
4 0.4379370629370629 0.22879464285714285 0.09615384615384616 0.11830357142857142
4 0.5795454545454546 0.4017857142857143 0.12062937062937062 0.15178571428571427
4 0.19493006993006992 0.40401785714285715 0.12762237762237763 0.15625
4 0.32954545454545453 0.40401785714285715 0.1346153846153846 0.14732142857142858
4 0.701048951048951 0.40401785714285715 0.11888111888111888 0.15178571428571427
4 0.8304195804195804 0.40736607142857145 0.11888111888111888 0.14955357142857142
4 0.4423076923076923 0.45200892857142855 0.08741258741258741 0.109375
4 0.9361888111888111 0.453125 0.09615384615384616 0.125
4 0.7071678321678322 0.5513392857142857 0.12062937062937062 0.15178571428571427
4 0.5751748251748252 0.5524553571428571 0.11888111888111888 0.15401785714285715
4 0.8286713286713286 0.5524553571428571 0.12237762237762238 0.15848214285714285
4 0.06905594405594405 0.5524553571428571 0.13111888111888112 0.16294642857142858
4 0.20017482517482518 0.5535714285714286 0.12412587412587413 0.15178571428571427
4 0.32517482517482516 0.5535714285714286 0.1258741258741259 0.15178571428571427
4 0.9449300699300699 0.5669642857142857 0.09265734265734266 0.12053571428571429
4 0.4396853146853147 0.5680803571428571 0.09265734265734266 0.12723214285714285
4 0.20279720279720279 0.7421875 0.12937062937062938 0.16294642857142858
4 0.7019230769230769 0.7488839285714286 0.12412587412587413 0.16294642857142858
4 0.42832167832167833 0.7544642857142857 0.10139860139860139 0.12946428571428573
4 0.9178321678321678 0.7578125 0.0979020979020979 0.13169642857142858
4 0.583041958041958 0.7589285714285714 0.09965034965034965 0.12946428571428573
4 0.08479020979020979 0.7600446428571429 0.10314685314685315 0.13169642857142858
4 0.8173076923076923 0.7901785714285714 0.09615384615384616 0.12946428571428573
4 0.31643356643356646 0.7957589285714286 0.0979020979020979 0.13616071428571427
4 0.5769230769230769 0.8950892857142857 0.12237762237762238 0.16071428571428573
4 0.4178321678321678 0.8973214285714286 0.12237762237762238 0.16071428571428573
4 0.9256993006993007 0.8973214285714286 0.12062937062937062 0.16071428571428573
4 0.06905594405594405 0.8973214285714286 0.12762237762237763 0.16517857142857142
4 0.20104895104895104 0.8995535714285714 0.12237762237762238 0.16517857142857142
4 0.708041958041958 0.9017857142857143 0.11888111888111888 0.15178571428571427
4 0.8155594405594405 0.9129464285714286 0.09615384615384616 0.12946428571428573
4 0.3076923076923077 0.9162946428571429 0.0944055944055944 0.12276785714285714
4 0.701048951048951 0.0703125 0.12937062937062938 0.140625
4 0.20541958041958042 0.07254464285714286 0.1486013986013986 0.14508928571428573
4 0.08653846153846154 0.078125 0.09965034965034965 0.11607142857142858
4 0.5891608391608392 0.07924107142857142 0.0944055944055944 0.11383928571428571
4 0.8138111888111889 0.08035714285714286 0.09615384615384616 0.11607142857142858
4 0.32167832167832167 0.08147321428571429 0.1048951048951049 0.11830357142857142
4 0.4353146853146853 0.11272321428571429 0.0979020979020979 0.11830357142857142
4 0.9344405594405595 0.11495535714285714 0.09265734265734266 0.11830357142857142