0 0.79765625 0.2952286282306163 0.1140625 0.147117296222664
0 0.57734375 0.27634194831013914 0.11875 0.15308151093439365
0 0.12421875 0.23658051689860835 0.121875 0.1411530815109344
0 0.68984375 0.28727634194831014 0.1203125 0.147117296222664
0 0.23828125 0.24950298210735586 0.109375 0.13717693836978131
0 0.35078125 0.26043737574552683 0.125 0.14512922465208747
0 0.9046875 0.32007952286282304 0.0875 0.11133200795228629
0 0.4515625 0.2823061630218688 0.0921875 0.11332007952286283
0 0.56953125 0.44731610337972166 0.115625 0.14512922465208747
0 0.2265625 0.41848906560636184 0.121875 0.14910536779324055
0 0.34609375 0.4294234592445328 0.1265625 0.1411530815109344
0 0.67734375 0.4592445328031809 0.1140625 0.14512922465208747
0 0.79296875 0.4721669980119284 0.1140625 0.14314115308151093
0 0.44453125 0.48111332007952284 0.0828125 0.10337972166998012
0 0.88515625 0.5208747514910537 0.0921875 0.11928429423459244
0 0.67578125 0.5904572564612326 0.115625 0.14512922465208747
0 0.55859375 0.5805168986083499 0.1140625 0.147117296222664
0 0.784375 0.6013916500994035 0.1171875 0.15109343936381708
0 0.10703125 0.5407554671968191 0.125 0.1550695825049702
0 0.2234375 0.55168986083499 0.11875 0.14512922465208747
0 0.33515625 0.5616302186878728 0.1203125 0.14512922465208747
0 0.8875 0.6232604373757455 0.0890625 0.11530815109343936
0 0.43671875 0.584493041749503 0.0890625 0.12127236580516898
0 0.2171875 0.7196819085487077 0.1234375 0.1550695825049702
0 0.66171875 0.7654075546719682 0.11875 0.1550695825049702
0 0.4171875 0.7485089463220675 0.096875 0.12326043737574553
0 0.85390625 0.790258449304175 0.09375 0.12524850894632206
0 0.55546875 0.7654075546719682 0.0953125 0.12326043737574553
0 0.1109375 0.7266401590457257 0.0984375 0.12524850894632206
0 0.7625 0.8111332007952287 0.0921875 0.12326043737574553
0 0.315625 0.7763419483101391 0.09375 0.12922465208747516
0 0.54296875 0.885685884691849 0.1171875 0.15308151093439365
0 0.40078125 0.8747514910536779 0.1171875 0.15308151093439365
0 0.85390625 0.915506958250497 0.115625 0.15308151093439365
0 0.08984375 0.8469184890656064 0.121875 0.15705765407554673
0 0.2078125 0.8598409542743539 0.1171875 0.15705765407554673
0 0.659375 0.9015904572564613 0.1140625 0.14512922465208747
0 0.7546875 0.9204771371769384 0.0921875 0.12326043737574553
0 0.30234375 0.882703777335984 0.090625 0.1172962226640159
0 0.69453125 0.15705765407554673 0.1234375 0.147117296222664
0 0.25234375 0.11928429423459244 0.140625 0.15308151093439365
0 0.14609375 0.12027833001988071 0.09375 0.11133200795228629
0 0.59375 0.16202783300198806 0.0890625 0.10934393638170974
0 0.79375 0.17992047713717693 0.090625 0.11133200795228629
0 0.35546875 0.14214711729622267 0.1 0.11332007952286283
0 0.4546875 0.17892644135188868 0.09375 0.11332007952286283
0 0.9 0.220675944333996 0.0890625 0.11332007952286283