0 0.36796875 0.33709016393442626 0.159375 0.16598360655737704
0 0.09765625 0.45594262295081966 0.153125 0.15368852459016394
0 0.69140625 0.26434426229508196 0.15 0.15368852459016394
0 0.23515625 0.4149590163934426 0.15625 0.15778688524590165
0 0.54921875 0.3114754098360656 0.1546875 0.15778688524590165
0 0.8296875 0.22131147540983606 0.153125 0.15368852459016394
0 0.7359375 0.5102459016393442 0.15625 0.15778688524590165
0 0.29375 0.6588114754098361 0.1734375 0.16393442622950818
0 0.59609375 0.5594262295081968 0.1609375 0.16393442622950818
0 0.878125 0.4672131147540984 0.15625 0.1557377049180328
0 0.146875 0.7079918032786885 0.165625 0.16188524590163936
0 0.19453125 0.16086065573770492 0.1625 0.16188524590163936
0 0.06875 0.20901639344262296 0.1375 0.1721311475409836
0 0.334375 0.11782786885245902 0.1640625 0.1598360655737705
0 0.50390625 0.0706967213114754 0.1578125 0.1413934426229508
0 0.78671875 0.02459016393442623 0.1546875 0.04918032786885246
0 0.6484375 0.04918032786885246 0.15625 0.09836065573770492
0 0.91640625 0.6844262295081968 0.15625 0.19262295081967212
0 0.3265625 0.9057377049180327 0.1578125 0.14959016393442623
0 0.65078125 0.8043032786885246 0.15 0.15163934426229508
0 0.18984375 0.9385245901639344 0.1515625 0.12295081967213115
0 0.78671875 0.7612704918032787 0.1515625 0.15368852459016394