4 0.402555910543131 0.2939330543933054 0.14376996805111822 0.12761506276150628
4 0.11261980830670927 0.32426778242677823 0.1389776357827476 0.11715481171548117
4 0.737220447284345 0.3263598326359833 0.13578274760383385 0.11715481171548117
4 0.2563897763578275 0.3274058577405858 0.14217252396166133 0.1192468619246862
4 0.5878594249201278 0.3274058577405858 0.14057507987220447 0.1192468619246862
4 0.8825878594249201 0.3284518828451883 0.1389776357827476 0.11715481171548117
4 0.7356230031948882 0.5847280334728033 0.14217252396166133 0.1192468619246862
4 0.268370607028754 0.5878661087866108 0.1597444089456869 0.12133891213389121
4 0.5870607028753994 0.5878661087866108 0.14536741214057508 0.12552301255230125
4 0.884185303514377 0.5878661087866108 0.14217252396166133 0.11715481171548117
4 0.11369009584664537 0.5892677824267782 0.15175718849840256 0.12133891213389121
4 0.26437699680511184 0.06276150627615062 0.1485623003194888 0.12133891213389121
4 0.11182108626198083 0.06485355648535565 0.1597444089456869 0.1297071129707113
4 0.41054313099041534 0.06589958158995816 0.1501597444089457 0.1192468619246862
4 0.5894568690095847 0.06694560669456066 0.14376996805111822 0.11715481171548117
4 0.8881789137380192 0.06694560669456066 0.14057507987220447 0.11715481171548117
4 0.7412140575079872 0.06799163179916318 0.14057507987220447 0.12761506276150628
4 0.8817891373801917 0.8158995815899581 0.134185303514377 0.1589958158995816
4 0.2547923322683706 0.8441422594142259 0.14536741214057508 0.1108786610878661
4 0.5950479233226837 0.8483263598326359 0.13578274760383385 0.11506276150627615
4 0.11022364217252396 0.8483263598326359 0.13738019169329074 0.1192468619246862
4 0.7380191693290735 0.8493723849372385 0.13738019169329074 0.11715481171548117