0 0.4015625 0.30020491803278687 0.140625 0.125
0 0.11796875 0.32991803278688525 0.1359375 0.11475409836065574
0 0.72890625 0.3319672131147541 0.1328125 0.11475409836065574
0 0.25859375 0.33299180327868855 0.1390625 0.1168032786885246
0 0.5828125 0.33299180327868855 0.1375 0.1168032786885246
0 0.87109375 0.33401639344262296 0.1359375 0.11475409836065574
0 0.72734375 0.5850409836065574 0.1390625 0.1168032786885246
0 0.2703125 0.5881147540983607 0.15625 0.11885245901639344
0 0.58203125 0.5881147540983607 0.1421875 0.12295081967213115
0 0.87265625 0.5881147540983607 0.1390625 0.11475409836065574
0 0.119015625 0.5894877049180328 0.1484375 0.11885245901639344
0 0.26640625 0.07377049180327869 0.1453125 0.11885245901639344
0 0.1171875 0.07581967213114754 0.15625 0.12704918032786885
0 0.409375 0.07684426229508197 0.146875 0.1168032786885246
0 0.584375 0.0778688524590164 0.140625 0.11475409836065574
0 0.8765625 0.0778688524590164 0.1375 0.11475409836065574
0 0.7328125 0.07889344262295082 0.1375 0.125
0 0.8703125 0.8114754098360656 0.13125 0.1557377049180328
0 0.25703125 0.8391393442622951 0.1421875 0.10860655737704918
0 0.58984375 0.8432377049180327 0.1328125 0.11270491803278689
0 0.115625 0.8432377049180327 0.134375 0.1168032786885246
0 0.7296875 0.8442622950819673 0.134375 0.11475409836065574