0 0.365625 0.3401639344262295 0.1609375 0.1680327868852459
0 0.09765625 0.4651639344262295 0.1546875 0.15778688524590165
0 0.68828125 0.26024590163934425 0.1515625 0.1557377049180328
0 0.23359375 0.42110655737704916 0.1578125 0.1598360655737705
0 0.546875 0.3104508196721312 0.15625 0.1598360655737705
0 0.82578125 0.21413934426229508 0.1546875 0.15778688524590165
0 0.73671875 0.5051229508196722 0.1578125 0.1598360655737705
0 0.2953125 0.6629098360655737 0.175 0.1680327868852459
0 0.596875 0.5573770491803278 0.1609375 0.1680327868852459
0 0.87734375 0.45901639344262296 0.15625 0.15778688524590165
0 0.15 0.7161885245901639 0.1671875 0.16598360655737704
0 0.190625 0.1680327868852459 0.1640625 0.16393442622950818
0 0.0671875 0.2192622950819672 0.134375 0.1762295081967213
0 0.32890625 0.12192622950819672 0.165625 0.16188524590163936
0 0.49765625 0.0706967213114754 0.1578125 0.1413934426229508
0 0.78046875 0.02151639344262295 0.1546875 0.0430327868852459
0 0.64140625 0.04918032786885246 0.1578125 0.09836065573770492
0 0.91953125 0.6752049180327869 0.1578125 0.19467213114754098
0 0.33203125 0.9098360655737705 0.159375 0.15368852459016394
0 0.6546875 0.8012295081967213 0.15 0.15368852459016394
0 0.1953125 0.9415983606557377 0.153125 0.1168032786885246
0 0.78984375 0.7540983606557377 0.153125 0.1557377049180328