4 0.387459807073955 0.2921940928270042 0.14469453376205788 0.12869198312236288
4 0.09565916398713827 0.3227848101265823 0.13987138263665594 0.11814345991561181
4 0.7242765273311897 0.32489451476793246 0.13665594855305466 0.11814345991561181
4 0.24035369774919615 0.3259493670886076 0.14308681672025725 0.12025316455696203
4 0.5739549839228296 0.3259493670886076 0.1414790996784566 0.12025316455696203
4 0.8705787781350482 0.3270042194092827 0.13987138263665594 0.11814345991561181
4 0.7226688102893891 0.5854430379746836 0.14308681672025725 0.12025316455696203
4 0.25241157556270094 0.5886075949367089 0.1607717041800643 0.12236286919831224
4 0.5731511254019293 0.5886075949367089 0.14630225080385853 0.12658227848101267
4 0.8721864951768489 0.5886075949367089 0.14308681672025725 0.11814345991561181
4 0.0967363344051447 0.5900210970464136 0.1527331189710611 0.12236286919831224
4 0.24839228295819935 0.060126582278481014 0.1495176848874598 0.12025316455696203
4 0.09485530546623794 0.06329113924050633 0.1607717041800643 0.12658227848101267
4 0.3954983922829582 0.06223628691983123 0.15112540192926044 0.12025316455696203
4 0.5755627009646302 0.06329113924050633 0.14469453376205788 0.11814345991561181
4 0.8762057877813505 0.06329113924050633 0.1414790996784566 0.11814345991561181
4 0.7282958199356914 0.06434599156118144 0.1414790996784566 0.12869198312236288
4 0.8697749196141479 0.8185654008438819 0.13504823151125403 0.16033755274261605
4 0.2387459807073955 0.8470464135021097 0.14630225080385853 0.11181434599156118
4 0.5811897106109325 0.8512658227848101 0.13665594855305466 0.1160337552742616
4 0.0932475884244373 0.8512658227848101 0.1382636655948553 0.12025316455696203
4 0.72508038585209 0.8523206751054853 0.1382636655948553 0.11814345991561181