0 0.87734375 0.10956521739130434 0.1703125 0.21913043478260869
0 0.71171875 0.13826086956521738 0.2 0.22782608695652173
0 0.296875 0.21739130434782608 0.1953125 0.18956521739130436
0 0.4890625 0.18869565217391304 0.2203125 0.19826086956521738
0 0.08828125 0.288695652173913 0.1765625 0.12869565217391304
0 0.34453125 0.5104347826086957 0.2515625 0.2852173913043478
0 0.76484375 0.4426086956521739 0.2234375 0.27304347826086955
0 0.1265625 0.5556521739130434 0.225 0.26956521739130435
0 0.54453125 0.48782608695652174 0.2171875 0.24521739130434783
0 0.38046875 0.828695652173913 0.240625 0.29043478260869565
0 0.5921875 0.8017391304347826 0.1984375 0.25565217391304346
0 0.18046875 0.8695652173913043 0.2203125 0.2608695652173913
0 0.8015625 0.7678260869565218 0.2234375 0.2678260869565217
0 0.08125 0.18695652173913044 0.1625 0.13391304347826086