4 0.9337060702875399 0.1806049822064057 0.13258785942492013 0.20462633451957296
4 0.7691693290734825 0.18238434163701067 0.17731629392971246 0.20462633451957296
4 0.33865814696485624 0.18772241992882563 0.17891373801916932 0.16548042704626334
4 0.536741214057508 0.19306049822064056 0.20447284345047922 0.16903914590747332
4 0.11581469648562301 0.22241992882562278 0.17412140575079874 0.10320284697508897
4 0.3450479233226837 0.4928825622775801 0.22364217252396165 0.25622775800711745
4 0.7787539936102237 0.4991103202846975 0.1964856230031949 0.24733096085409254
4 0.1182108626198083 0.4991103202846975 0.19808306709265175 0.24377224199288255
4 0.5503194888178914 0.505338078291815 0.19329073482428116 0.2206405693950178
4 0.3354632587859425 0.8202846975088968 0.2108626198083067 0.26334519572953735
4 0.5527156549520766 0.8309608540925267 0.17252396166134185 0.23487544483985764
4 0.1269968051118211 0.8309608540925267 0.19329073482428116 0.24555160142348753
4 0.7691693290734825 0.8345195729537367 0.1964856230031949 0.24199288256227758
4 0.11661341853035144 0.11832740213523131 0.17252396166134185 0.10854092526690391