5 0.22432701894317048 0.2160904255319149 0.04187437686939183 0.13962765957446807
5 0.2647058823529412 0.21875 0.031904287138584245 0.1449468085106383
5 0.29910269192422734 0.22273936170212766 0.03339980059820538 0.1389627659574468
5 0.33449651046859424 0.22007978723404256 0.034396809571286144 0.14029255319148937
5 0.36839481555333997 0.21875 0.03040877367896311 0.1283244680851064
5 0.4017946161515454 0.22340425531914893 0.03489531405782652 0.14029255319148937
5 0.4386839481555334 0.22872340425531915 0.03090727816550349 0.13164893617021275
5 0.4715852442671984 0.22739361702127658 0.03090727816550349 0.12566489361702127
5 0.5029910269192422 0.22672872340425532 0.029411764705882353 0.125
18 0.693419740777667 0.23138297872340424 0.029411764705882353 0.1196808510638298
18 0.7218344965104686 0.2327127659574468 0.029411764705882353 0.11702127659574468
18 0.7542372881355932 0.23470744680851063 0.028913260219341975 0.11702127659574468
18 0.7836490528414756 0.23404255319148937 0.0259222333000997 0.11569148936170212
18 0.6899302093718843 0.3796542553191489 0.03090727816550349 0.0990691489361702
18 0.7208374875373879 0.37632978723404253 0.0259222333000997 0.10305851063829788
18 0.7532402791625125 0.37632978723404253 0.03090727816550349 0.11303191489361702
18 0.7796610169491526 0.375 0.02193419740777667 0.12167553191489362
5 0.23429710867397807 0.37632978723404253 0.03589232303090728 0.1196808510638298
5 0.27218344965104685 0.37433510638297873 0.031904287138584245 0.1196808510638298
5 0.3070787637088734 0.37101063829787234 0.034396809571286144 0.12632978723404256
5 0.34097706879361916 0.37367021276595747 0.028414755732801594 0.12300531914893617
5 0.37686939182452645 0.3776595744680851 0.027417746759720838 0.1283244680851064
5 0.4102691924227318 0.375 0.03489531405782652 0.12367021276595745
5 0.4436689930209372 0.37898936170212766 0.029411764705882353 0.11502659574468085
5 0.4765702891326022 0.38231382978723405 0.03090727816550349 0.11502659574468085
5 0.5089730807577268 0.38231382978723405 0.0259222333000997 0.11170212765957446