5 0.21627188465499486 0.18887362637362637 0.04325437693099897 0.14423076923076922
5 0.25798146240988673 0.19162087912087913 0.032955715756951595 0.14972527472527472
5 0.29351184346035014 0.19574175824175824 0.0345005149330587 0.14354395604395603
5 0.33007209062821835 0.1929945054945055 0.03553038105046344 0.14491758241758243
5 0.3650875386199794 0.19162087912087913 0.03141091658084449 0.13255494505494506
5 0.3995880535530381 0.19642857142857142 0.03604531410916581 0.14491758241758243
5 0.4376930998970134 0.20192307692307693 0.03192584963954686 0.13598901098901098
5 0.47167868177136973 0.20054945054945056 0.03192584963954686 0.12980769230769232
5 0.504119464469619 0.19986263736263737 0.03038105046343975 0.12912087912087913
18 0.7008238928939238 0.20467032967032966 0.03038105046343975 0.12362637362637363
18 0.7301750772399588 0.20604395604395603 0.03038105046343975 0.12087912087912088
18 0.7636457260556128 0.20810439560439561 0.029866117404737384 0.12087912087912088
18 0.7940267765190525 0.20741758241758243 0.026776519052523172 0.11950549450549451
18 0.6972193614830072 0.35782967032967034 0.03192584963954686 0.10233516483516483
18 0.729145211122554 0.3543956043956044 0.026776519052523172 0.10645604395604395
18 0.762615859938208 0.3543956043956044 0.03192584963954686 0.11675824175824176
18 0.7899073120494335 0.35302197802197804 0.02265705458290422 0.12568681318681318
5 0.22657054582904224 0.3543956043956044 0.037075180226570546 0.12362637362637363
5 0.26570545829042225 0.35233516483516486 0.032955715756951595 0.12362637362637363
5 0.30175077239958803 0.3489010989010989 0.03553038105046344 0.1304945054945055
5 0.3367662203913491 0.3516483516483517 0.029351184346035016 0.12706043956043955
5 0.37384140061791965 0.3557692307692308 0.02832131822863028 0.13255494505494506
5 0.4083419155509784 0.35302197802197804 0.03604531410916581 0.12774725274725274
5 0.4428424304840371 0.35714285714285715 0.03038105046343975 0.11881868131868131
5 0.4768280123583934 0.3605769230769231 0.03192584963954686 0.11881868131868131
5 0.5102986611740473 0.3605769230769231 0.026776519052523172 0.11538461538461539