5 0.3671875 0.18424479166666666 0.03271484375 0.13151041666666666
5 0.40380859375 0.19010416666666666 0.03271484375 0.13151041666666666
5 0.43798828125 0.19140625 0.03271484375 0.13151041666666666
5 0.47265625 0.19270833333333334 0.03271484375 0.13151041666666666
5 0.5078125 0.19596354166666666 0.03271484375 0.13151041666666666
5 0.54345703125 0.189453125 0.03271484375 0.13151041666666666
5 0.3291015625 0.189453125 0.03271484375 0.13151041666666666
5 0.294921875 0.1875 0.03271484375 0.13151041666666666
5 0.26123046875 0.18359375 0.03271484375 0.13151041666666666
5 0.478515625 0.3444010416666667 0.03271484375 0.13151041666666666
5 0.4130859375 0.3463541666666667 0.03271484375 0.13151041666666666
5 0.37548828125 0.3463541666666667 0.03271484375 0.13151041666666666
5 0.3408203125 0.3470052083333333 0.03271484375 0.13151041666666666
5 0.3056640625 0.3430989583333333 0.03271484375 0.13151041666666666
5 0.54150390625 0.3385416666666667 0.03271484375 0.13151041666666666
5 0.4462890625 0.34375 0.03271484375 0.13151041666666666
5 0.5078125 0.3489583333333333 0.03271484375 0.13151041666666666
18 0.75341796875 0.19075520833333334 0.03759765625 0.14192708333333334
18 0.787109375 0.19205729166666666 0.03759765625 0.14192708333333334
18 0.822265625 0.19401041666666666 0.03759765625 0.14192708333333334
18 0.85693359375 0.19986979166666666 0.03759765625 0.14192708333333334
18 0.8515625 0.3430989583333333 0.03759765625 0.14192708333333334
18 0.81884765625 0.3444010416666667 0.03759765625 0.14192708333333334
18 0.78369140625 0.3385416666666667 0.03759765625 0.14192708333333334