5 0.36327739387956565 0.18552631578947368 0.033070088845014806 0.13289473684210526
5 0.40029615004935837 0.19144736842105264 0.033070088845014806 0.13289473684210526
5 0.4348469891411649 0.19276315789473683 0.033070088845014806 0.13289473684210526
5 0.4698914116485686 0.19407894736842105 0.033070088845014806 0.13289473684210526
5 0.5054294175715696 0.19736842105263158 0.033070088845014806 0.13289473684210526
5 0.5414610069101679 0.19078947368421054 0.033070088845014806 0.13289473684210526
5 0.32477788746298125 0.19078947368421054 0.033070088845014806 0.13289473684210526
5 0.29022704837117475 0.18881578947368421 0.033070088845014806 0.13289473684210526
5 0.2561697926949654 0.18486842105263157 0.033070088845014806 0.13289473684210526
5 0.47581441263573543 0.3473684210526316 0.033070088845014806 0.13289473684210526
5 0.4096742349457058 0.3493421052631579 0.033070088845014806 0.13289473684210526
5 0.37166831194471867 0.3493421052631579 0.033070088845014806 0.13289473684210526
5 0.3366238894373149 0.35 0.033070088845014806 0.13289473684210526
5 0.3010858835143139 0.3460526315789474 0.033070088845014806 0.13289473684210526
5 0.5394866732477789 0.3414473684210526 0.033070088845014806 0.13289473684210526
5 0.4432379072063179 0.34671052631578947 0.033070088845014806 0.13289473684210526
5 0.5054294175715696 0.3519736842105263 0.033070088845014806 0.13289473684210526
18 0.7537018756169793 0.19210526315789472 0.038005923000987166 0.14342105263157895
18 0.7877591312931885 0.19342105263157894 0.038005923000987166 0.14342105263157895
18 0.8232971372161896 0.19539473684210526 0.038005923000987166 0.14342105263157895
18 0.8583415597235933 0.2013157894736842 0.038005923000987166 0.14342105263157895
18 0.8529121421520237 0.3460526315789474 0.038005923000987166 0.14342105263157895
18 0.8198420533070089 0.3473684210526316 0.038005923000987166 0.14342105263157895
18 0.7843040473840079 0.3414473684210526 0.038005923000987166 0.14342105263157895