5 0.3667324777887463 0.18026315789473685 0.033070088845014806 0.13289473684210526
5 0.403751233958539 0.18618421052631579 0.033070088845014806 0.13289473684210526
5 0.4383020730503455 0.1875 0.033070088845014806 0.13289473684210526
5 0.47334649555774927 0.18881578947368421 0.033070088845014806 0.13289473684210526
5 0.5088845014807503 0.19210526315789472 0.033070088845014806 0.13289473684210526
5 0.5449160908193484 0.18552631578947368 0.033070088845014806 0.13289473684210526
5 0.3282329713721619 0.18552631578947368 0.033070088845014806 0.13289473684210526
5 0.2936821322803554 0.18355263157894736 0.033070088845014806 0.13289473684210526
5 0.2596248766041461 0.17960526315789474 0.033070088845014806 0.13289473684210526
5 0.4792694965449161 0.34210526315789475 0.033070088845014806 0.13289473684210526
5 0.41312931885488646 0.34407894736842104 0.033070088845014806 0.13289473684210526
5 0.3751233958538993 0.34407894736842104 0.033070088845014806 0.13289473684210526
5 0.34007897334649556 0.3447368421052632 0.033070088845014806 0.13289473684210526
5 0.30454096742349457 0.34078947368421053 0.033070088845014806 0.13289473684210526
5 0.5429417571569596 0.3361842105263158 0.033070088845014806 0.13289473684210526
5 0.44669299111549854 0.3414473684210526 0.033070088845014806 0.13289473684210526
5 0.5088845014807503 0.34671052631578947 0.033070088845014806 0.13289473684210526
18 0.7571569595261599 0.1868421052631579 0.038005923000987166 0.14342105263157895
18 0.7912142152023692 0.1881578947368421 0.038005923000987166 0.14342105263157895
18 0.8267522211253702 0.19013157894736843 0.038005923000987166 0.14342105263157895
18 0.861796643632774 0.19605263157894737 0.038005923000987166 0.14342105263157895
18 0.8563672260612043 0.34078947368421053 0.038005923000987166 0.14342105263157895
18 0.8232971372161896 0.34210526315789475 0.038005923000987166 0.14342105263157895
18 0.7877591312931885 0.3361842105263158 0.038005923000987166 0.14342105263157895