5 0.36764705882352944 0.2560120240480962 0.040106951871657755 0.09168336673346693
5 0.4124331550802139 0.25701402805611223 0.040106951871657755 0.09168336673346693
5 0.4632352941176471 0.26002004008016033 0.0374331550802139 0.08667334669338678
5 0.5106951871657754 0.2620240480961924 0.04344919786096257 0.09268537074148296
5 0.5955882352941176 0.26102204408817636 0.03877005347593583 0.08016032064128256
5 0.6443850267379679 0.26603206412825653 0.0427807486631016 0.08867735470941884
5 0.6851604278074866 0.2665330661322645 0.030080213903743314 0.09268537074148296
5 0.7760695187165776 0.2635270541082164 0.03877005347593583 0.08767535070140281
5 0.8175133689839572 0.2680360721442886 0.040106951871657755 0.08967935871743488
5 0.9057486631016043 0.26703406813627256 0.034759358288770054 0.09619238476953908
5 0.17981283422459893 0.2565130260521042 0.04879679144385027 0.10170340681362726
5 0.12767379679144386 0.2535070140280561 0.046122994652406414 0.09919839679358718
5 0.07887700534759358 0.25501002004008017 0.046122994652406414 0.10521042084168336
5 0.03208556149732621 0.24749498997995992 0.046122994652406414 0.09018036072144289