5 0.6628989361702128 0.2612163509471585 0.03723404255319149 0.13010967098703888
5 0.42486702127659576 0.26321036889332006 0.03723404255319149 0.13010967098703888
5 0.4900265957446808 0.2577268195413759 0.03723404255319149 0.13010967098703888
5 0.5478723404255319 0.2647058823529412 0.03723404255319149 0.13010967098703888
5 0.6043882978723404 0.26321036889332006 0.03723404255319149 0.13010967098703888
5 0.17087765957446807 0.2691924227318046 0.03324468085106383 0.11415752741774676
5 0.2746010638297872 0.26819541375872386 0.04188829787234043 0.11016949152542373
5 0.2214095744680851 0.27018943170488535 0.04454787234042553 0.11166500498504486
5 0.32845744680851063 0.26021934197407776 0.03922872340425532 0.12612163509471586
5 0.38430851063829785 0.26021934197407776 0.03723404255319149 0.13010967098703888
5 0.18018617021276595 0.4037886340977069 0.03125 0.10867397806580259
5 0.22606382978723405 0.40628115653040875 0.03125 0.10867397806580259
5 0.2712765957446808 0.4077766699900299 0.03125 0.10867397806580259
5 0.31183510638297873 0.4147557328015952 0.03125 0.10867397806580259
5 0.35106382978723405 0.4152542372881356 0.03125 0.10867397806580259