15 0.2598314606741573 0.3303477344573235 0.047050561797752806 0.0874604847207587
15 0.3061797752808989 0.3329820864067439 0.0449438202247191 0.09430979978925184
15 0.35042134831460675 0.3329820864067439 0.06320224719101124 0.09220231822971549
15 0.4044943820224719 0.333508956796628 0.04985955056179775 0.10010537407797682
15 0.44592696629213485 0.33719704952581664 0.051264044943820225 0.09220231822971549
15 0.4943820224719101 0.3340358271865121 0.04353932584269663 0.08535300316122234
15 0.5344101123595506 0.3303477344573235 0.03581460674157303 0.09905163329820864
15 0.2991573033707865 0.4499473129610116 0.05898876404494382 0.08640674394099052
15 0.34691011235955055 0.45152792413066384 0.03651685393258427 0.08640674394099052
15 0.386938202247191 0.44257112750263433 0.03300561797752809 0.07270811380400422
15 0.4262640449438202 0.45100105374077976 0.03300561797752809 0.07692307692307693
15 0.4726123595505618 0.44625922023182296 0.04073033707865169 0.07270811380400422
15 0.5259831460674157 0.44362486828240255 0.028792134831460675 0.0737618545837724
15 0.5077247191011236 0.5558482613277134 0.037921348314606744 0.07586933614330875
15 0.4648876404494382 0.5579557428872497 0.04073033707865169 0.08166491043203372
15 0.4262640449438202 0.565858798735511 0.03932584269662921 0.08851422550052687
15 0.375 0.5648050579557429 0.037921348314606744 0.09114857744994731
15 0.3419943820224719 0.5605900948366702 0.047050561797752806 0.08851422550052687