15 0.2701822916666667 0.31640625 0.043619791666666664 0.0810546875
15 0.3131510416666667 0.31884765625 0.041666666666666664 0.08740234375
15 0.3541666666666667 0.31884765625 0.05859375 0.08544921875
15 0.404296875 0.3193359375 0.046223958333333336 0.0927734375
15 0.4427083333333333 0.32275390625 0.047526041666666664 0.08544921875
15 0.4876302083333333 0.31982421875 0.040364583333333336 0.0791015625
15 0.5247395833333334 0.31640625 0.033203125 0.091796875
15 0.306640625 0.42724609375 0.0546875 0.080078125
15 0.3509114583333333 0.4287109375 0.033854166666666664 0.080078125
15 0.3880208333333333 0.42041015625 0.030598958333333332 0.0673828125
15 0.4244791666666667 0.42822265625 0.030598958333333332 0.0712890625
15 0.4674479166666667 0.423828125 0.037760416666666664 0.0673828125
15 0.5169270833333334 0.42138671875 0.026692708333333332 0.068359375
15 0.5 0.525390625 0.03515625 0.0703125
15 0.4602864583333333 0.52734375 0.037760416666666664 0.07568359375
15 0.4244791666666667 0.53466796875 0.036458333333333336 0.08203125
15 0.376953125 0.53369140625 0.03515625 0.08447265625
15 0.3463541666666667 0.52978515625 0.043619791666666664 0.08203125