7 0.6486486486486487 0.30863539445628996 0.05263157894736842 0.1439232409381663
7 0.7076813655761024 0.31289978678038377 0.05334281650071124 0.1396588486140725
7 0.7596017069701281 0.31289978678038377 0.03911806543385491 0.1439232409381663
7 0.8207681365576103 0.31449893390191896 0.0476529160739687 0.1615138592750533
7 0.8769559032716927 0.31396588486140725 0.051920341394025606 0.1711087420042644
7 0.94950213371266 0.31823027718550106 0.05689900426742532 0.1657782515991471
18 0.628022759601707 0.11567164179104478 0.05689900426742532 0.13912579957356078
18 0.6842105263157895 0.11247334754797442 0.05832147937411095 0.13486140724946696
18 0.7375533428165008 0.11353944562899787 0.05832147937411095 0.13912579957356078
18 0.8015647226173542 0.10181236673773987 0.06401137980085349 0.15778251599147122
18 0.8691322901849218 0.09221748400852879 0.07041251778093884 0.17270788912579957
18 0.9388335704125178 0.08315565031982942 0.08108108108108109 0.16471215351812366