7 0.6497395833333334 0.35693359375 0.048177083333333336 0.1318359375
7 0.7037760416666666 0.36083984375 0.048828125 0.1279296875
7 0.7513020833333334 0.36083984375 0.035807291666666664 0.1318359375
7 0.8072916666666666 0.3623046875 0.043619791666666664 0.14794921875
7 0.8587239583333334 0.36181640625 0.047526041666666664 0.15673828125
7 0.9251302083333334 0.36572265625 0.052083333333333336 0.15185546875
7 0.9869791666666666 0.36669921875 0.026041666666666668 0.15625
18 0.630859375 0.18017578125 0.052083333333333336 0.12744140625
18 0.6822916666666666 0.17724609375 0.053385416666666664 0.12353515625
18 0.7311197916666666 0.17822265625 0.053385416666666664 0.12744140625
18 0.7897135416666666 0.16748046875 0.05859375 0.14453125
18 0.8515625 0.15869140625 0.064453125 0.158203125
18 0.9153645833333334 0.150390625 0.07421875 0.15087890625