7 0.6423611111111112 0.328125 0.05138888888888889 0.140625
7 0.7 0.33229166666666665 0.052083333333333336 0.13645833333333332
7 0.7506944444444444 0.33229166666666665 0.03819444444444445 0.140625
7 0.8104166666666667 0.3338541666666667 0.04652777777777778 0.1578125
7 0.8652777777777778 0.3333333333333333 0.050694444444444445 0.1671875
7 0.9361111111111111 0.3375 0.05555555555555555 0.16197916666666667
7 0.9940972222222222 0.3385416666666667 0.011805555555555555 0.16666666666666666
18 0.6222222222222222 0.13958333333333334 0.05555555555555555 0.1359375
18 0.6770833333333334 0.13645833333333332 0.05694444444444444 0.13177083333333334
18 0.7291666666666666 0.1375 0.05694444444444444 0.1359375
18 0.7916666666666666 0.12604166666666666 0.0625 0.15416666666666667
18 0.8576388888888888 0.11666666666666667 0.06875 0.16875
18 0.9256944444444445 0.1078125 0.07916666666666666 0.1609375