6 0.5930536912751677 0.5687919463087249 0.26115771812080535 0.6739429530201344
6 0.8509899328859062 0.5715939597315437 0.2680872483221476 0.6683389261744968
6 0.14498322147651005 0.38422818791946306 0.09489932885906041 0.16219798657718115
6 0.24145973154362416 0.3975167785234899 0.0976677852348993 0.16359060402684564
6 0.3358221476510067 0.4065939597315437 0.09625838926174497 0.16778523489932887
6 0.4232046979865772 0.421275167785235 0.0864429530201342 0.1552013422818792
6 0.04852348993288591 0.35976510067114087 0.09491610738255032 0.1552013422818792
6 0.047130872483221474 0.5569127516778524 0.0893288590604027 0.16359060402684564
6 0.14219798657718122 0.572986577181208 0.08931208053691274 0.16219798657718115
6 0.23795302013422817 0.5953523489932886 0.09347315436241607 0.16778523489932887
6 0.3372147651006711 0.6114429530201343 0.09904362416107387 0.16917785234899335
6 0.42598993288590603 0.6240268456375839 0.07805369127516776 0.16639261744966435