6 0.5941 0.5666666666666667 0.25941666666666663 0.6694500000000001
6 0.8503166666666667 0.56945 0.26630000000000004 0.6638833333333334
6 0.14901666666666666 0.38333333333333336 0.09426666666666667 0.16111666666666666
6 0.24484999999999998 0.39653333333333324 0.09701666666666665 0.16249999999999995
6 0.33858333333333335 0.4055500000000001 0.09561666666666667 0.1666666666666667
6 0.4253833333333334 0.4201333333333334 0.08586666666666669 0.1541666666666667
6 0.053200000000000004 0.35903333333333326 0.09428333333333332 0.15416666666666662
6 0.051816666666666664 0.5548666666666667 0.08873333333333333 0.1625
6 0.14625 0.5708333333333333 0.08871666666666665 0.1611166666666666
6 0.24136666666666665 0.59305 0.09284999999999999 0.16666666666666666
6 0.33996666666666664 0.6090333333333333 0.09838333333333338 0.16805000000000006
6 0.42815 0.6215333333333334 0.0775333333333333 0.16528333333333325