18 0.196524064171123 0.23897795591182364 0.05013368983957219 0.11272545090180361
18 0.1410427807486631 0.23597194388777556 0.05748663101604278 0.10821643286573146
5 0.6296791443850267 0.24298597194388777 0.046122994652406414 0.10170340681362726
5 0.6778074866310161 0.24148296593186372 0.04144385026737968 0.09418837675350701
5 0.7219251336898396 0.24549098196392785 0.046122994652406414 0.10370741482965933
5 0.7967914438502673 0.25200400801603207 0.04144385026737968 0.09519038076152304
5 0.8415775401069518 0.25100200400801603 0.024732620320855617 0.09919839679358718
5 0.8823529411764706 0.24799599198396793 0.026737967914438502 0.10270541082164329
5 0.9244652406417112 0.250501002004008 0.03409090909090909 0.09418837675350701
18 0.02874331550802139 0.23346693386773548 0.047459893048128345 0.10821643286573146
18 0.08422459893048129 0.23897795591182364 0.040106951871657755 0.09919839679358718
7 0.26737967914438504 0.4964929859719439 0.04144385026737968 0.10070140280561123
7 0.31885026737967914 0.4964929859719439 0.046122994652406414 0.10270541082164329
7 0.17179144385026737 0.4954909819639279 0.05949197860962567 0.10270541082164329
7 0.22593582887700533 0.48897795591182364 0.034759358288770054 0.09619238476953908
18 0.7546791443850267 0.4904809619238477 0.032754010695187165 0.08617234468937876
18 0.7921122994652406 0.4894789579158317 0.032754010695187165 0.08817635270541083
18 0.8255347593582888 0.48997995991983967 0.027406417112299464 0.08967935871743488
18 0.8542780748663101 0.4849699398797595 0.024732620320855617 0.08667334669338678
5 0.964572192513369 0.25551102204408815 0.04478609625668449 0.08967935871743488
5 0.9231283422459893 0.3692384769539078 0.04879679144385027 0.0906813627254509
5 0.9739304812834224 0.37024048096192386 0.0427807486631016 0.08867735470941884
5 0.8308823529411765 0.36422845691382766 0.0374331550802139 0.09619238476953908