18 0.18705547652916074 0.2547974413646055 0.05334281650071124 0.11993603411513859
18 0.12802275960170698 0.2515991471215352 0.06116642958748222 0.11513859275053305
5 0.6479374110953058 0.25906183368869934 0.04907539118065434 0.10820895522388059
5 0.6991465149359887 0.2574626865671642 0.044096728307254626 0.10021321961620469
5 0.7460881934566145 0.261727078891258 0.04907539118065434 0.11034115138592751
5 0.8257467994310099 0.26865671641791045 0.044096728307254626 0.10127931769722814
5 0.8733997155049786 0.267590618336887 0.02631578947368421 0.10554371002132196
5 0.9167852062588905 0.26439232409381663 0.02844950213371266 0.10927505330490406
5 0.9615931721194879 0.26705756929637525 0.03627311522048364 0.10021321961620469
18 0.016714082503556188 0.24893390191897655 0.033428165007112376 0.11513859275053305
18 0.06756756756756757 0.2547974413646055 0.04267425320056899 0.10554371002132196
7 0.2624466571834993 0.5287846481876333 0.044096728307254626 0.10714285714285714
7 0.31721194879089615 0.5287846481876333 0.04907539118065434 0.10927505330490406
7 0.16073968705547653 0.5277185501066098 0.06330014224751067 0.10927505330490406
7 0.21834992887624466 0.5207889125799574 0.03698435277382646 0.1023454157782516
18 0.7809388335704125 0.5223880597014925 0.03485064011379801 0.09168443496801706
18 0.8207681365576103 0.5213219616204691 0.03485064011379801 0.09381663113006397
18 0.8563300142247511 0.5218550106609808 0.029160739687055477 0.09541577825159915
18 0.8869132290184921 0.5165245202558635 0.02631578947368421 0.09221748400852879
5 0.9900426742532006 0.27212153518123666 0.01991465149359886 0.09541577825159915
5 0.9601706970128022 0.39339019189765456 0.051920341394025606 0.0964818763326226
5 0.8620199146514936 0.3880597014925373 0.03982930298719772 0.1023454157782516