18 0.20833333333333334 0.2431640625 0.048828125 0.10986328125
18 0.154296875 0.240234375 0.055989583333333336 0.10546875
5 0.6302083333333334 0.2470703125 0.044921875 0.09912109375
5 0.6770833333333334 0.24560546875 0.040364583333333336 0.091796875
5 0.7200520833333334 0.24951171875 0.044921875 0.10107421875
5 0.79296875 0.255859375 0.040364583333333336 0.0927734375
5 0.8365885416666666 0.2548828125 0.024088541666666668 0.0966796875
5 0.8763020833333334 0.251953125 0.026041666666666668 0.10009765625
5 0.9173177083333334 0.25439453125 0.033203125 0.091796875
18 0.044921875 0.23779296875 0.046223958333333336 0.10546875
18 0.09895833333333333 0.2431640625 0.0390625 0.0966796875
7 0.27734375 0.494140625 0.040364583333333336 0.09814453125
7 0.3274739583333333 0.494140625 0.044921875 0.10009765625
7 0.18424479166666666 0.4931640625 0.057942708333333336 0.10009765625
7 0.23697916666666666 0.48681640625 0.033854166666666664 0.09375
18 0.751953125 0.48828125 0.031901041666666664 0.083984375
18 0.7884114583333334 0.4873046875 0.031901041666666664 0.0859375
18 0.8209635416666666 0.48779296875 0.026692708333333332 0.08740234375
18 0.8489583333333334 0.48291015625 0.024088541666666668 0.08447265625
5 0.9563802083333334 0.25927734375 0.043619791666666664 0.08740234375
5 0.916015625 0.3701171875 0.047526041666666664 0.08837890625
5 0.9654947916666666 0.37109375 0.041666666666666664 0.08642578125
5 0.826171875 0.365234375 0.036458333333333336 0.09375