5 0.6334635416666666 0.40673828125 0.037760416666666664 0.08447265625
5 0.6041666666666666 0.40966796875 0.031901041666666664 0.08544921875
5 0.5755208333333334 0.39453125 0.027994791666666668 0.09033203125
5 0.5520833333333334 0.39404296875 0.020833333333333332 0.078125
5 0.5013020833333334 0.38330078125 0.0234375 0.06884765625
5 0.63671875 0.30224609375 0.026692708333333332 0.10546875
5 0.611328125 0.29541015625 0.040364583333333336 0.08935546875
5 0.572265625 0.28466796875 0.042317708333333336 0.10107421875
5 0.5221354166666666 0.28369140625 0.033854166666666664 0.08935546875
5 0.5833333333333334 0.162109375 0.030598958333333332 0.1025390625
5 0.4791666666666667 0.173828125 0.027994791666666668 0.08740234375
18 0.4557291666666667 0.37353515625 0.024739583333333332 0.07470703125
18 0.3522135416666667 0.35693359375 0.013671875 0.0556640625