5 0.6445530726256983 0.3717277486910995 0.040502793296089384 0.0905759162303665
5 0.6131284916201117 0.374869109947644 0.034217877094972066 0.09162303664921466
5 0.5824022346368715 0.3586387434554974 0.030027932960893854 0.0968586387434555
5 0.5572625698324022 0.3581151832460733 0.0223463687150838 0.08376963350785341
5 0.5027932960893855 0.34659685863874345 0.025139664804469275 0.07382198952879582
5 0.6480446927374302 0.25968586387434556 0.02863128491620112 0.1130890052356021
5 0.6208100558659218 0.2523560209424084 0.04329608938547486 0.09581151832460733
5 0.5789106145251397 0.24083769633507854 0.04539106145251397 0.10837696335078534
5 0.5251396648044693 0.23979057591623038 0.036312849162011177 0.09581151832460733
5 0.590782122905028 0.1094240837696335 0.03282122905027933 0.1099476439790576
5 0.4790502793296089 0.12198952879581151 0.030027932960893854 0.093717277486911
18 0.45391061452513964 0.33612565445026177 0.02653631284916201 0.08010471204188482
18 0.34287709497206703 0.3183246073298429 0.014664804469273743 0.05968586387434555