5 0.6513513513513514 0.3971631205673759 0.03918918918918919 0.08763931104356636
5 0.620945945945946 0.4002026342451874 0.03310810810810811 0.08865248226950355
5 0.5912162162162162 0.3844984802431611 0.029054054054054056 0.09371833839918946
5 0.5668918918918919 0.3839918946301925 0.021621621621621623 0.08105369807497467
5 0.5141891891891892 0.3728470111448835 0.024324324324324326 0.07142857142857142
5 0.6547297297297298 0.2887537993920973 0.027702702702702704 0.1094224924012158
5 0.6283783783783784 0.281661600810537 0.041891891891891894 0.09270516717325228
5 0.5878378378378378 0.270516717325228 0.04391891891891892 0.10486322188449848
5 0.5358108108108108 0.2695035460992908 0.03513513513513514 0.09270516717325228
5 0.5993243243243244 0.14336372847011145 0.03175675675675676 0.10638297872340426
5 0.4912162162162162 0.15552178318135765 0.029054054054054056 0.09067882472137791
18 0.4668918918918919 0.36271529888551163 0.025675675675675677 0.07750759878419453
18 0.35945945945945945 0.3454913880445795 0.01418918918918919 0.057750759878419454