5 0.020491803278688523 0.18903688524590165 0.040983606557377046 0.13831967213114754
5 0.08948087431693989 0.1987704918032787 0.0662568306010929 0.13524590163934427
5 0.15710382513661203 0.2028688524590164 0.07377049180327869 0.13934426229508196
18 0.4931693989071038 0.21157786885245902 0.04849726775956284 0.13063524590163936
18 0.546448087431694 0.21362704918032788 0.0546448087431694 0.13165983606557377
7 0.605191256830601 0.21106557377049182 0.04234972677595628 0.13165983606557377
7 0.6536885245901639 0.21157786885245902 0.03961748633879782 0.1260245901639344
5 0.8408469945355191 0.21670081967213115 0.05874316939890711 0.13165983606557377
5 0.8920765027322405 0.22028688524590165 0.05737704918032787 0.1290983606557377
5 0.9385245901639344 0.21670081967213115 0.0471311475409836 0.12038934426229508
5 0.980191256830601 0.22054303278688525 0.03961748633879782 0.1173155737704918