5 0.033854166666666664 0.20556640625 0.053385416666666664 0.1318359375
5 0.10677083333333333 0.21484375 0.06315104166666667 0.12890625
5 0.17122395833333334 0.21875 0.0703125 0.1328125
18 0.4915364583333333 0.22705078125 0.046223958333333336 0.12451171875
18 0.5423177083333334 0.22900390625 0.052083333333333336 0.12548828125
7 0.5983072916666666 0.2265625 0.040364583333333336 0.12548828125
7 0.64453125 0.22705078125 0.037760416666666664 0.1201171875
5 0.8229166666666666 0.23193359375 0.055989583333333336 0.12548828125
5 0.8717447916666666 0.2353515625 0.0546875 0.123046875
5 0.916015625 0.23193359375 0.044921875 0.11474609375
5 0.9596354166666666 0.23583984375 0.044921875 0.11181640625