5 0.5839260312944523 0.15618336886993603 0.060455192034139404 0.11833688699360341
5 0.5149359886201992 0.15245202558635396 0.06116642958748222 0.12260127931769722
5 0.441678520625889 0.15565031982942432 0.05476529160739687 0.12366737739872068
5 0.6650071123755334 0.15511727078891258 0.06401137980085349 0.13432835820895522
5 0.7496443812233285 0.15085287846481876 0.05832147937411095 0.13539445628997868
5 0.8150782361308677 0.14925373134328357 0.051209103840682786 0.13646055437100213
5 0.8819345661450925 0.1455223880597015 0.05405405405405406 0.13432835820895522
5 0.8783783783783784 0.3187633262260128 0.041963015647226175 0.12473347547974413
5 0.802275960170697 0.31609808102345416 0.057610241820768134 0.1279317697228145
5 0.7155049786628734 0.3150319829424307 0.06543385490753911 0.13859275053304904
5 0.6557610241820768 0.3150319829424307 0.049786628733997154 0.13859275053304904
5 0.5170697012802276 0.3224946695095949 0.07467994310099574 0.14125799573560768
5 0.44950213371266 0.3294243070362473 0.06685633001422475 0.14125799573560768
5 0.38762446657183497 0.3283582089552239 0.06827880512091039 0.12473347547974413