5 0.5813802083333334 0.17138671875 0.055338541666666664 0.1083984375
5 0.5182291666666666 0.16796875 0.055989583333333336 0.1123046875
5 0.451171875 0.1708984375 0.050130208333333336 0.11328125
5 0.6555989583333334 0.17041015625 0.05859375 0.123046875
5 0.7330729166666666 0.16650390625 0.053385416666666664 0.1240234375
5 0.79296875 0.1650390625 0.046875 0.125
5 0.8541666666666666 0.16162109375 0.049479166666666664 0.123046875
5 0.8509114583333334 0.3203125 0.038411458333333336 0.1142578125
5 0.78125 0.31787109375 0.052734375 0.1171875
5 0.7018229166666666 0.31689453125 0.059895833333333336 0.126953125
5 0.6471354166666666 0.31689453125 0.045572916666666664 0.126953125
5 0.5201822916666666 0.32373046875 0.068359375 0.12939453125
5 0.4583333333333333 0.330078125 0.061197916666666664 0.12939453125
5 0.4016927083333333 0.3291015625 0.0625 0.1142578125