5 0.619533527696793 0.1355191256830601 0.0619533527696793 0.12131147540983607
5 0.5488338192419825 0.13169398907103824 0.06268221574344024 0.12568306010928962
5 0.4737609329446064 0.13497267759562842 0.05612244897959184 0.126775956284153
5 0.7026239067055393 0.13442622950819672 0.06559766763848396 0.1377049180327869
5 0.7893586005830904 0.13005464480874318 0.0597667638483965 0.13879781420765028
5 0.8564139941690962 0.1284153005464481 0.052478134110787174 0.13989071038251366
5 0.9249271137026239 0.12459016393442623 0.05539358600583091 0.1377049180327869
5 0.9212827988338192 0.30218579234972676 0.043002915451895045 0.12786885245901639
5 0.8432944606413995 0.2994535519125683 0.05903790087463557 0.13114754098360656
5 0.7543731778425656 0.2983606557377049 0.06705539358600583 0.14207650273224043
5 0.6931486880466472 0.2983606557377049 0.05102040816326531 0.14207650273224043
5 0.5510204081632653 0.30601092896174864 0.07653061224489796 0.1448087431693989
5 0.48177842565597667 0.31311475409836065 0.06851311953352769 0.1448087431693989
5 0.41836734693877553 0.3120218579234973 0.06997084548104957 0.12786885245901639