5 0.925414364640884 0.16045548654244307 0.0835635359116022 0.17908902691511386
5 0.8335635359116023 0.16304347826086957 0.07596685082872928 0.17132505175983437
5 0.7582872928176796 0.16666666666666666 0.06837016574585636 0.18012422360248448
5 0.6857734806629834 0.17184265010351968 0.058011049723756904 0.16614906832298137
5 0.5959944751381215 0.18271221532091098 0.0787292817679558 0.16770186335403728
5 0.5359116022099447 0.18685300207039338 0.08839779005524862 0.18012422360248448
5 0.46892265193370164 0.18840579710144928 0.06077348066298342 0.17028985507246377
5 0.40124309392265195 0.1997929606625259 0.05939226519337017 0.14906832298136646
5 0.3383977900552486 0.2013457556935818 0.062154696132596686 0.14648033126293997
5 0.26312154696132595 0.2096273291925466 0.0835635359116022 0.12318840579710146
5 0.17610497237569062 0.20082815734989648 0.08839779005524862 0.13819875776397517
5 0.10842541436464088 0.1972049689440994 0.04143646408839779 0.15631469979296067
5 0.054558011049723756 0.20238095238095238 0.05939226519337017 0.14182194616977226
7 0.10911602209944751 0.37836438923395443 0.04903314917127072 0.13198757763975155
7 0.1781767955801105 0.37629399585921325 0.03660220994475138 0.12060041407867494
7 0.06146408839779006 0.37163561076604557 0.04765193370165746 0.13509316770186336
18 0.30939226519337015 0.3804347826086957 0.04281767955801105 0.13302277432712215
18 0.268646408839779 0.38198757763975155 0.03660220994475138 0.13146997929606624
18 0.24033149171270718 0.38354037267080743 0.03383977900552486 0.13095238095238096