5 0.9243055555555556 0.11822916666666666 0.08402777777777778 0.18020833333333333
5 0.8319444444444445 0.12083333333333333 0.0763888888888889 0.17239583333333333
5 0.75625 0.12447916666666667 0.06875 0.18125
5 0.6833333333333333 0.1296875 0.058333333333333334 0.1671875
5 0.5930555555555556 0.140625 0.07916666666666666 0.16875
5 0.5326388888888889 0.14479166666666668 0.08888888888888889 0.18125
5 0.4652777777777778 0.14635416666666667 0.06111111111111111 0.17135416666666667
5 0.3972222222222222 0.1578125 0.059722222222222225 0.15
5 0.33402777777777776 0.159375 0.0625 0.14739583333333334
5 0.25833333333333336 0.16770833333333332 0.08402777777777778 0.12395833333333334
5 0.17083333333333334 0.15885416666666666 0.08888888888888889 0.1390625
5 0.10277777777777777 0.15520833333333334 0.041666666666666664 0.15729166666666666
5 0.04861111111111111 0.16041666666666668 0.059722222222222225 0.14270833333333333
7 0.10347222222222222 0.3375 0.049305555555555554 0.1328125
7 0.17291666666666666 0.33541666666666664 0.03680555555555556 0.12135416666666667
7 0.05555555555555555 0.3307291666666667 0.04791666666666667 0.1359375
18 0.30486111111111114 0.33958333333333335 0.043055555555555555 0.13385416666666666
18 0.2638888888888889 0.3411458333333333 0.03680555555555556 0.13229166666666667
18 0.23541666666666666 0.34270833333333334 0.034027777777777775 0.13177083333333334