15 0.8015873015873016 0.12549603174603174 0.04431216931216931 0.12103174603174603
15 0.7671957671957672 0.1259920634920635 0.03835978835978836 0.12003968253968254
15 0.7328042328042328 0.11507936507936507 0.0496031746031746 0.11259920634920635
15 0.6871693121693122 0.10863095238095238 0.061507936507936505 0.125
15 0.6362433862433863 0.09821428571428571 0.04563492063492063 0.12400793650793651
15 0.5912698412698413 0.09226190476190477 0.052248677248677246 0.14285714285714285
15 0.5456349206349206 0.08134920634920635 0.05555555555555555 0.1359126984126984
15 0.36243386243386244 0.06125992063492063 0.06084656084656084 0.12251984126984126
15 0.2814153439153439 0.052083333333333336 0.07076719576719577 0.10416666666666667
15 0.2665343915343915 0.24057539682539683 0.08664021164021164 0.16815476190476192
15 0.3425925925925926 0.24305555555555555 0.06878306878306878 0.1626984126984127
15 0.5701058201058201 0.2564484126984127 0.06084656084656084 0.13392857142857142
15 0.6283068783068783 0.26240079365079366 0.041005291005291 0.13293650793650794
15 0.6765873015873016 0.2673611111111111 0.031084656084656083 0.11904761904761904
15 0.7255291005291006 0.2708333333333333 0.03835978835978836 0.11458333333333333
15 0.7559523809523809 0.27331349206349204 0.027116402116402115 0.11607142857142858
15 0.7876984126984127 0.2748015873015873 0.03968253968253968 0.10615079365079365