15 0.33125 0.3703125 0.06041666666666667 0.15989583333333332
15 0.28680555555555554 0.13802083333333334 0.08819444444444445 0.1765625
15 0.38263888888888886 0.1421875 0.08819444444444445 0.1765625
15 0.46111111111111114 0.13958333333333334 0.08819444444444445 0.1765625
15 0.5548611111111111 0.13333333333333333 0.08819444444444445 0.1765625
15 0.6416666666666667 0.1390625 0.08819444444444445 0.1765625
15 0.7368055555555556 0.12760416666666666 0.08819444444444445 0.1765625
15 0.8354166666666667 0.12916666666666668 0.08819444444444445 0.1765625
15 0.8347222222222223 0.128125 0.08819444444444445 0.1765625
15 0.39861111111111114 0.3640625 0.06041666666666667 0.15989583333333332
15 0.47430555555555554 0.3671875 0.06041666666666667 0.15989583333333332
15 0.54375 0.36822916666666666 0.06041666666666667 0.15989583333333332
15 0.6166666666666667 0.37083333333333335 0.06041666666666667 0.15989583333333332
15 0.9861111111111112 0.35911458333333335 0.027777777777777776 0.15989583333333332
15 0.6854166666666667 0.36666666666666664 0.06041666666666667 0.15989583333333332
15 0.4236111111111111 0.5588541666666667 0.06041666666666667 0.15989583333333332
15 0.36736111111111114 0.5526041666666667 0.06041666666666667 0.15989583333333332
15 0.3138888888888889 0.5479166666666667 0.06041666666666667 0.15989583333333332