15 0.34766763848396504 0.3224043715846995 0.06341107871720117 0.16775956284153004
15 0.30065597667638483 0.08551912568306011 0.09256559766763849 0.17103825136612022
15 0.4012390670553936 0.08770491803278689 0.09256559766763849 0.17540983606557378
15 0.483600583090379 0.08633879781420765 0.09256559766763849 0.1726775956284153
15 0.581997084548105 0.08306010928961749 0.09256559766763849 0.16612021857923498
15 0.6731049562682215 0.0860655737704918 0.09256559766763849 0.1721311475409836
15 0.7729591836734694 0.08005464480874316 0.09256559766763849 0.16010928961748633
15 0.8764577259475219 0.08087431693989071 0.09256559766763849 0.16174863387978142
15 0.875728862973761 0.08032786885245902 0.09256559766763849 0.16065573770491803
15 0.41836734693877553 0.3158469945355191 0.06341107871720117 0.16775956284153004
15 0.4978134110787172 0.3191256830601093 0.06341107871720117 0.16775956284153004
15 0.5706997084548106 0.32021857923497266 0.06341107871720117 0.16775956284153004
15 0.6472303206997084 0.32295081967213113 0.06341107871720117 0.16775956284153004
15 0.7193877551020408 0.3185792349726776 0.06341107871720117 0.16775956284153004
15 0.4446064139941691 0.5202185792349727 0.06341107871720117 0.16775956284153004
15 0.38556851311953355 0.5136612021857924 0.06341107871720117 0.16775956284153004
15 0.3294460641399417 0.5087431693989071 0.06341107871720117 0.16775956284153004