15 0.341796875 0.3486328125 0.056640625 0.14990234375
15 0.3001302083333333 0.130859375 0.08268229166666667 0.16552734375
15 0.3899739583333333 0.134765625 0.08268229166666667 0.16552734375
15 0.4635416666666667 0.13232421875 0.08268229166666667 0.16552734375
15 0.5514322916666666 0.12646484375 0.08268229166666667 0.16552734375
15 0.6328125 0.1318359375 0.08268229166666667 0.16552734375
15 0.7220052083333334 0.12109375 0.08268229166666667 0.16552734375
15 0.814453125 0.12255859375 0.08268229166666667 0.16552734375
15 0.8138020833333334 0.12158203125 0.08268229166666667 0.16552734375
15 0.4049479166666667 0.3427734375 0.056640625 0.14990234375
15 0.4759114583333333 0.345703125 0.056640625 0.14990234375
15 0.541015625 0.3466796875 0.056640625 0.14990234375
15 0.609375 0.34912109375 0.056640625 0.14990234375
15 0.9713541666666666 0.33837890625 0.056640625 0.14990234375
15 0.673828125 0.34521484375 0.056640625 0.14990234375
15 0.4283854166666667 0.525390625 0.056640625 0.14990234375
15 0.3756510416666667 0.51953125 0.056640625 0.14990234375
15 0.3255208333333333 0.51513671875 0.056640625 0.14990234375