4 0.05024509803921569 0.33455882352941174 0.10049019607843138 0.2426470588235294
4 0.27818627450980393 0.34558823529411764 0.21323529411764705 0.24509803921568626
4 0.4889705882352941 0.3443627450980392 0.21323529411764705 0.2426470588235294
4 0.6997549019607843 0.3443627450980392 0.20833333333333334 0.24019607843137256
4 0.05514705882352941 0.5735294117647058 0.11029411764705882 0.24509803921568626
4 0.31985294117647056 0.5882352941176471 0.3161764705882353 0.24509803921568626
4 0.6470588235294118 0.5833333333333334 0.29901960784313725 0.23774509803921567
4 0.8799019607843137 0.5232843137254902 0.15441176470588236 0.18627450980392157
4 0.9350490196078431 0.33088235294117646 0.12990196078431374 0.19117647058823528
4 0.05514705882352941 0.8063725490196079 0.11029411764705882 0.23039215686274508
4 0.2708333333333333 0.8161764705882353 0.2107843137254902 0.2181372549019608
4 0.48651960784313725 0.8112745098039216 0.2107843137254902 0.2181372549019608
4 0.696078431372549 0.8112745098039216 0.2107843137254902 0.22303921568627452