0 0.0889423076923077 0.2608173076923077 0.14903846153846154 0.25240384615384615
0 0.3125 0.3112980769230769 0.24759615384615385 0.27403846153846156
0 0.5168269230769231 0.3449519230769231 0.24759615384615385 0.27163461538461536
0 0.7199519230769231 0.38100961538461536 0.24278846153846154 0.2668269230769231
0 0.06610576923076923 0.49158653846153844 0.13221153846153846 0.25721153846153844
0 0.3112980769230769 0.5516826923076923 0.34615384615384615 0.29086538461538464
0 0.6286057692307693 0.6033653846153846 0.3293269230769231 0.28125
0 0.8629807692307693 0.5853365384615384 0.18028846153846154 0.20673076923076922
0 0.9350961538461539 0.4074519230769231 0.12980769230769232 0.2091346153846154
0 0.04567307692307692 0.7175480769230769 0.09134615384615384 0.24278846153846154
0 0.2247596153846154 0.7644230769230769 0.2403846153846154 0.24759615384615385
0 0.4338942307692308 0.7956730769230769 0.2403846153846154 0.24759615384615385
0 0.6370192307692307 0.8317307692307693 0.2403846153846154 0.25240384615384615