0 0.052884615384615384 0.34975961538461536 0.10576923076923077 0.24278846153846154
0 0.2776442307692308 0.35336538461538464 0.21634615384615385 0.24759615384615385
0 0.484375 0.3449519230769231 0.21634615384615385 0.24519230769230768
0 0.6899038461538461 0.33774038461538464 0.21153846153846154 0.24278846153846154
0 0.06129807692307692 0.5841346153846154 0.12259615384615384 0.24519230769230768
0 0.3269230769230769 0.5901442307692307 0.3173076923076923 0.25
0 0.6466346153846154 0.5745192307692307 0.3004807692307692 0.24278846153846154
0 0.8725961538461539 0.5072115384615384 0.15865384615384615 0.1875
0 0.9254807692307693 0.3173076923076923 0.14423076923076922 0.19230769230769232
0 0.06971153846153846 0.8137019230769231 0.125 0.23076923076923078
0 0.2860576923076923 0.8149038461538461 0.21394230769230768 0.22115384615384615
0 0.49759615384615385 0.8028846153846154 0.21394230769230768 0.22115384615384615
0 0.703125 0.7956730769230769 0.21394230769230768 0.22596153846153846