4 0.04521276595744681 0.2752659574468085 0.09042553191489362 0.2632978723404255
4 0.28324468085106386 0.2872340425531915 0.23138297872340424 0.26595744680851063
4 0.511968085106383 0.2859042553191489 0.23138297872340424 0.2632978723404255
4 0.7406914893617021 0.2859042553191489 0.22606382978723405 0.26063829787234044
4 0.05053191489361702 0.5345744680851063 0.10106382978723404 0.26595744680851063
4 0.32845744680851063 0.550531914893617 0.34308510638297873 0.26595744680851063
4 0.6835106382978723 0.5452127659574468 0.324468085106383 0.2579787234042553
4 0.925531914893617 0.4787234042553192 0.14893617021276595 0.20212765957446807
4 0.9627659574468085 0.2712765957446808 0.07446808510638298 0.2074468085106383
4 0.05053191489361702 0.7872340425531915 0.10106382978723404 0.25
4 0.2752659574468085 0.7978723404255319 0.22872340425531915 0.23670212765957446
4 0.5093085106382979 0.7925531914893617 0.22872340425531915 0.23670212765957446
4 0.7367021276595744 0.7925531914893617 0.22872340425531915 0.24202127659574468