0 0.054086538461538464 0.4483173076923077 0.10817307692307693 0.25721153846153844
0 0.2512019230769231 0.40384615384615385 0.2620192307692308 0.28365384615384615
0 0.4519230769230769 0.35216346153846156 0.25961538461538464 0.28125
0 0.6526442307692307 0.3016826923076923 0.2548076923076923 0.27884615384615385
0 0.0889423076923077 0.6742788461538461 0.17307692307692307 0.2620192307692308
0 0.3485576923076923 0.6237980769230769 0.3581730769230769 0.3076923076923077
0 0.6586538461538461 0.5420673076923077 0.34134615384615385 0.2980769230769231
0 0.8665865384615384 0.42908653846153844 0.19230769230769232 0.21394230769230768
0 0.8774038461538461 0.23197115384615385 0.1778846153846154 0.21394230769230768
0 0.14423076923076922 0.8858173076923077 0.16826923076923078 0.2283653846153846
0 0.3557692307692308 0.8533653846153846 0.25240384615384615 0.25721153846153844
0 0.5600961538461539 0.796875 0.25240384615384615 0.25721153846153844
0 0.7596153846153846 0.7475961538461539 0.25240384615384615 0.2620192307692308