0 0.04567307692307692 0.22235576923076922 0.09134615384615384 0.13221153846153846
0 0.07692307692307693 0.3545673076923077 0.15384615384615385 0.19951923076923078
0 0.11658653846153846 0.515625 0.1658653846153846 0.20432692307692307
0 0.15985576923076922 0.6754807692307693 0.17067307692307693 0.19951923076923078
0 0.20673076923076922 0.8497596153846154 0.18990384615384615 0.23557692307692307
0 0.21514423076923078 0.25240384615384615 0.12740384615384615 0.1466346153846154
0 0.25 0.36658653846153844 0.21153846153846154 0.20192307692307693
0 0.29086538461538464 0.49399038461538464 0.21153846153846154 0.19951923076923078
0 0.3317307692307692 0.6382211538461539 0.25 0.24278846153846154
0 0.38221153846153844 0.8040865384615384 0.24519230769230768 0.23557692307692307
0 0.5228365384615384 0.18509615384615385 0.1201923076923077 0.11538461538461539
0 0.5625 0.2920673076923077 0.2091346153846154 0.18028846153846154
0 0.6009615384615384 0.44350961538461536 0.25 0.23317307692307693
0 0.6466346153846154 0.625 0.24519230769230768 0.2283653846153846
0 0.5420673076923077 0.7668269230769231 0.15865384615384615 0.19471153846153846
0 0.38341346153846156 0.2860576923076923 0.10817307692307693 0.10336538461538461
0 0.421875 0.3858173076923077 0.1466346153846154 0.18028846153846154