0 0.15384615384615385 0.08052884615384616 0.10576923076923077 0.11778846153846154
0 0.14423076923076922 0.21634615384615385 0.14182692307692307 0.18269230769230768
0 0.1346153846153846 0.38341346153846156 0.13942307692307693 0.1875
0 0.1201923076923077 0.5492788461538461 0.14423076923076922 0.18028846153846154
0 0.1045673076923077 0.7283653846153846 0.15865384615384615 0.21875
0 0.3161057692307692 0.17067307692307693 0.10817307692307693 0.13221153846153846
0 0.3112980769230769 0.28966346153846156 0.18990384615384615 0.17548076923076922
0 0.30528846153846156 0.4230769230769231 0.1875 0.17307692307692307
0 0.29447115384615385 0.5721153846153846 0.22355769230769232 0.21394230769230768
0 0.2860576923076923 0.7451923076923077 0.21875 0.20673076923076922
0 0.6286057692307693 0.21153846153846154 0.10817307692307693 0.10096153846153846
0 0.6298076923076923 0.32572115384615385 0.19230769230769232 0.15384615384615385
0 0.6141826923076923 0.4807692307692308 0.22355769230769232 0.20192307692307693
0 0.5949519230769231 0.6670673076923077 0.22115384615384615 0.1971153846153846
0 0.4483173076923077 0.7644230769230769 0.13221153846153846 0.18028846153846154
0 0.46274038461538464 0.25961538461538464 0.09615384615384616 0.09134615384615384
0 0.46634615384615385 0.36538461538461536 0.12259615384615384 0.1658653846153846