4 0.04411764705882353 0.06951871657754011 0.08823529411764706 0.12299465240641712
4 0.05481283422459893 0.22192513368983957 0.10962566844919786 0.1925133689839572
4 0.05614973262032086 0.4090909090909091 0.11229946524064172 0.19786096256684493
4 0.05748663101604278 0.5922459893048129 0.11497326203208556 0.18983957219251338
4 0.06149732620320856 0.7941176470588235 0.12299465240641712 0.22994652406417113
4 0.22459893048128343 0.15508021390374332 0.10962566844919786 0.13903743315508021
4 0.22994652406417113 0.2874331550802139 0.19518716577540107 0.17914438502673796
4 0.23663101604278075 0.4358288770053476 0.19518716577540107 0.17647058823529413
4 0.2393048128342246 0.6029411764705882 0.22994652406417113 0.2192513368983957
4 0.24598930481283424 0.7954545454545454 0.22459893048128343 0.21122994652406418
4 0.5748663101604278 0.1711229946524064 0.11229946524064172 0.10160427807486631
4 0.5868983957219251 0.2967914438502674 0.20053475935828877 0.15508021390374332
4 0.5842245989304813 0.47058823529411764 0.232620320855615 0.20588235294117646
4 0.5815508021390374 0.679144385026738 0.22994652406417113 0.20053475935828877
4 0.42780748663101603 0.8008021390374331 0.13101604278074866 0.18983957219251338
4 0.39572192513368987 0.2393048128342246 0.09893048128342247 0.09358288770053476
4 0.4090909090909091 0.356951871657754 0.12299465240641712 0.17379679144385027