4 0.07270408163265306 0.10076530612244898 0.10204081632653061 0.11734693877551021
4 0.07525510204081633 0.2461734693877551 0.13520408163265307 0.1836734693877551
4 0.08035714285714286 0.42346938775510207 0.1326530612244898 0.18877551020408162
4 0.08035714285714286 0.5994897959183674 0.1377551020408163 0.18112244897959184
4 0.08035714285714286 0.7908163265306123 0.15051020408163265 0.2193877551020408
4 0.25255102040816324 0.18112244897959184 0.10459183673469388 0.1326530612244898
4 0.2576530612244898 0.30739795918367346 0.18622448979591838 0.17091836734693877
4 0.26403061224489793 0.4489795918367347 0.18622448979591838 0.1683673469387755
4 0.26658163265306123 0.6084183673469388 0.2193877551020408 0.20918367346938777
4 0.2729591836734694 0.7920918367346939 0.21428571428571427 0.20153061224489796
4 0.5867346938775511 0.19642857142857142 0.10714285714285714 0.09693877551020408
4 0.5982142857142857 0.3163265306122449 0.1913265306122449 0.14795918367346939
4 0.5956632653061225 0.48214285714285715 0.22193877551020408 0.19642857142857142
4 0.5931122448979592 0.6811224489795918 0.2193877551020408 0.1913265306122449
4 0.44642857142857145 0.7971938775510204 0.125 0.18112244897959184
4 0.41581632653061223 0.2614795918367347 0.09438775510204081 0.08928571428571429
4 0.42857142857142855 0.3737244897959184 0.11734693877551021 0.16581632653061223