4 0.11341463414634147 0.10853658536585366 0.0975609756097561 0.11219512195121951
4 0.11585365853658537 0.2475609756097561 0.12926829268292683 0.17560975609756097
4 0.12073170731707317 0.4170731707317073 0.12682926829268293 0.18048780487804877
4 0.12073170731707317 0.5853658536585366 0.13170731707317074 0.17317073170731706
4 0.12073170731707317 0.7682926829268293 0.14390243902439023 0.2097560975609756
4 0.28536585365853656 0.18536585365853658 0.1 0.12682926829268293
4 0.29024390243902437 0.30609756097560975 0.17804878048780487 0.16341463414634147
4 0.29634146341463413 0.44146341463414634 0.17804878048780487 0.16097560975609757
4 0.29878048780487804 0.5939024390243902 0.2097560975609756 0.2
4 0.3048780487804878 0.7695121951219512 0.2048780487804878 0.1926829268292683
4 0.6048780487804878 0.2 0.1024390243902439 0.09268292682926829
4 0.6158536585365854 0.3146341463414634 0.18292682926829268 0.14146341463414633
4 0.6134146341463415 0.47317073170731705 0.2121951219512195 0.1878048780487805
4 0.6109756097560975 0.6634146341463415 0.2097560975609756 0.18292682926829268
4 0.47073170731707314 0.774390243902439 0.11951219512195121 0.17317073170731706
4 0.44146341463414634 0.2621951219512195 0.09024390243902439 0.08536585365853659
4 0.45365853658536587 0.3695121951219512 0.11219512195121951 0.15853658536585366