0 0.16105769230769232 0.07451923076923077 0.10817307692307693 0.1201923076923077
0 0.1502403846153846 0.21033653846153846 0.14423076923076922 0.18509615384615385
0 0.13701923076923078 0.37740384615384615 0.14182692307692307 0.18990384615384615
0 0.1201923076923077 0.5420673076923077 0.1466346153846154 0.18269230769230768
0 0.10096153846153846 0.7211538461538461 0.16346153846153846 0.22115384615384615
0 0.32211538461538464 0.16706730769230768 0.11057692307692307 0.1346153846153846
0 0.31490384615384615 0.2860576923076923 0.19230769230769232 0.1778846153846154
0 0.30649038461538464 0.41947115384615385 0.18990384615384615 0.17548076923076922
0 0.2932692307692308 0.5685096153846154 0.22596153846153846 0.21875
0 0.28125 0.7415865384615384 0.22115384615384615 0.2091346153846154
0 0.6334134615384616 0.21394230769230768 0.11057692307692307 0.10096153846153846
0 0.6334134615384616 0.328125 0.19471153846153846 0.15865384615384615
0 0.6141826923076923 0.4831730769230769 0.2283653846153846 0.20673076923076922
0 0.5925480769230769 0.6694711538461539 0.22355769230769232 0.20192307692307693
0 0.44350961538461536 0.7632211538461539 0.1346153846153846 0.18269230769230768
0 0.4675480769230769 0.25841346153846156 0.09615384615384616 0.09375
0 0.46875 0.36538461538461536 0.12740384615384615 0.1658653846153846