0 0.22355769230769232 0.04807692307692308 0.1201923076923077 0.09615384615384616
0 0.1935096153846154 0.16466346153846154 0.1658653846153846 0.19951923076923078
0 0.15745192307692307 0.328125 0.16346153846153846 0.20192307692307693
0 0.11778846153846154 0.4891826923076923 0.16826923076923078 0.1971153846153846
0 0.0829326923076923 0.6634615384615384 0.1658653846153846 0.23557692307692307
0 0.3701923076923077 0.14543269230769232 0.125 0.14423076923076922
0 0.34615384615384615 0.2620192307692308 0.2091346153846154 0.19951923076923078
0 0.31971153846153844 0.39302884615384615 0.2091346153846154 0.1971153846153846
0 0.2860576923076923 0.5396634615384616 0.24759615384615385 0.2403846153846154
0 0.25 0.7091346153846154 0.24278846153846154 0.23317307692307693
0 0.671875 0.23557692307692307 0.1201923076923077 0.11298076923076923
0 0.6550480769230769 0.3485576923076923 0.2091346153846154 0.1778846153846154
0 0.6153846153846154 0.4987980769230769 0.24759615384615385 0.23076923076923078
0 0.5673076923076923 0.6802884615384616 0.24519230769230768 0.22596153846153846
0 0.4074519230769231 0.7536057692307693 0.15625 0.19471153846153846
0 0.5012019230769231 0.25600961538461536 0.10576923076923077 0.10336538461538461
0 0.48677884615384615 0.36177884615384615 0.14423076923076922 0.1778846153846154