4 0.12698412698412698 0.05555555555555555 0.10582010582010581 0.1111111111111111
4 0.13095238095238096 0.20238095238095238 0.1402116402116402 0.19047619047619047
4 0.13624338624338625 0.3862433862433862 0.13756613756613756 0.19576719576719576
4 0.13624338624338625 0.5687830687830688 0.14285714285714285 0.18783068783068782
4 0.13624338624338625 0.7671957671957672 0.15608465608465608 0.2275132275132275
4 0.3148148148148148 0.1349206349206349 0.10846560846560846 0.13756613756613756
4 0.3201058201058201 0.26587301587301587 0.1931216931216931 0.17724867724867724
4 0.32671957671957674 0.4126984126984127 0.1931216931216931 0.1746031746031746
4 0.32936507936507936 0.578042328042328 0.2275132275132275 0.21693121693121692
4 0.335978835978836 0.7685185185185185 0.2222222222222222 0.20899470899470898
4 0.6613756613756614 0.15079365079365079 0.1111111111111111 0.10052910052910052
4 0.6732804232804233 0.2751322751322751 0.1984126984126984 0.15343915343915343
4 0.6706349206349206 0.4470899470899471 0.23015873015873015 0.2037037037037037
4 0.667989417989418 0.6534391534391535 0.2275132275132275 0.1984126984126984
4 0.5158730158730159 0.7738095238095238 0.12962962962962962 0.18783068783068782
4 0.48412698412698413 0.21825396825396826 0.09788359788359788 0.09259259259259259
4 0.4973544973544973 0.33465608465608465 0.12169312169312169 0.17195767195767195