0 0.12620192307692307 0.10576923076923077 0.0985576923076923 0.11298076923076923
0 0.12620192307692307 0.24278846153846154 0.12980769230769232 0.17548076923076922
0 0.12740384615384615 0.4098557692307692 0.12740384615384615 0.18028846153846154
0 0.125 0.5757211538461539 0.13221153846153846 0.17307692307692307
0 0.12139423076923077 0.7560096153846154 0.14423076923076922 0.2091346153846154
0 0.29447115384615385 0.18389423076923078 0.10096153846153846 0.12740384615384615
0 0.296875 0.30288461538461536 0.1778846153846154 0.16346153846153846
0 0.3004807692307692 0.4362980769230769 0.1778846153846154 0.16105769230769232
0 0.3004807692307692 0.5865384615384616 0.2091346153846154 0.19951923076923078
0 0.30288461538461536 0.7596153846153846 0.20432692307692307 0.19230769230769232
0 0.6081730769230769 0.20432692307692307 0.10336538461538461 0.09375
0 0.6177884615384616 0.3173076923076923 0.18269230769230768 0.14182692307692307
0 0.6117788461538461 0.4735576923076923 0.21153846153846154 0.18990384615384615
0 0.6069711538461539 0.6610576923076923 0.2091346153846154 0.18269230769230768
0 0.46634615384615385 0.7680288461538461 0.1201923076923077 0.17307692307692307
0 0.44591346153846156 0.2620192307692308 0.09134615384615384 0.08653846153846154
0 0.4567307692307692 0.36778846153846156 0.11298076923076923 0.15865384615384615