0 0.0985576923076923 0.12860576923076922 0.1971153846153846 0.21394230769230768
0 0.32572115384615385 0.10576923076923077 0.2620192307692308 0.20673076923076922
0 0.5961538461538461 0.10216346153846154 0.27884615384615385 0.20432692307692307
0 0.11298076923076923 0.4170673076923077 0.22596153846153846 0.39663461538461536
0 0.3485576923076923 0.39903846153846156 0.28846153846153844 0.40384615384615385
0 0.6141826923076923 0.390625 0.2980769230769231 0.40865384615384615
0 0.8689903846153846 0.38341346153846156 0.2620192307692308 0.40625
0 0.13341346153846154 0.7716346153846154 0.25240384615384615 0.3317307692307692
0 0.38100961538461536 0.75 0.27403846153846156 0.33413461538461536
0 0.6418269230769231 0.7427884615384616 0.2932692307692308 0.3245192307692308
0 0.8834134615384616 0.7259615384615384 0.23317307692307693 0.3269230769230769