4 0.10294117647058823 0.09436274509803921 0.20588235294117646 0.18872549019607843
4 0.34558823529411764 0.08946078431372549 0.2549019607843137 0.17892156862745098
4 0.6200980392156863 0.09681372549019608 0.2696078431372549 0.19362745098039216
4 0.1053921568627451 0.38357843137254904 0.2107843137254902 0.3897058823529412
4 0.3480392156862745 0.38112745098039214 0.26715686274509803 0.3946078431372549
4 0.6188725490196079 0.39215686274509803 0.2769607843137255 0.39950980392156865
4 0.8786764705882353 0.4019607843137255 0.2426470588235294 0.39705882352941174
4 0.11029411764705882 0.7450980392156863 0.22058823529411764 0.3235294117647059
4 0.35661764705882354 0.741421568627451 0.25735294117647056 0.3235294117647059
4 0.6225490196078431 0.7524509803921569 0.2769607843137255 0.3112745098039216
4 0.8811274509803921 0.7536764705882353 0.23774509803921567 0.3161764705882353