4 0.11040609137055837 0.10152284263959391 0.22081218274111675 0.20304568527918782
4 0.36548223350253806 0.09644670050761421 0.2639593908629442 0.19289340101522842
4 0.649746192893401 0.10406091370558376 0.27918781725888325 0.20812182741116753
4 0.11294416243654823 0.40482233502538073 0.22588832487309646 0.4035532994923858
4 0.3680203045685279 0.4022842639593909 0.2766497461928934 0.4086294416243655
4 0.6484771573604061 0.4137055837563452 0.2868020304568528 0.4137055837563452
4 0.8959390862944162 0.42385786802030456 0.20812182741116753 0.41116751269035534
4 0.11802030456852793 0.7791878172588832 0.23604060913705585 0.3350253807106599
4 0.3769035532994924 0.7753807106598984 0.26649746192893403 0.3350253807106599
4 0.6522842639593909 0.7868020304568528 0.2868020304568528 0.3223350253807107
4 0.8984771573604061 0.7880710659898477 0.20304568527918782 0.32741116751269034