4 0.09210526315789473 0.10657894736842105 0.18421052631578946 0.2131578947368421
4 0.33421052631578946 0.1013157894736842 0.2736842105263158 0.2026315789473684
4 0.6289473684210526 0.10921052631578948 0.2894736842105263 0.21842105263157896
4 0.09473684210526316 0.42236842105263156 0.18947368421052632 0.41842105263157897
4 0.3368421052631579 0.41973684210526313 0.2868421052631579 0.4236842105263158
4 0.6276315789473684 0.43157894736842106 0.29736842105263156 0.42894736842105263
4 0.8881578947368421 0.4421052631578947 0.2236842105263158 0.4263157894736842
4 0.1 0.8105263157894737 0.2 0.3473684210526316
4 0.3460526315789474 0.8065789473684211 0.27631578947368424 0.3473684210526316
4 0.631578947368421 0.8184210526315789 0.29736842105263156 0.33421052631578946
4 0.8907894736842106 0.8197368421052632 0.21842105263157896 0.3394736842105263