4 0.1303763440860215 0.22043010752688172 0.260752688172043 0.27956989247311825
4 0.4220430107526882 0.2163978494623656 0.29838709677419356 0.28763440860215056
4 0.7244623655913979 0.21908602150537634 0.3010752688172043 0.2903225806451613
4 0.9408602150537635 0.21505376344086022 0.11827956989247312 0.2956989247311828
4 0.028225806451612902 0.4959677419354839 0.056451612903225805 0.2768817204301075
4 0.1586021505376344 0.4946236559139785 0.1989247311827957 0.27956989247311825
4 0.36155913978494625 0.5013440860215054 0.20161290322580644 0.27956989247311825
4 0.5658602150537635 0.5053763440860215 0.1989247311827957 0.27419354838709675
4 0.7674731182795699 0.5040322580645161 0.20161290322580644 0.28225806451612906
4 0.9354838709677419 0.5067204301075269 0.12903225806451613 0.2768817204301075
4 0.11693548387096774 0.7782258064516129 0.23387096774193547 0.28225806451612906
4 0.3897849462365591 0.7849462365591398 0.29838709677419356 0.27956989247311825
4 0.6948924731182796 0.7889784946236559 0.29301075268817206 0.2768817204301075
4 0.9220430107526881 0.7889784946236559 0.15591397849462366 0.2768817204301075