0 0.13221153846153846 0.23557692307692307 0.2644230769230769 0.2644230769230769
0 0.40384615384615385 0.21754807692307693 0.27884615384615385 0.27163461538461536
0 0.6730769230769231 0.20552884615384615 0.28125 0.27403846153846156
0 0.8990384615384616 0.18990384615384615 0.18509615384615385 0.27403846153846156
0 0.04807692307692308 0.48677884615384615 0.09615384615384616 0.25240384615384615
0 0.1814903846153846 0.47836538461538464 0.18990384615384615 0.25961538461538464
0 0.3629807692307692 0.47475961538461536 0.19230769230769232 0.25961538461538464
0 0.5456730769230769 0.46875 0.18990384615384615 0.2548076923076923
0 0.7247596153846154 0.4579326923076923 0.19230769230769232 0.2620192307692308
0 0.9050480769230769 0.45072115384615385 0.18990384615384615 0.25721153846153844
0 0.13701923076923078 0.7355769230769231 0.2620192307692308 0.2644230769230769
0 0.4014423076923077 0.7271634615384616 0.27884615384615385 0.2644230769230769
0 0.6742788461538461 0.7163461538461539 0.27403846153846156 0.2620192307692308
0 0.9002403846153846 0.703125 0.19951923076923078 0.25721153846153844