4 0.14727722772277227 0.2202970297029703 0.2698019801980198 0.25742574257425743
4 0.4306930693069307 0.21658415841584158 0.2747524752475248 0.26485148514851486
4 0.7091584158415841 0.21905940594059406 0.27722772277227725 0.26732673267326734
4 0.926980198019802 0.21534653465346534 0.14603960396039603 0.2722772277227723
4 0.04702970297029703 0.474009900990099 0.09405940594059406 0.25495049504950495
4 0.18811881188118812 0.47277227722772275 0.18316831683168316 0.25742574257425743
4 0.375 0.47896039603960394 0.18564356435643564 0.25742574257425743
4 0.5631188118811881 0.48267326732673266 0.18316831683168316 0.2524752475247525
4 0.7487623762376238 0.4814356435643564 0.18564356435643564 0.2599009900990099
4 0.9220297029702971 0.4839108910891089 0.15594059405940594 0.25495049504950495
4 0.12871287128712872 0.7351485148514851 0.25742574257425743 0.2599009900990099
4 0.400990099009901 0.7400990099009901 0.2747524752475248 0.25742574257425743
4 0.681930693069307 0.7438118811881188 0.2698019801980198 0.25495049504950495
4 0.9096534653465347 0.7438118811881188 0.1806930693069307 0.25495049504950495