4 0.1422872340425532 0.14627659574468085 0.2845744680851064 0.2765957446808511
4 0.4441489361702128 0.1422872340425532 0.29521276595744683 0.2845744680851064
4 0.7433510638297872 0.1449468085106383 0.2978723404255319 0.2872340425531915
4 0.949468085106383 0.14361702127659576 0.10106382978723404 0.2872340425531915
4 0.041223404255319146 0.41888297872340424 0.08244680851063829 0.27393617021276595
4 0.18351063829787234 0.4175531914893617 0.19680851063829788 0.2765957446808511
4 0.38430851063829785 0.4242021276595745 0.19946808510638298 0.2765957446808511
4 0.586436170212766 0.42819148936170215 0.19680851063829788 0.2712765957446808
4 0.785904255319149 0.42686170212765956 0.19946808510638298 0.27925531914893614
4 0.9441489361702128 0.4295212765957447 0.11170212765957446 0.27393617021276595
4 0.12898936170212766 0.6981382978723404 0.2579787234042553 0.27925531914893614
4 0.4122340425531915 0.7047872340425532 0.29521276595744683 0.2765957446808511
4 0.714095744680851 0.7087765957446809 0.2898936170212766 0.27393617021276595
4 0.9308510638297872 0.7087765957446809 0.13829787234042554 0.27393617021276595