4 0.12562814070351758 0.21608040201005024 0.25125628140703515 0.2613065326633166
4 0.4020100502512563 0.21231155778894473 0.27889447236180903 0.26884422110552764
4 0.6846733668341709 0.21482412060301506 0.2814070351758794 0.271356783919598
4 0.9158291457286433 0.21105527638190955 0.16834170854271358 0.27638190954773867
4 0.03015075376884422 0.47361809045226133 0.06030150753768844 0.25879396984924624
4 0.15577889447236182 0.4723618090452261 0.18592964824120603 0.2613065326633166
4 0.3454773869346734 0.478643216080402 0.1884422110552764 0.2613065326633166
4 0.5364321608040201 0.4824120603015075 0.18592964824120603 0.2562814070351759
4 0.7248743718592965 0.48115577889447236 0.1884422110552764 0.2638190954773869
4 0.9108040201005025 0.4836683417085427 0.17839195979899497 0.25879396984924624
4 0.11306532663316583 0.7374371859296482 0.22613065326633167 0.2638190954773869
4 0.37185929648241206 0.7437185929648241 0.27889447236180903 0.2613065326633166
4 0.657035175879397 0.7474874371859297 0.27386934673366836 0.25879396984924624
4 0.8982412060301508 0.7474874371859297 0.20351758793969849 0.25879396984924624