0 0.1310096153846154 0.24879807692307693 0.2620192307692308 0.27163461538461536
0 0.39302884615384615 0.22115384615384615 0.28846153846153844 0.27884615384615385
0 0.6634615384615384 0.19951923076923078 0.29086538461538464 0.28125
0 0.8882211538461539 0.17668269230769232 0.19230769230769232 0.27884615384615385
0 0.05048076923076923 0.5024038461538461 0.10096153846153846 0.2548076923076923
0 0.18028846153846154 0.4891826923076923 0.19951923076923078 0.2644230769230769
0 0.36177884615384615 0.4795673076923077 0.20192307692307693 0.2644230769230769
0 0.5444711538461539 0.4675480769230769 0.19951923076923078 0.25961538461538464
0 0.7235576923076923 0.45072115384615385 0.20192307692307693 0.2668269230769231
0 0.9026442307692307 0.4362980769230769 0.19471153846153846 0.2620192307692308
0 0.14543269230769232 0.7487980769230769 0.27163461538461536 0.27403846153846156
0 0.40865384615384615 0.7295673076923077 0.28846153846153844 0.27163461538461536
0 0.6814903846153846 0.7103365384615384 0.28365384615384615 0.2692307692307692
0 0.9014423076923077 0.6875 0.1971153846153846 0.2644230769230769