4 0.16457286432160803 0.47613065326633164 0.2135678391959799 0.12311557788944724
4 0.3844221105527638 0.47613065326633164 0.15829145728643215 0.07788944723618091
4 0.5992462311557789 0.46608040201005024 0.135678391959799 0.11809045226130653
4 0.8329145728643216 0.4886934673366834 0.1658291457286432 0.08793969849246232
4 0.8316582914572864 0.585427135678392 0.1984924623115578 0.11055276381909548
4 0.5967336683417085 0.5778894472361809 0.20854271356783918 0.11055276381909548
4 0.37814070351758794 0.5766331658291457 0.17336683417085427 0.09547738693467336
4 0.15954773869346733 0.5942211055276382 0.2135678391959799 0.11055276381909548
4 0.13442211055276382 0.6972361809045227 0.17336683417085427 0.09798994974874371
4 0.12814070351758794 0.7939698492462312 0.17587939698492464 0.09547738693467336
4 0.3655778894472362 0.7763819095477387 0.23366834170854273 0.13819095477386933
4 0.5992462311557789 0.7914572864321608 0.20854271356783918 0.10552763819095477
4 0.5979899497487438 0.6846733668341709 0.20854271356783918 0.10552763819095477
4 0.8278894472361809 0.6884422110552764 0.20351758793969849 0.10301507537688442
4 0.8278894472361809 0.7939698492462312 0.1984924623115578 0.11055276381909548
4 0.37185929648241206 0.6658291457286433 0.17336683417085427 0.08793969849246232