0 0.18509615384615385 0.4266826923076923 0.21634615384615385 0.13942307692307693
0 0.3942307692307692 0.4495192307692308 0.15865384615384615 0.0889423076923077
0 0.5997596153846154 0.46033653846153844 0.14182692307692307 0.125
0 0.8197115384615384 0.5060096153846154 0.1658653846153846 0.10096153846153846
0 0.8088942307692307 0.5973557692307693 0.19951923076923078 0.125
0 0.5865384615384616 0.5673076923076923 0.2091346153846154 0.125
0 0.3786057692307692 0.5444711538461539 0.17548076923076922 0.10817307692307693
0 0.16826923076923078 0.5384615384615384 0.21394230769230768 0.12740384615384615
0 0.1346153846153846 0.6346153846153846 0.17548076923076922 0.11057692307692307
0 0.11899038461538461 0.7259615384615384 0.1778846153846154 0.10817307692307693
0 0.34615384615384615 0.7331730769230769 0.23557692307692307 0.15384615384615385
0 0.5673076923076923 0.7704326923076923 0.2091346153846154 0.1201923076923077
0 0.5769230769230769 0.6682692307692307 0.2091346153846154 0.1201923076923077
0 0.7944711538461539 0.6959134615384616 0.20432692307692307 0.11778846153846154
0 0.7848557692307693 0.7956730769230769 0.19951923076923078 0.125
0 0.3629807692307692 0.6286057692307693 0.17307692307692307 0.10096153846153846