0 0.17668269230769232 0.5168269230769231 0.22115384615384615 0.15144230769230768
0 0.38461538461538464 0.4795673076923077 0.16105769230769232 0.0985576923076923
0 0.5853365384615384 0.43509615384615385 0.1466346153846154 0.1346153846153846
0 0.8088942307692307 0.4170673076923077 0.17067307692307693 0.11057692307692307
0 0.8233173076923077 0.5084134615384616 0.20432692307692307 0.13701923076923078
0 0.6009615384615384 0.5408653846153846 0.21394230769230768 0.13942307692307693
0 0.3954326923076923 0.5757211538461539 0.18028846153846154 0.11778846153846154
0 0.19230769230769232 0.6286057692307693 0.21875 0.13942307692307693
0 0.18509615384615385 0.7295673076923077 0.18028846153846154 0.1201923076923077
0 0.19591346153846154 0.8221153846153846 0.18269230769230768 0.1201923076923077
0 0.41586538461538464 0.765625 0.24278846153846154 0.16826923076923078
0 0.6394230769230769 0.7415865384615384 0.21394230769230768 0.1346153846153846
0 0.6201923076923077 0.640625 0.21394230769230768 0.1346153846153846
0 0.8377403846153846 0.6069711538461539 0.2091346153846154 0.12980769230769232
0 0.8545673076923077 0.7055288461538461 0.20432692307692307 0.13701923076923078
0 0.40384615384615385 0.6610576923076923 0.1778846153846154 0.11057692307692307