4 0.17908653846153846 0.46033653846153844 0.20432692307692307 0.11778846153846154
4 0.3894230769230769 0.46033653846153844 0.15144230769230768 0.07451923076923077
4 0.5949519230769231 0.45072115384615385 0.12980769230769232 0.11298076923076923
4 0.8185096153846154 0.4723557692307692 0.15865384615384615 0.08413461538461539
4 0.8173076923076923 0.5649038461538461 0.18990384615384615 0.10576923076923077
4 0.5925480769230769 0.5576923076923077 0.19951923076923078 0.10576923076923077
4 0.38341346153846156 0.5564903846153846 0.1658653846153846 0.09134615384615384
4 0.17427884615384615 0.5733173076923077 0.20432692307692307 0.10576923076923077
4 0.1502403846153846 0.671875 0.1658653846153846 0.09375
4 0.14423076923076922 0.7644230769230769 0.16826923076923078 0.09134615384615384
4 0.3713942307692308 0.7475961538461539 0.22355769230769232 0.13221153846153846
4 0.5949519230769231 0.7620192307692307 0.19951923076923078 0.10096153846153846
4 0.59375 0.6598557692307693 0.19951923076923078 0.10096153846153846
4 0.8137019230769231 0.6634615384615384 0.19471153846153846 0.0985576923076923
4 0.8137019230769231 0.7644230769230769 0.18990384615384615 0.10576923076923077
4 0.37740384615384615 0.6418269230769231 0.1658653846153846 0.08413461538461539