4 0.19919786096256684 0.4612299465240642 0.22727272727272727 0.13101604278074866
4 0.43315508021390375 0.4612299465240642 0.16844919786096257 0.08288770053475936
4 0.6617647058823529 0.4505347593582888 0.1443850267379679 0.12566844919786097
4 0.910427807486631 0.47459893048128343 0.17647058823529413 0.09358288770053476
4 0.9010695187165776 0.5775401069518716 0.19786096256684493 0.11764705882352941
4 0.6590909090909091 0.56951871657754 0.22192513368983957 0.11764705882352941
4 0.4264705882352941 0.5681818181818182 0.18449197860962566 0.10160427807486631
4 0.19385026737967914 0.5868983957219251 0.22727272727272727 0.11764705882352941
4 0.16711229946524064 0.696524064171123 0.18449197860962566 0.10427807486631016
4 0.16042780748663102 0.7994652406417112 0.18716577540106952 0.10160427807486631
4 0.41310160427807485 0.7807486631016043 0.24866310160427807 0.14705882352941177
4 0.6617647058823529 0.7967914438502673 0.22192513368983957 0.11229946524064172
4 0.660427807486631 0.6831550802139037 0.22192513368983957 0.11229946524064172
4 0.8983957219251337 0.6858288770053476 0.20320855614973263 0.10962566844919786
4 0.8997326203208557 0.7994652406417112 0.20053475935828877 0.11764705882352941
4 0.4197860962566845 0.6631016042780749 0.18449197860962566 0.09358288770053476