0 0.1778846153846154 0.47716346153846156 0.2091346153846154 0.12740384615384615
0 0.3870192307692308 0.46634615384615385 0.15625 0.08173076923076923
0 0.5925480769230769 0.44591346153846156 0.1346153846153846 0.1201923076923077
0 0.8161057692307693 0.45552884615384615 0.16346153846153846 0.09134615384615384
0 0.8197115384615384 0.5480769230769231 0.19471153846153846 0.11538461538461539
0 0.5949519230769231 0.5528846153846154 0.20432692307692307 0.11538461538461539
0 0.3870192307692308 0.5625 0.17067307692307693 0.10096153846153846
0 0.17908653846153846 0.5901442307692307 0.2091346153846154 0.11538461538461539
0 0.15985576923076922 0.6899038461538461 0.17067307692307693 0.10336538461538461
0 0.15865384615384615 0.7824519230769231 0.17307692307692307 0.10096153846153846
0 0.38461538461538464 0.7536057692307693 0.23076923076923078 0.14423076923076922
0 0.6081730769230769 0.7572115384615384 0.20432692307692307 0.11057692307692307
0 0.6021634615384616 0.6550480769230769 0.20432692307692307 0.11057692307692307
0 0.8221153846153846 0.6466346153846154 0.19951923076923078 0.10817307692307693
0 0.8269230769230769 0.7475961538461539 0.19471153846153846 0.11538461538461539
0 0.38461538461538464 0.6478365384615384 0.17067307692307693 0.09375