0 0.19591346153846154 0.3894230769230769 0.22596153846153846 0.16105769230769232
0 0.4014423076923077 0.4362980769230769 0.16346153846153846 0.10576923076923077
0 0.6033653846153846 0.4735576923076923 0.15144230769230768 0.13942307692307693
0 0.8161057692307693 0.5444711538461539 0.17307692307692307 0.11778846153846154
0 0.7944711538461539 0.6346153846153846 0.2091346153846154 0.1466346153846154
0 0.5769230769230769 0.5769230769230769 0.21875 0.14903846153846154
0 0.3737980769230769 0.5288461538461539 0.18269230769230768 0.12740384615384615
0 0.1658653846153846 0.49759615384615385 0.22355769230769232 0.14903846153846154
0 0.1201923076923077 0.5889423076923077 0.18269230769230768 0.12980769230769232
0 0.09375 0.6778846153846154 0.18509615384615385 0.12740384615384615
0 0.31850961538461536 0.7127403846153846 0.24759615384615385 0.18028846153846154
0 0.5336538461538461 0.7764423076923077 0.21634615384615385 0.14423076923076922
0 0.5552884615384616 0.6766826923076923 0.21634615384615385 0.14423076923076922
0 0.7692307692307693 0.7295673076923077 0.21153846153846154 0.13942307692307693
0 0.7463942307692307 0.828125 0.2091346153846154 0.1466346153846154
0 0.3485576923076923 0.6105769230769231 0.18028846153846154 0.1201923076923077