4 0.17597087378640777 0.46237864077669905 0.20631067961165048 0.11893203883495146
4 0.3883495145631068 0.46237864077669905 0.1529126213592233 0.07524271844660194
4 0.595873786407767 0.4526699029126214 0.13106796116504854 0.11407766990291263
4 0.8216019417475728 0.47451456310679613 0.16019417475728157 0.08495145631067962
4 0.8203883495145631 0.5679611650485437 0.19174757281553398 0.10679611650485436
4 0.5934466019417476 0.5606796116504854 0.20145631067961164 0.10679611650485436
4 0.38228155339805825 0.5594660194174758 0.16747572815533981 0.09223300970873786
4 0.17111650485436894 0.5764563106796117 0.20631067961165048 0.10679611650485436
4 0.14684466019417475 0.6759708737864077 0.16747572815533981 0.09466019417475728
4 0.1407766990291262 0.7694174757281553 0.16990291262135923 0.09223300970873786
4 0.37014563106796117 0.7524271844660194 0.22572815533980584 0.13349514563106796
4 0.595873786407767 0.7669902912621359 0.20145631067961164 0.10194174757281553
4 0.5946601941747572 0.6638349514563107 0.20145631067961164 0.10194174757281553
4 0.816747572815534 0.6674757281553398 0.1966019417475728 0.09951456310679611
4 0.816747572815534 0.7694174757281553 0.19174757281553398 0.10679611650485436
4 0.3762135922330097 0.6456310679611651 0.16747572815533981 0.08495145631067962