0 0.9387019230769231 0.29086538461538464 0.12259615384615384 0.15865384615384615
0 0.9326923076923077 0.4375 0.1346153846153846 0.15865384615384615
0 0.8076923076923077 0.4206730769230769 0.1466346153846154 0.1658653846153846
0 0.9290865384615384 0.5805288461538461 0.14182692307692307 0.15625
0 0.7944711538461539 0.5673076923076923 0.15625 0.1658653846153846
0 0.6502403846153846 0.5444711538461539 0.15625 0.16105769230769232
0 0.4987980769230769 0.6766826923076923 0.15625 0.15625
0 0.9134615384615384 0.7175480769230769 0.1466346153846154 0.15625
0 0.7788461538461539 0.7055288461538461 0.15384615384615385 0.15384615384615385
0 0.6370192307692307 0.6911057692307693 0.15144230769230768 0.15625
0 0.9002403846153846 0.8533653846153846 0.14423076923076922 0.14903846153846154
0 0.7692307692307693 0.8401442307692307 0.15144230769230768 0.15144230769230768
0 0.6274038461538461 0.8245192307692307 0.15384615384615385 0.15144230769230768
0 0.49278846153846156 0.8112980769230769 0.15384615384615385 0.14903846153846154
0 0.35336538461538464 0.7980769230769231 0.15144230769230768 0.1466346153846154
0 0.21634615384615385 0.7788461538461539 0.15625 0.15384615384615385
0 0.078125 0.7644230769230769 0.15625 0.15865384615384615
0 0.8834134615384616 0.9555288461538461 0.1466346153846154 0.0889423076923077
0 0.75 0.9483173076923077 0.14903846153846154 0.10336538461538461
0 0.6141826923076923 0.9411057692307693 0.15144230769230768 0.11778846153846154
0 0.47836538461538464 0.9350961538461539 0.14903846153846154 0.12980769230769232
0 0.3449519230769231 0.921875 0.14903846153846154 0.1346153846153846
0 0.20673076923076922 0.9098557692307693 0.15144230769230768 0.13221153846153846
0 0.07211538461538461 0.8918269230769231 0.14423076923076922 0.13942307692307693