0 0.9399038461538461 0.29927884615384615 0.1201923076923077 0.16105769230769232
0 0.9326923076923077 0.44711538461538464 0.1346153846153846 0.15865384615384615
0 0.8088942307692307 0.4266826923076923 0.14903846153846154 0.16826923076923078
0 0.9278846153846154 0.5865384615384616 0.14423076923076922 0.15865384615384615
0 0.7932692307692307 0.5721153846153846 0.15865384615384615 0.16826923076923078
0 0.6490384615384616 0.546875 0.15865384615384615 0.16346153846153846
0 0.4951923076923077 0.6766826923076923 0.15865384615384615 0.15865384615384615
0 0.9098557692307693 0.7247596153846154 0.14903846153846154 0.15865384615384615
0 0.7752403846153846 0.7103365384615384 0.15625 0.15625
0 0.6334134615384616 0.6935096153846154 0.15384615384615385 0.15865384615384615
0 0.8942307692307693 0.8605769230769231 0.1466346153846154 0.15144230769230768
0 0.7632211538461539 0.8449519230769231 0.15384615384615385 0.15384615384615385
0 0.6225961538461539 0.8257211538461539 0.15625 0.15384615384615385
0 0.48677884615384615 0.8112980769230769 0.15384615384615385 0.15144230769230768
0 0.3485576923076923 0.7944711538461539 0.15384615384615385 0.14903846153846154
0 0.21033653846153846 0.7728365384615384 0.15865384615384615 0.15625
0 0.07572115384615384 0.7560096153846154 0.15144230769230768 0.16105769230769232
0 0.875 0.9579326923076923 0.14903846153846154 0.08413461538461539
0 0.7415865384615384 0.9495192307692307 0.15144230769230768 0.10096153846153846
0 0.6081730769230769 0.9423076923076923 0.15384615384615385 0.11538461538461539
0 0.4699519230769231 0.9350961538461539 0.15144230769230768 0.12980769230769232
0 0.33653846153846156 0.9194711538461539 0.15144230769230768 0.13701923076923078
0 0.19951923076923078 0.9050480769230769 0.15384615384615385 0.1346153846153846
0 0.06971153846153846 0.8858173076923077 0.13942307692307693 0.14182692307692307