0 0.9314903846153846 0.2512019230769231 0.13701923076923078 0.1466346153846154
0 0.9326923076923077 0.40024038461538464 0.1346153846153846 0.1466346153846154
0 0.8004807692307693 0.3942307692307692 0.1346153846153846 0.15625
0 0.9350961538461539 0.5420673076923077 0.12980769230769232 0.1466346153846154
0 0.7992788461538461 0.5408653846153846 0.14423076923076922 0.15384615384615385
0 0.6538461538461539 0.53125 0.14423076923076922 0.14903846153846154
0 0.5132211538461539 0.6754807692307693 0.14423076923076922 0.14423076923076922
0 0.9302884615384616 0.6802884615384616 0.1346153846153846 0.1466346153846154
0 0.7956730769230769 0.6802884615384616 0.14182692307692307 0.14182692307692307
0 0.6526442307692307 0.6778846153846154 0.13942307692307693 0.14423076923076922
0 0.9290865384615384 0.8173076923076923 0.13221153846153846 0.13942307692307693
0 0.796875 0.8149038461538461 0.13942307692307693 0.13942307692307693
0 0.6550480769230769 0.8112980769230769 0.14182692307692307 0.13942307692307693
0 0.5192307692307693 0.8100961538461539 0.14182692307692307 0.13701923076923078
0 0.3798076923076923 0.8088942307692307 0.14182692307692307 0.1346153846153846
0 0.24158653846153846 0.8016826923076923 0.14423076923076922 0.14182692307692307
0 0.10336538461538461 0.7992788461538461 0.14423076923076922 0.1466346153846154
0 0.9242788461538461 0.9399038461538461 0.13701923076923078 0.1201923076923077
0 0.7908653846153846 0.9387019230769231 0.13942307692307693 0.12259615384615384
0 0.6550480769230769 0.9387019230769231 0.14182692307692307 0.12259615384615384
0 0.5180288461538461 0.9387019230769231 0.13942307692307693 0.12259615384615384
0 0.38221153846153844 0.9338942307692307 0.13942307692307693 0.12259615384615384
0 0.2439903846153846 0.9338942307692307 0.14182692307692307 0.1201923076923077
0 0.10336538461538461 0.9290865384615384 0.1466346153846154 0.12740384615384615