4 0.9292929292929293 0.21464646464646464 0.1414141414141414 0.15151515151515152
4 0.9318181818181818 0.3686868686868687 0.13636363636363635 0.15151515151515152
4 0.7929292929292929 0.3661616161616162 0.1388888888888889 0.16161616161616163
4 0.9356060606060606 0.5176767676767676 0.12878787878787878 0.15151515151515152
4 0.7954545454545454 0.5202020202020202 0.14898989898989898 0.1590909090909091
4 0.6414141414141414 0.5126262626262627 0.14898989898989898 0.15404040404040403
4 0.49747474747474746 0.6666666666666666 0.14898989898989898 0.14898989898989898
4 0.9330808080808081 0.6641414141414141 0.13383838383838384 0.15151515151515152
4 0.7941919191919192 0.6666666666666666 0.14646464646464646 0.14646464646464646
4 0.6439393939393939 0.6666666666666666 0.14393939393939395 0.14898989898989898
4 0.9343434343434344 0.8068181818181818 0.13131313131313133 0.14393939393939395
4 0.797979797979798 0.8080808080808081 0.14393939393939395 0.14393939393939395
4 0.648989898989899 0.8068181818181818 0.14646464646464646 0.14393939393939395
4 0.5063131313131313 0.8080808080808081 0.14646464646464646 0.1414141414141414
4 0.35984848484848486 0.8093434343434344 0.14646464646464646 0.1388888888888889
4 0.21338383838383837 0.8042929292929293 0.14898989898989898 0.14646464646464646
4 0.0707070707070707 0.803030303030303 0.1414141414141414 0.15151515151515152
4 0.9318181818181818 0.9381313131313131 0.13636363636363635 0.12373737373737374
4 0.7916666666666666 0.9381313131313131 0.14393939393939395 0.12373737373737374
4 0.648989898989899 0.9381313131313131 0.14646464646464646 0.12373737373737374
4 0.5063131313131313 0.9393939393939394 0.14393939393939395 0.12121212121212122
4 0.36237373737373735 0.9381313131313131 0.14393939393939395 0.12373737373737374
4 0.21717171717171718 0.9406565656565656 0.14646464646464646 0.11868686868686869
4 0.07323232323232323 0.9368686868686869 0.14646464646464646 0.12626262626262627