4 0.9285714285714286 0.20105820105820105 0.14285714285714285 0.15873015873015872
4 0.9312169312169312 0.36243386243386244 0.13756613756613756 0.15873015873015872
4 0.7883597883597884 0.35978835978835977 0.1455026455026455 0.1693121693121693
4 0.9351851851851852 0.5185185185185185 0.12962962962962962 0.15873015873015872
4 0.791005291005291 0.5211640211640212 0.15608465608465608 0.16666666666666666
4 0.6296296296296297 0.5132275132275133 0.15608465608465608 0.16137566137566137
4 0.47883597883597884 0.6746031746031746 0.15608465608465608 0.15608465608465608
4 0.9325396825396826 0.671957671957672 0.1349206349206349 0.15873015873015872
4 0.7896825396825397 0.6746031746031746 0.15343915343915343 0.15343915343915343
4 0.6322751322751323 0.6746031746031746 0.15079365079365079 0.15608465608465608
4 0.9338624338624338 0.8214285714285714 0.13227513227513227 0.15079365079365079
4 0.7936507936507936 0.8227513227513228 0.15079365079365079 0.15079365079365079
4 0.6375661375661376 0.8214285714285714 0.15343915343915343 0.15079365079365079
4 0.4880952380952381 0.8227513227513228 0.15343915343915343 0.14814814814814814
4 0.33465608465608465 0.8240740740740741 0.15343915343915343 0.1455026455026455
4 0.18121693121693122 0.8187830687830688 0.15608465608465608 0.15343915343915343
4 0.05291005291005291 0.8174603174603174 0.10582010582010581 0.15873015873015872
4 0.9312169312169312 0.9470899470899471 0.13756613756613756 0.10582010582010581
4 0.7870370370370371 0.9470899470899471 0.15079365079365079 0.10582010582010581
4 0.6375661375661376 0.9470899470899471 0.15343915343915343 0.10582010582010581
4 0.4880952380952381 0.9484126984126984 0.15079365079365079 0.10317460317460317
4 0.3373015873015873 0.9470899470899471 0.15079365079365079 0.10582010582010581
4 0.18518518518518517 0.9497354497354498 0.15343915343915343 0.10052910052910052
4 0.05555555555555555 0.9457671957671958 0.1111111111111111 0.10846560846560846