0 0.9423076923076923 0.3233173076923077 0.11538461538461539 0.1658653846153846
0 0.9326923076923077 0.4699519230769231 0.1346153846153846 0.1658653846153846
0 0.8125 0.4423076923076923 0.15625 0.17548076923076922
0 0.9230769230769231 0.6105769230769231 0.15144230769230768 0.16346153846153846
0 0.7896634615384616 0.5877403846153846 0.1658653846153846 0.17307692307692307
0 0.6466346153846154 0.5552884615384616 0.1658653846153846 0.16826923076923078
0 0.4855769230769231 0.6754807692307693 0.16346153846153846 0.16346153846153846
0 0.8978365384615384 0.7451923076923077 0.15625 0.1658653846153846
0 0.7644230769230769 0.7247596153846154 0.16105769230769232 0.16105769230769232
0 0.6237980769230769 0.6995192307692307 0.15865384615384615 0.16346153846153846
0 0.875 0.8810096153846154 0.15144230769230768 0.15865384615384615
0 0.7439903846153846 0.8581730769230769 0.15865384615384615 0.15865384615384615
0 0.6045673076923077 0.8317307692307693 0.16105769230769232 0.15865384615384615
0 0.47115384615384615 0.8100961538461539 0.16105769230769232 0.15625
0 0.3329326923076923 0.7872596153846154 0.16105769230769232 0.15384615384615385
0 0.1971153846153846 0.7572115384615384 0.16346153846153846 0.16105769230769232
0 0.07211538461538461 0.734375 0.14423076923076922 0.1658653846153846
0 0.8485576923076923 0.9663461538461539 0.15384615384615385 0.0673076923076923
0 0.7175480769230769 0.9543269230769231 0.15625 0.09134615384615384
0 0.5841346153846154 0.9435096153846154 0.15865384615384615 0.11298076923076923
0 0.4483173076923077 0.9326923076923077 0.15625 0.1346153846153846
0 0.31490384615384615 0.9110576923076923 0.15625 0.14182692307692307
0 0.17908653846153846 0.8894230769230769 0.15865384615384615 0.13942307692307693
0 0.06129807692307692 0.8605769230769231 0.12259615384615384 0.14903846153846154