4 0.9486842105263158 0.24736842105263157 0.10263157894736842 0.15789473684210525
4 0.9513157894736842 0.40789473684210525 0.09736842105263158 0.15789473684210525
4 0.8289473684210527 0.4052631578947368 0.14473684210526316 0.16842105263157894
4 0.9552631578947368 0.5631578947368421 0.08947368421052632 0.15789473684210525
4 0.8315789473684211 0.5657894736842105 0.15526315789473685 0.16578947368421051
4 0.6710526315789473 0.5578947368421052 0.15526315789473685 0.16052631578947368
4 0.5210526315789473 0.718421052631579 0.15526315789473685 0.15526315789473685
4 0.9526315789473684 0.7157894736842105 0.09473684210526316 0.15789473684210525
4 0.8302631578947368 0.718421052631579 0.15263157894736842 0.15263157894736842
4 0.6736842105263158 0.718421052631579 0.15 0.15526315789473685
4 0.9539473684210527 0.8644736842105263 0.09210526315789473 0.15
4 0.8342105263157895 0.8657894736842106 0.15 0.15
4 0.6789473684210526 0.8644736842105263 0.15263157894736842 0.15
4 0.5302631578947369 0.8657894736842106 0.15263157894736842 0.14736842105263157
4 0.37763157894736843 0.8671052631578947 0.15263157894736842 0.14473684210526316
4 0.225 0.8618421052631579 0.15526315789473685 0.15263157894736842
4 0.075 0.8605263157894737 0.15 0.15789473684210525
4 0.9513157894736842 0.968421052631579 0.09736842105263158 0.06315789473684211
4 0.8276315789473684 0.968421052631579 0.15 0.06315789473684211
4 0.6789473684210526 0.968421052631579 0.15263157894736842 0.06315789473684211
4 0.5302631578947369 0.9697368421052631 0.15 0.060526315789473685
4 0.38026315789473686 0.968421052631579 0.15 0.06315789473684211
4 0.22894736842105262 0.9710526315789474 0.15263157894736842 0.05789473684210526
4 0.07763157894736843 0.9671052631578947 0.15526315789473685 0.06578947368421052