0 0.4963942307692308 0.18389423076923078 0.17307692307692307 0.23798076923076922
0 0.17668269230769232 0.38461538461538464 0.17067307692307693 0.2283653846153846
0 0.8016826923076923 0.43028846153846156 0.1658653846153846 0.22596153846153846
0 0.6418269230769231 0.41346153846153844 0.17067307692307693 0.2283653846153846
0 0.3317307692307692 0.3762019230769231 0.17307692307692307 0.23317307692307693
0 0.48677884615384615 0.41346153846153844 0.17067307692307693 0.23317307692307693
0 0.04567307692307692 0.5925480769230769 0.09134615384615384 0.23798076923076922
0 0.1658653846153846 0.609375 0.17307692307692307 0.23557692307692307
0 0.3245192307692308 0.5997596153846154 0.17067307692307693 0.23557692307692307
0 0.47596153846153844 0.6346153846153846 0.16826923076923078 0.2283653846153846
0 0.6310096153846154 0.6394230769230769 0.1658653846153846 0.23076923076923078
0 0.7860576923076923 0.65625 0.16826923076923078 0.23317307692307693
0 0.040865384615384616 0.796875 0.08173076923076923 0.18028846153846154
0 0.15384615384615385 0.8040865384615384 0.16826923076923078 0.17548076923076922
0 0.3137019230769231 0.8040865384615384 0.17067307692307693 0.19471153846153846
0 0.9254807692307693 0.6682692307692307 0.14423076923076922 0.23557692307692307
0 0.4675480769230769 0.828125 0.16105769230769232 0.17067307692307693
0 0.6201923076923077 0.8365384615384616 0.16105769230769232 0.17067307692307693
0 0.9158653846153846 0.859375 0.13942307692307693 0.16105769230769232
0 0.7728365384615384 0.8473557692307693 0.16346153846153846 0.16346153846153846