4 0.4791666666666667 0.17647058823529413 0.1642156862745098 0.23529411764705882
4 0.1642156862745098 0.39705882352941174 0.16176470588235295 0.22549019607843138
4 0.803921568627451 0.4105392156862745 0.1568627450980392 0.22303921568627452
4 0.6397058823529411 0.4019607843137255 0.16176470588235295 0.22549019607843138
4 0.32230392156862747 0.3799019607843137 0.1642156862745098 0.23039215686274508
4 0.48161764705882354 0.4105392156862745 0.16176470588235295 0.23039215686274508
4 0.041666666666666664 0.616421568627451 0.08333333333333333 0.23774509803921567
4 0.16544117647058823 0.6262254901960784 0.1642156862745098 0.23284313725490197
4 0.3272058823529412 0.6090686274509803 0.16176470588235295 0.23284313725490197
4 0.48284313725490197 0.6360294117647058 0.15931372549019607 0.22549019607843138
4 0.6409313725490197 0.6323529411764706 0.1568627450980392 0.22794117647058823
4 0.7990196078431373 0.6409313725490197 0.15931372549019607 0.23039215686274508
4 0.0428921568627451 0.8247549019607843 0.0857843137254902 0.17892156862745098
4 0.1642156862745098 0.8259803921568627 0.16176470588235295 0.1715686274509804
4 0.32598039215686275 0.8174019607843137 0.1642156862745098 0.19117647058823528
4 0.9375 0.6458333333333334 0.125 0.23284313725490197
4 0.4840686274509804 0.8333333333333334 0.1568627450980392 0.16666666666666666
4 0.6397058823529411 0.8333333333333334 0.1568627450980392 0.16666666666666666
4 0.9375 0.8406862745098039 0.125 0.1568627450980392
4 0.7965686274509803 0.8370098039215687 0.15931372549019607 0.15931372549019607