4 0.4792682926829268 0.18292682926829268 0.16341463414634147 0.23414634146341465
4 0.16585365853658537 0.4024390243902439 0.16097560975609757 0.22439024390243903
4 0.802439024390244 0.41585365853658535 0.15609756097560976 0.22195121951219512
4 0.6390243902439025 0.4073170731707317 0.16097560975609757 0.22439024390243903
4 0.3231707317073171 0.3853658536585366 0.16341463414634147 0.22926829268292684
4 0.4817073170731707 0.41585365853658535 0.16097560975609757 0.22926829268292684
4 0.042682926829268296 0.6207317073170732 0.08536585365853659 0.23658536585365852
4 0.16707317073170733 0.6304878048780488 0.16341463414634147 0.23170731707317074
4 0.3280487804878049 0.6134146341463415 0.16097560975609757 0.23170731707317074
4 0.48292682926829267 0.6402439024390244 0.15853658536585366 0.22439024390243903
4 0.6402439024390244 0.6365853658536585 0.15609756097560976 0.22682926829268293
4 0.7975609756097561 0.6451219512195122 0.15853658536585366 0.22926829268292684
4 0.04390243902439024 0.8280487804878048 0.08780487804878048 0.17804878048780487
4 0.16585365853658537 0.8292682926829268 0.16097560975609757 0.17073170731707318
4 0.32682926829268294 0.8207317073170731 0.16341463414634147 0.1902439024390244
4 0.9365853658536586 0.65 0.12682926829268293 0.23170731707317074
4 0.4841463414634146 0.8365853658536585 0.15609756097560976 0.16585365853658537
4 0.6390243902439025 0.8365853658536585 0.15609756097560976 0.16585365853658537
4 0.9365853658536586 0.8439024390243902 0.12682926829268293 0.15609756097560976
4 0.7951219512195122 0.8402439024390244 0.15853658536585366 0.15853658536585366