4 0.4825268817204301 0.15053763440860216 0.18010752688172044 0.25806451612903225
4 0.13709677419354838 0.3924731182795699 0.1774193548387097 0.24731182795698925
4 0.8387096774193549 0.40725806451612906 0.17204301075268819 0.2446236559139785
4 0.6586021505376344 0.3978494623655914 0.1774193548387097 0.24731182795698925
4 0.31048387096774194 0.3736559139784946 0.18010752688172044 0.25268817204301075
4 0.4852150537634409 0.40725806451612906 0.1774193548387097 0.25268817204301075
4 0.024193548387096774 0.6330645161290323 0.04838709677419355 0.260752688172043
4 0.13844086021505375 0.6438172043010753 0.18010752688172044 0.2553763440860215
4 0.31586021505376344 0.625 0.1774193548387097 0.2553763440860215
4 0.48655913978494625 0.6545698924731183 0.17473118279569894 0.24731182795698925
4 0.6599462365591398 0.6505376344086021 0.17204301075268819 0.25
4 0.8333333333333334 0.6599462365591398 0.17473118279569894 0.25268817204301075
4 0.025537634408602152 0.8615591397849462 0.051075268817204304 0.19623655913978494
4 0.13709677419354838 0.8629032258064516 0.1774193548387097 0.1881720430107527
4 0.31451612903225806 0.853494623655914 0.18010752688172044 0.20967741935483872
4 0.9583333333333334 0.6653225806451613 0.08333333333333333 0.2553763440860215
4 0.4879032258064516 0.8709677419354839 0.17204301075268819 0.1827956989247312
4 0.6586021505376344 0.8709677419354839 0.17204301075268819 0.1827956989247312
4 0.9583333333333334 0.8790322580645161 0.08333333333333333 0.17204301075268819
4 0.8306451612903226 0.875 0.17473118279569894 0.17473118279569894