0 0.5396634615384616 0.1875 0.20192307692307693 0.25721153846153844
0 0.19591346153846154 0.3401442307692308 0.1971153846153846 0.24759615384615385
0 0.8088942307692307 0.4735576923076923 0.19230769230769232 0.24519230769230768
0 0.6526442307692307 0.4338942307692308 0.1971153846153846 0.24759615384615385
0 0.35096153846153844 0.35336538461538464 0.20192307692307693 0.25240384615384615
0 0.4987980769230769 0.41225961538461536 0.19951923076923078 0.25240384615384615
0 0.04927884615384615 0.5288461538461539 0.0985576923076923 0.24519230769230768
0 0.15384615384615385 0.5612980769230769 0.20192307692307693 0.2548076923076923
0 0.3125 0.5745192307692307 0.19951923076923078 0.2548076923076923
0 0.4579326923076923 0.6298076923076923 0.19471153846153846 0.24759615384615385
0 0.6105769230769231 0.65625 0.19471153846153846 0.25
0 0.7608173076923077 0.6935096153846154 0.1971153846153846 0.25240384615384615
0 0.027644230769230768 0.7271634615384616 0.055288461538461536 0.18990384615384615
0 0.11538461538461539 0.7536057692307693 0.1875 0.19471153846153846
0 0.27283653846153844 0.7752403846153846 0.19471153846153846 0.21394230769230768
0 0.8978365384615384 0.7259615384615384 0.17307692307692307 0.25
0 0.421875 0.8197115384615384 0.18269230769230768 0.18990384615384615
0 0.5721153846153846 0.8497596153846154 0.18269230769230768 0.18990384615384615
0 0.8605769230769231 0.9122596153846154 0.15865384615384615 0.17548076923076922
0 0.7223557692307693 0.8822115384615384 0.18269230769230768 0.18269230769230768