4 0.4815270935960591 0.17980295566502463 0.16502463054187191 0.23645320197044334
4 0.16502463054187191 0.4014778325123153 0.1625615763546798 0.22660098522167488
4 0.8078817733990148 0.41502463054187194 0.15763546798029557 0.22413793103448276
4 0.6428571428571429 0.4064039408866995 0.1625615763546798 0.22660098522167488
4 0.32389162561576357 0.3842364532019704 0.16502463054187191 0.2315270935960591
4 0.4839901477832512 0.41502463054187194 0.1625615763546798 0.2315270935960591
4 0.04187192118226601 0.6219211822660099 0.08374384236453201 0.23891625615763548
4 0.16625615763546797 0.6317733990147784 0.16502463054187191 0.23399014778325122
4 0.3288177339901478 0.6145320197044335 0.1625615763546798 0.23399014778325122
4 0.4852216748768473 0.6416256157635468 0.16009852216748768 0.22660098522167488
4 0.6440886699507389 0.6379310344827587 0.15763546798029557 0.229064039408867
4 0.8029556650246306 0.646551724137931 0.16009852216748768 0.2315270935960591
4 0.04310344827586207 0.8312807881773399 0.08620689655172414 0.17980295566502463
4 0.16502463054187191 0.8325123152709359 0.1625615763546798 0.1724137931034483
4 0.3275862068965517 0.8238916256157636 0.16502463054187191 0.1921182266009852
4 0.9396551724137931 0.6514778325123153 0.1206896551724138 0.23399014778325122
4 0.48645320197044334 0.8399014778325123 0.15763546798029557 0.16748768472906403
4 0.6428571428571429 0.8399014778325123 0.15763546798029557 0.16748768472906403
4 0.9396551724137931 0.8472906403940886 0.1206896551724138 0.15763546798029557
4 0.8004926108374384 0.8435960591133005 0.16009852216748768 0.16009852216748768