0 0.5456730769230769 0.1875 0.20432692307692307 0.25961538461538464
0 0.19831730769230768 0.33533653846153844 0.20192307692307693 0.25
0 0.8088942307692307 0.47836538461538464 0.1971153846153846 0.24519230769230768
0 0.6538461538461539 0.4362980769230769 0.20192307692307693 0.25
0 0.35336538461538464 0.35096153846153844 0.20432692307692307 0.2548076923076923
0 0.5 0.41225961538461536 0.20192307692307693 0.2548076923076923
0 0.04927884615384615 0.5204326923076923 0.0985576923076923 0.24759615384615385
0 0.15264423076923078 0.5552884615384616 0.20432692307692307 0.25721153846153844
0 0.3112980769230769 0.5721153846153846 0.20192307692307693 0.25721153846153844
0 0.45552884615384615 0.6298076923076923 0.19951923076923078 0.25
0 0.6081730769230769 0.6586538461538461 0.1971153846153846 0.25
0 0.7572115384615384 0.6983173076923077 0.19951923076923078 0.25240384615384615
0 0.026442307692307692 0.71875 0.052884615384615384 0.19230769230769232
0 0.11057692307692307 0.7463942307692307 0.18990384615384615 0.1971153846153846
0 0.26802884615384615 0.7716346153846154 0.1971153846153846 0.21634615384615385
0 0.8942307692307693 0.7319711538461539 0.1778846153846154 0.25
0 0.41586538461538464 0.8185096153846154 0.18509615384615385 0.19230769230769232
0 0.5661057692307693 0.8509615384615384 0.18509615384615385 0.19230769230769232
0 0.8545673076923077 0.9146634615384616 0.16105769230769232 0.17067307692307693
0 0.7151442307692307 0.8858173076923077 0.18509615384615385 0.18509615384615385