4 0.4795673076923077 0.18509615384615385 0.16105769230769232 0.23076923076923078
4 0.17067307692307693 0.4014423076923077 0.15865384615384615 0.22115384615384615
4 0.7980769230769231 0.41466346153846156 0.15384615384615385 0.21875
4 0.6370192307692307 0.40625 0.15865384615384615 0.22115384615384615
4 0.32572115384615385 0.38461538461538464 0.16105769230769232 0.22596153846153846
4 0.48197115384615385 0.41466346153846156 0.15865384615384615 0.22596153846153846
4 0.04567307692307692 0.6177884615384616 0.09134615384615384 0.23317307692307693
4 0.171875 0.6262019230769231 0.16105769230769232 0.2283653846153846
4 0.33052884615384615 0.609375 0.15865384615384615 0.2283653846153846
4 0.4831730769230769 0.6358173076923077 0.15625 0.22115384615384615
4 0.6382211538461539 0.6322115384615384 0.15384615384615385 0.22355769230769232
4 0.7932692307692307 0.640625 0.15625 0.22596153846153846
4 0.046875 0.8209134615384616 0.09375 0.17548076923076922
4 0.17067307692307693 0.8221153846153846 0.15865384615384615 0.16826923076923078
4 0.3293269230769231 0.8137019230769231 0.16105769230769232 0.1875
4 0.9338942307692307 0.6454326923076923 0.13221153846153846 0.2283653846153846
4 0.484375 0.8293269230769231 0.15384615384615385 0.16346153846153846
4 0.6370192307692307 0.8293269230769231 0.15384615384615385 0.16346153846153846
4 0.9338942307692307 0.8365384615384616 0.13221153846153846 0.15384615384615385
4 0.7908653846153846 0.8329326923076923 0.15625 0.15625