4 0.48651960784313725 0.17892156862745098 0.1642156862745098 0.23529411764705882
4 0.1715686274509804 0.39950980392156865 0.16176470588235295 0.22549019607843138
4 0.8112745098039216 0.41299019607843135 0.1568627450980392 0.22303921568627452
4 0.6470588235294118 0.40441176470588236 0.16176470588235295 0.22549019607843138
4 0.32965686274509803 0.38235294117647056 0.1642156862745098 0.23039215686274508
4 0.4889705882352941 0.41299019607843135 0.16176470588235295 0.23039215686274508
4 0.04534313725490196 0.6188725490196079 0.09068627450980392 0.23774509803921567
4 0.17279411764705882 0.6286764705882353 0.1642156862745098 0.23284313725490197
4 0.33455882352941174 0.6115196078431373 0.16176470588235295 0.23284313725490197
4 0.49019607843137253 0.6384803921568627 0.15931372549019607 0.22549019607843138
4 0.6482843137254902 0.6348039215686274 0.1568627450980392 0.22794117647058823
4 0.8063725490196079 0.6433823529411765 0.15931372549019607 0.23039215686274508
4 0.04656862745098039 0.8272058823529411 0.09313725490196079 0.17892156862745098
4 0.1715686274509804 0.8284313725490197 0.16176470588235295 0.1715686274509804
4 0.3333333333333333 0.8198529411764706 0.1642156862745098 0.19117647058823528
4 0.9411764705882353 0.6482843137254902 0.11764705882352941 0.23284313725490197
4 0.49142156862745096 0.8357843137254902 0.1568627450980392 0.16666666666666666
4 0.6470588235294118 0.8357843137254902 0.1568627450980392 0.16666666666666666
4 0.9411764705882353 0.8431372549019608 0.11764705882352941 0.1568627450980392
4 0.803921568627451 0.8394607843137255 0.15931372549019607 0.15931372549019607