0 0.18990384615384615 0.11298076923076923 0.27403846153846156 0.22596153846153846
0 0.15625 0.296875 0.27884615384615385 0.2283653846153846
0 0.41225961538461536 0.34615384615384615 0.2980769230769231 0.23557692307692307
0 0.6875 0.40625 0.2980769230769231 0.2283653846153846
0 0.12980769230769232 0.47716346153846156 0.25961538461538464 0.2283653846153846
0 0.38221153846153844 0.5216346153846154 0.2956730769230769 0.2283653846153846
0 0.6418269230769231 0.5817307692307693 0.3004807692307692 0.22355769230769232
0 0.11298076923076923 0.6502403846153846 0.22596153846153846 0.22355769230769232
0 0.3401442307692308 0.6935096153846154 0.3076923076923077 0.23317307692307693
0 0.6045673076923077 0.7560096153846154 0.28365384615384615 0.22596153846153846
0 0.84375 0.8004807692307693 0.2403846153846154 0.21153846153846154
0 0.8762019230769231 0.6225961538461539 0.24519230769230768 0.22115384615384615
0 0.10096153846153846 0.8004807692307693 0.20192307692307693 0.16826923076923078
0 0.3245192307692308 0.8485576923076923 0.28365384615384615 0.17307692307692307
0 0.5769230769230769 0.9002403846153846 0.27403846153846156 0.16346153846153846
0 0.8149038461538461 0.9338942307692307 0.23076923076923078 0.13221153846153846