0 0.10336538461538461 0.24879807692307693 0.20673076923076922 0.22355769230769232
0 0.12139423076923077 0.4326923076923077 0.24278846153846154 0.22596153846153846
0 0.3629807692307692 0.3870192307692308 0.2956730769230769 0.23076923076923078
0 0.640625 0.34615384615384615 0.2956730769230769 0.22355769230769232
0 0.13822115384615385 0.6141826923076923 0.2764423076923077 0.22596153846153846
0 0.39783653846153844 0.5625 0.2932692307692308 0.22355769230769232
0 0.6622596153846154 0.5252403846153846 0.2980769230769231 0.22115384615384615
0 0.16947115384615385 0.7884615384615384 0.27403846153846156 0.22115384615384615
0 0.41947115384615385 0.7379807692307693 0.30528846153846156 0.2283653846153846
0 0.6887019230769231 0.7007211538461539 0.28125 0.22115384615384615
0 0.9038461538461539 0.6574519230769231 0.19230769230769232 0.2091346153846154
0 0.8870192307692307 0.47836538461538464 0.22596153846153846 0.21634615384615385
0 0.19951923076923078 0.9266826923076923 0.27403846153846156 0.1466346153846154
0 0.46153846153846156 0.8894230769230769 0.28125 0.16826923076923078
0 0.7151442307692307 0.8461538461538461 0.27403846153846156 0.15865384615384615
0 0.9194711538461539 0.8028846153846154 0.16105769230769232 0.15384615384615385