4 0.12139423076923077 0.1778846153846154 0.24278846153846154 0.18509615384615385
4 0.12379807692307693 0.36658653846153844 0.24759615384615385 0.18509615384615385
4 0.38461538461538464 0.36538461538461536 0.2668269230769231 0.1875
4 0.6658653846153846 0.37259615384615385 0.2692307692307692 0.18028846153846154
4 0.12379807692307693 0.5492788461538461 0.24759615384615385 0.18509615384615385
4 0.38822115384615385 0.5432692307692307 0.2668269230769231 0.18028846153846154
4 0.6550480769230769 0.5528846153846154 0.27163461538461536 0.17548076923076922
4 0.12379807692307693 0.7271634615384616 0.24759615384615385 0.18028846153846154
4 0.3798076923076923 0.7199519230769231 0.27884615384615385 0.18269230769230768
4 0.6514423076923077 0.7307692307692307 0.2548076923076923 0.18028846153846154
4 0.8942307692307693 0.7295673076923077 0.21153846153846154 0.17548076923076922
4 0.8930288461538461 0.5480769230769231 0.21394230769230768 0.18269230769230768
4 0.12860576923076922 0.8786057692307693 0.25721153846153844 0.12259615384615384
4 0.3942307692307692 0.8762019230769231 0.2644230769230769 0.125
4 0.6514423076923077 0.8786057692307693 0.25721153846153844 0.11538461538461539
4 0.8942307692307693 0.8774038461538461 0.21153846153846154 0.11778846153846154