0 0.21754807692307693 0.10576923076923077 0.28125 0.21153846153846154
0 0.17067307692307693 0.27403846153846156 0.2860576923076923 0.24278846153846154
0 0.4230769230769231 0.3401442307692308 0.30528846153846156 0.25
0 0.6935096153846154 0.41947115384615385 0.3076923076923077 0.24278846153846154
0 0.13341346153846154 0.45072115384615385 0.2668269230769231 0.24278846153846154
0 0.38100961538461536 0.5132211538461539 0.30528846153846156 0.24278846153846154
0 0.6358173076923077 0.5913461538461539 0.3076923076923077 0.2403846153846154
0 0.11057692307692307 0.6213942307692307 0.22115384615384615 0.23798076923076922
0 0.3269230769230769 0.6814903846153846 0.3173076923076923 0.24759615384615385
0 0.5865384615384616 0.7620192307692307 0.2932692307692308 0.2403846153846154
0 0.8209134615384616 0.8233173076923077 0.25 0.22355769230769232
0 0.8677884615384616 0.6478365384615384 0.2548076923076923 0.23076923076923078
0 0.09134615384615384 0.7680288461538461 0.18269230769230768 0.18509615384615385
0 0.3004807692307692 0.8365384615384616 0.28846153846153844 0.18990384615384615
0 0.5480769230769231 0.9050480769230769 0.27884615384615385 0.1778846153846154
0 0.7836538461538461 0.9411057692307693 0.23557692307692307 0.11778846153846154