4 0.10471204188481675 0.13743455497382198 0.2094240837696335 0.20157068062827224
4 0.10732984293193717 0.34424083769633507 0.21465968586387435 0.20157068062827224
4 0.36387434554973824 0.34293193717277487 0.2905759162303665 0.20418848167539266
4 0.6701570680628273 0.3507853403141361 0.2931937172774869 0.19633507853403143
4 0.10732984293193717 0.5431937172774869 0.21465968586387435 0.20157068062827224
4 0.36780104712041883 0.5366492146596858 0.2905759162303665 0.19633507853403143
4 0.6583769633507853 0.5471204188481675 0.29581151832460734 0.19109947643979058
4 0.10732984293193717 0.7369109947643979 0.21465968586387435 0.19633507853403143
4 0.3586387434554974 0.7290575916230366 0.3036649214659686 0.19895287958115182
4 0.6544502617801047 0.7408376963350786 0.2774869109947644 0.19633507853403143
4 0.9018324607329843 0.7395287958115183 0.19633507853403143 0.19109947643979058
4 0.900523560209424 0.5418848167539267 0.19895287958115182 0.19895287958115182
4 0.112565445026178 0.9018324607329843 0.225130890052356 0.13350785340314136
4 0.3743455497382199 0.8992146596858639 0.2879581151832461 0.13612565445026178
4 0.6544502617801047 0.9018324607329843 0.2801047120418848 0.1256544502617801
4 0.9018324607329843 0.8992146596858639 0.19633507853403143 0.12827225130890052