4 0.1116751269035533 0.15101522842639595 0.2233502538071066 0.19543147208121828
4 0.11421319796954314 0.35152284263959394 0.22842639593908629 0.19543147208121828
4 0.3730964467005076 0.350253807106599 0.2817258883248731 0.19796954314720813
4 0.6700507614213198 0.35786802030456855 0.28426395939086296 0.19035532994923857
4 0.11421319796954314 0.5444162436548223 0.22842639593908629 0.19543147208121828
4 0.3769035532994924 0.5380710659898477 0.2817258883248731 0.19035532994923857
4 0.6586294416243654 0.5482233502538071 0.2868020304568528 0.18527918781725888
4 0.11421319796954314 0.7322335025380711 0.22842639593908629 0.19035532994923857
4 0.3680203045685279 0.7246192893401016 0.29441624365482233 0.19289340101522842
4 0.6548223350253807 0.7360406091370558 0.26903553299492383 0.19035532994923857
4 0.899746192893401 0.7347715736040609 0.20050761421319796 0.18527918781725888
4 0.8984771573604061 0.5431472081218274 0.20304568527918782 0.19289340101522842
4 0.11928934010152284 0.8921319796954315 0.23857868020304568 0.12944162436548223
4 0.383248730964467 0.8895939086294417 0.27918781725888325 0.1319796954314721
4 0.6548223350253807 0.8921319796954315 0.2715736040609137 0.1218274111675127
4 0.899746192893401 0.8895939086294417 0.20050761421319796 0.12436548223350254