4 0.11829268292682926 0.16951219512195123 0.23658536585365852 0.1878048780487805
4 0.12073170731707317 0.3621951219512195 0.24146341463414633 0.1878048780487805
4 0.3804878048780488 0.36097560975609755 0.2707317073170732 0.1902439024390244
4 0.6658536585365854 0.36829268292682926 0.2731707317073171 0.18292682926829268
4 0.12073170731707317 0.5475609756097561 0.24146341463414633 0.1878048780487805
4 0.38414634146341464 0.5414634146341464 0.2707317073170732 0.18292682926829268
4 0.6548780487804878 0.551219512195122 0.275609756097561 0.17804878048780487
4 0.12073170731707317 0.7280487804878049 0.24146341463414633 0.18292682926829268
4 0.375609756097561 0.7207317073170731 0.28292682926829266 0.18536585365853658
4 0.651219512195122 0.7317073170731707 0.25853658536585367 0.18292682926829268
4 0.8951219512195122 0.7304878048780488 0.2097560975609756 0.17804878048780487
4 0.8939024390243903 0.5463414634146342 0.2121951219512195 0.18536585365853658
4 0.12560975609756098 0.8817073170731707 0.25121951219512195 0.12439024390243902
4 0.3902439024390244 0.8792682926829268 0.2682926829268293 0.12682926829268293
4 0.651219512195122 0.8817073170731707 0.26097560975609757 0.11707317073170732
4 0.8951219512195122 0.8792682926829268 0.2097560975609756 0.11951219512195121