4 0.11303191489361702 0.17420212765957446 0.22606382978723405 0.2047872340425532
4 0.11569148936170212 0.38430851063829785 0.23138297872340424 0.2047872340425532
4 0.3829787234042553 0.3829787234042553 0.29521276595744683 0.2074468085106383
4 0.6941489361702128 0.39095744680851063 0.2978723404255319 0.19946808510638298
4 0.11569148936170212 0.586436170212766 0.23138297872340424 0.2047872340425532
4 0.386968085106383 0.5797872340425532 0.29521276595744683 0.19946808510638298
4 0.6821808510638298 0.5904255319148937 0.300531914893617 0.19414893617021275
4 0.11569148936170212 0.7832446808510638 0.23138297872340424 0.19946808510638298
4 0.3776595744680851 0.7752659574468085 0.30851063829787234 0.20212765957446807
4 0.6781914893617021 0.7872340425531915 0.28191489361702127 0.19946808510638298
4 0.9148936170212766 0.785904255319149 0.1702127659574468 0.19414893617021275
4 0.913563829787234 0.5851063829787234 0.17287234042553193 0.20212765957446807
4 0.12101063829787234 0.9414893617021277 0.24202127659574468 0.11702127659574468
4 0.39361702127659576 0.9388297872340425 0.2925531914893617 0.12234042553191489
4 0.6768617021276596 0.9428191489361702 0.2845744680851064 0.11436170212765957
4 0.9148936170212766 0.9414893617021277 0.1702127659574468 0.11702127659574468