0 0.16105769230769232 0.5276442307692307 0.1778846153846154 0.20432692307692307
0 0.16466346153846154 0.7259615384615384 0.1778846153846154 0.2091346153846154
0 0.33052884615384615 0.33052884615384615 0.17307692307692307 0.20192307692307693
0 0.3317307692307692 0.5240384615384616 0.17548076923076922 0.20192307692307693
0 0.34134615384615385 0.7163461538461539 0.17548076923076922 0.20432692307692307
0 0.49759615384615385 0.3269230769230769 0.17307692307692307 0.19471153846153846
0 0.5036057692307693 0.5168269230769231 0.17067307692307693 0.20192307692307693
0 0.5096153846153846 0.7067307692307693 0.17307692307692307 0.19951923076923078
0 0.6634615384615384 0.32211538461538464 0.1658653846153846 0.1971153846153846
0 0.6730769230769231 0.5120192307692307 0.16826923076923078 0.1971153846153846
0 0.6826923076923077 0.7007211538461539 0.17067307692307693 0.20432692307692307