4 0.1440886699507389 0.5110837438423645 0.1748768472906404 0.2044334975369458
4 0.1416256157635468 0.7142857142857143 0.1748768472906404 0.20935960591133004
4 0.3251231527093596 0.31527093596059114 0.16995073891625614 0.2019704433497537
4 0.31896551724137934 0.5135467980295566 0.1724137931034483 0.2019704433497537
4 0.3226600985221675 0.7105911330049262 0.1724137931034483 0.2044334975369458
4 0.4963054187192118 0.31773399014778325 0.16995073891625614 0.19458128078817735
4 0.4963054187192118 0.5123152709359606 0.16748768472906403 0.2019704433497537
4 0.49507389162561577 0.7068965517241379 0.16995073891625614 0.19950738916256158
4 0.666256157635468 0.31896551724137934 0.1625615763546798 0.19704433497536947
4 0.6699507389162561 0.5135467980295566 0.16502463054187191 0.19704433497536947
4 0.6724137931034483 0.7068965517241379 0.16748768472906403 0.2044334975369458