4 0.08947368421052632 0.5302631578947369 0.17894736842105263 0.21842105263157896
4 0.0881578947368421 0.7460526315789474 0.1763157894736842 0.2236842105263158
4 0.2789473684210526 0.32105263157894737 0.18157894736842106 0.21578947368421053
4 0.2723684210526316 0.5328947368421053 0.18421052631578946 0.21578947368421053
4 0.27631578947368424 0.743421052631579 0.18421052631578946 0.21842105263157896
4 0.4618421052631579 0.3236842105263158 0.18157894736842106 0.20789473684210527
4 0.4618421052631579 0.531578947368421 0.17894736842105263 0.21578947368421053
4 0.4605263157894737 0.7394736842105263 0.18157894736842106 0.2131578947368421
4 0.6434210526315789 0.325 0.1736842105263158 0.21052631578947367
4 0.6473684210526316 0.5328947368421053 0.1763157894736842 0.21052631578947367
4 0.65 0.7394736842105263 0.17894736842105263 0.21842105263157896