4 0.08866995073891626 0.20935960591133004 0.17733990147783252 0.14285714285714285
4 0.10714285714285714 0.11206896551724138 0.21428571428571427 0.04187192118226601
4 0.2955665024630542 0.20812807881773399 0.10837438423645321 0.27832512315270935
4 0.18842364532019704 0.04433497536945813 0.29802955665024633 0.08866995073891626
4 0.5172413793103449 0.06403940886699508 0.3103448275862069 0.12807881773399016
4 0.8411330049261084 0.0603448275862069 0.3078817733990148 0.1206896551724138
4 0.5283251231527094 0.27832512315270935 0.31773399014778325 0.31773399014778325
4 0.8411330049261084 0.2684729064039409 0.31773399014778325 0.31527093596059114
4 0.08990147783251232 0.35467980295566504 0.17980295566502463 0.14285714285714285
4 0.27955665024630544 0.4445812807881773 0.18719211822660098 0.1921182266009852
4 0.08866995073891626 0.583743842364532 0.17733990147783252 0.3103448275862069
4 0.27216748768472904 0.6428571428571429 0.18719211822660098 0.21428571428571427
4 0.4827586206896552 0.5960591133004927 0.21921182266009853 0.3226600985221675
4 0.7192118226600985 0.5911330049261084 0.25862068965517243 0.31773399014778325
4 0.9236453201970444 0.5246305418719212 0.15270935960591134 0.20689655172413793
4 0.1416256157635468 0.833743842364532 0.2832512315270936 0.18472906403940886
4 0.47413793103448276 0.8411330049261084 0.3866995073891626 0.1724137931034483
4 0.7795566502463054 0.8399014778325123 0.22660098522167488 0.18226600985221675
4 0.9433497536945813 0.7807881773399015 0.11330049261083744 0.30049261083743845