4 0.0778061224489796 0.20153061224489796 0.1556122448979592 0.14795918367346939
4 0.09693877551020408 0.10076530612244898 0.19387755102040816 0.04336734693877551
4 0.2780612244897959 0.2002551020408163 0.11224489795918367 0.288265306122449
4 0.16709183673469388 0.03826530612244898 0.3086734693877551 0.07653061224489796
4 0.5076530612244898 0.058673469387755105 0.32142857142857145 0.11734693877551021
4 0.8418367346938775 0.0548469387755102 0.3163265306122449 0.1096938775510204
4 0.5191326530612245 0.2729591836734694 0.32908163265306123 0.32908163265306123
4 0.8392857142857143 0.2627551020408163 0.32142857142857145 0.32653061224489793
4 0.07908163265306123 0.3520408163265306 0.15816326530612246 0.14795918367346939
4 0.2614795918367347 0.4451530612244898 0.19387755102040816 0.1989795918367347
4 0.0778061224489796 0.5892857142857143 0.1556122448979592 0.32142857142857145
4 0.2538265306122449 0.6505102040816326 0.19387755102040816 0.22193877551020408
4 0.4719387755102041 0.6020408163265306 0.22704081632653061 0.33418367346938777
4 0.7168367346938775 0.5969387755102041 0.26785714285714285 0.32908163265306123
4 0.9247448979591837 0.5280612244897959 0.15051020408163265 0.21428571428571427
4 0.1326530612244898 0.8482142857142857 0.2653061224489796 0.1913265306122449
4 0.4630102040816326 0.8558673469387755 0.4005102040816326 0.17857142857142858
4 0.7793367346938775 0.8545918367346939 0.23469387755102042 0.18877551020408162
4 0.9451530612244898 0.7933673469387755 0.1096938775510204 0.3112244897959184