0 0.09254807692307693 0.2127403846153846 0.18509615384615385 0.14182692307692307
0 0.109375 0.11899038461538461 0.21875 0.04567307692307692
0 0.3004807692307692 0.2091346153846154 0.11057692307692307 0.27403846153846156
0 0.1935096153846154 0.04927884615384615 0.2932692307692308 0.09375
0 0.5132211538461539 0.06490384615384616 0.30528846153846156 0.12980769230769232
0 0.8293269230769231 0.057692307692307696 0.30288461538461536 0.11538461538461539
0 0.5288461538461539 0.27403846153846156 0.31490384615384615 0.31490384615384615
0 0.8377403846153846 0.25961538461538464 0.32211538461538464 0.3125
0 0.09495192307692307 0.3545673076923077 0.18990384615384615 0.14182692307692307
0 0.28846153846153844 0.43990384615384615 0.18509615384615385 0.18990384615384615
0 0.09615384615384616 0.578125 0.19230769230769232 0.30528846153846156
0 0.2848557692307692 0.6334134615384616 0.1875 0.21153846153846154
0 0.4891826923076923 0.5841346153846154 0.21875 0.31971153846153844
0 0.7199519230769231 0.5757211538461539 0.25721153846153844 0.31490384615384615
0 0.9206730769230769 0.5072115384615384 0.15625 0.20432692307692307
0 0.15264423076923078 0.8221153846153846 0.2956730769230769 0.18509615384615385
0 0.4855769230769231 0.8233173076923077 0.3798076923076923 0.17548076923076922
0 0.7836538461538461 0.8173076923076923 0.22355769230769232 0.18269230769230768
0 0.9423076923076923 0.7560096153846154 0.11538461538461539 0.2956730769230769