4 0.0874384236453202 0.2019704433497537 0.1748768472906404 0.14285714285714285
4 0.10591133004926108 0.10467980295566502 0.21182266009852216 0.04187192118226601
4 0.29310344827586204 0.20073891625615764 0.10837438423645321 0.27832512315270935
4 0.18596059113300492 0.04064039408866995 0.29802955665024633 0.0812807881773399
4 0.5147783251231527 0.0603448275862069 0.3103448275862069 0.1206896551724138
4 0.8386699507389163 0.05665024630541872 0.3078817733990148 0.11330049261083744
4 0.5258620689655172 0.270935960591133 0.31773399014778325 0.31773399014778325
4 0.8399014778325123 0.26108374384236455 0.32019704433497537 0.31527093596059114
4 0.08866995073891626 0.3472906403940887 0.17733990147783252 0.14285714285714285
4 0.2770935960591133 0.437192118226601 0.18719211822660098 0.1921182266009852
4 0.0874384236453202 0.5763546798029556 0.1748768472906404 0.3103448275862069
4 0.2697044334975369 0.6354679802955665 0.18719211822660098 0.21428571428571427
4 0.4802955665024631 0.5886699507389163 0.21921182266009853 0.3226600985221675
4 0.7167487684729064 0.583743842364532 0.25862068965517243 0.31773399014778325
4 0.9224137931034483 0.5172413793103449 0.15517241379310345 0.20689655172413793
4 0.14039408866995073 0.8263546798029556 0.28078817733990147 0.18472906403940886
4 0.47167487684729065 0.833743842364532 0.3866995073891626 0.1724137931034483
4 0.7770935960591133 0.8325123152709359 0.22660098522167488 0.18226600985221675
4 0.9421182266009852 0.7733990147783252 0.11576354679802955 0.30049261083743845