0 0.078125 0.2800480769230769 0.15625 0.17067307692307693
0 0.0829326923076923 0.18389423076923078 0.1658653846153846 0.07932692307692307
0 0.25721153846153844 0.2439903846153846 0.15144230769230768 0.2860576923076923
0 0.13942307692307693 0.10216346153846154 0.27884615384615385 0.13701923076923078
0 0.44591346153846156 0.07692307692307693 0.31971153846153844 0.15384615384615385
0 0.7548076923076923 0.046875 0.3173076923076923 0.09375
0 0.49278846153846156 0.27163461538461536 0.3581730769230769 0.3581730769230769
0 0.7956730769230769 0.21033653846153846 0.36538461538461536 0.3581730769230769
0 0.09134615384615384 0.41947115384615385 0.18269230769230768 0.17067307692307693
0 0.28125 0.4735576923076923 0.21153846153846154 0.21634615384615385
0 0.11658653846153846 0.6418269230769231 0.23317307692307693 0.3317307692307692
0 0.3088942307692308 0.6658653846153846 0.21634615384615385 0.23798076923076922
0 0.5024038461538461 0.5853365384615384 0.2644230769230769 0.34615384615384615
0 0.7295673076923077 0.5396634615384616 0.30288461538461536 0.3485576923076923
0 0.9110576923076923 0.43990384615384615 0.1778846153846154 0.22596153846153846
0 0.20673076923076922 0.8725961538461539 0.31971153846153844 0.2283653846153846
0 0.5360576923076923 0.8221153846153846 0.4014423076923077 0.23076923076923078
0 0.8293269230769231 0.7692307692307693 0.24759615384615385 0.21394230769230768
0 0.9483173076923077 0.6838942307692307 0.10336538461538461 0.31009615384615385