0 0.07451923076923077 0.296875 0.14903846153846154 0.17548076923076922
0 0.07692307692307693 0.19951923076923078 0.15384615384615385 0.08653846153846154
0 0.24879807692307693 0.25240384615384615 0.16105769230769232 0.28846153846153844
0 0.13221153846153846 0.11658653846153846 0.2644230769230769 0.1466346153846154
0 0.43028846153846156 0.08052884615384616 0.32211538461538464 0.16105769230769232
0 0.7391826923076923 0.04447115384615385 0.31971153846153844 0.0889423076923077
0 0.484375 0.27163461538461536 0.36778846153846156 0.36778846153846156
0 0.7848557692307693 0.19951923076923078 0.375 0.36778846153846156
0 0.09014423076923077 0.4362980769230769 0.18028846153846154 0.17548076923076922
0 0.28125 0.48197115384615385 0.21875 0.22115384615384615
0 0.12139423076923077 0.6538461538461539 0.24278846153846154 0.33653846153846156
0 0.3137019230769231 0.671875 0.22115384615384615 0.24278846153846154
0 0.5060096153846154 0.5853365384615384 0.27403846153846156 0.35336538461538464
0 0.7307692307692307 0.5324519230769231 0.3125 0.3557692307692308
0 0.9086538461538461 0.4266826923076923 0.18269230769230768 0.2283653846153846
0 0.21995192307692307 0.8810096153846154 0.3245192307692308 0.23798076923076922
0 0.546875 0.8209134615384616 0.40384615384615385 0.24278846153846154
0 0.8389423076923077 0.7572115384615384 0.25240384615384615 0.22115384615384615
0 0.9495192307692307 0.6658653846153846 0.10096153846153846 0.3125