4 0.07161458333333333 0.16666666666666666 0.14322916666666666 0.15104166666666666
4 0.09114583333333333 0.06380208333333333 0.18229166666666666 0.044270833333333336
4 0.2682291666666667 0.16536458333333334 0.11458333333333333 0.2942708333333333
4 0.15625 0.01953125 0.3125 0.0390625
4 0.5026041666666666 0.040364583333333336 0.328125 0.08072916666666667
4 0.8411458333333334 0.036458333333333336 0.3177083333333333 0.07291666666666667
4 0.5143229166666666 0.23958333333333334 0.3359375 0.3359375
4 0.8385416666666666 0.22916666666666666 0.3229166666666667 0.3333333333333333
4 0.07291666666666667 0.3203125 0.14583333333333334 0.15104166666666666
4 0.2513020833333333 0.4153645833333333 0.19791666666666666 0.203125
4 0.07161458333333333 0.5625 0.14322916666666666 0.328125
4 0.24348958333333334 0.625 0.19791666666666666 0.2265625
4 0.4661458333333333 0.5755208333333334 0.23177083333333334 0.3411458333333333
4 0.7161458333333334 0.5703125 0.2734375 0.3359375
4 0.92578125 0.5 0.1484375 0.21875
4 0.12760416666666666 0.8268229166666666 0.2552083333333333 0.1953125
4 0.45703125 0.8346354166666666 0.4088541666666667 0.18229166666666666
4 0.7799479166666666 0.8333333333333334 0.23958333333333334 0.19270833333333334
4 0.9466145833333334 0.7708333333333334 0.10677083333333333 0.3177083333333333