4 0.09466019417475728 0.20631067961165048 0.18932038834951456 0.1407766990291262
4 0.11286407766990292 0.1104368932038835 0.22572815533980584 0.0412621359223301
4 0.3058252427184466 0.20509708737864077 0.10679611650485436 0.27427184466019416
4 0.20024271844660194 0.043689320388349516 0.2936893203883495 0.08737864077669903
4 0.5242718446601942 0.06310679611650485 0.3058252427184466 0.1262135922330097
4 0.8434466019417476 0.05946601941747573 0.30339805825242716 0.11893203883495146
4 0.5351941747572816 0.27427184466019416 0.3131067961165049 0.3131067961165049
4 0.8434466019417476 0.2645631067961165 0.3131067961165049 0.3106796116504854
4 0.09587378640776699 0.34951456310679613 0.19174757281553398 0.1407766990291262
4 0.29004854368932037 0.4381067961165049 0.18446601941747573 0.18932038834951456
4 0.09466019417475728 0.5752427184466019 0.18932038834951456 0.3058252427184466
4 0.2827669902912621 0.633495145631068 0.18446601941747573 0.2111650485436893
4 0.49029126213592233 0.587378640776699 0.21601941747572814 0.3179611650485437
4 0.7233009708737864 0.5825242718446602 0.25485436893203883 0.3131067961165049
4 0.9247572815533981 0.5169902912621359 0.15048543689320387 0.20388349514563106
4 0.14684466019417475 0.8216019417475728 0.2936893203883495 0.1820388349514563
4 0.4817961165048544 0.8288834951456311 0.38106796116504854 0.16990291262135923
4 0.7827669902912622 0.8276699029126213 0.22330097087378642 0.1796116504854369
4 0.9441747572815534 0.7694174757281553 0.11165048543689321 0.2961165048543689