0 0.1778846153846154 0.11778846153846154 0.21875 0.18028846153846154
0 0.21754807692307693 0.038461538461538464 0.2283653846153846 0.07692307692307693
0 0.38221153846153844 0.16706730769230768 0.16826923076923078 0.28846153846153844
0 0.31971153846153844 0.03125 0.30288461538461536 0.0625
0 0.6262019230769231 0.09014423076923077 0.3245192307692308 0.18028846153846154
0 0.8870192307692307 0.15504807692307693 0.22596153846153846 0.18990384615384615
0 0.5865384615384616 0.28846153846153844 0.375 0.375
0 0.8485576923076923 0.35336538461538464 0.30288461538461536 0.375
0 0.14423076923076922 0.2548076923076923 0.22115384615384615 0.18269230769230768
0 0.3112980769230769 0.3870192307692308 0.22355769230769232 0.22596153846153846
0 0.10817307692307693 0.4723557692307692 0.21634615384615385 0.3389423076923077
0 0.25721153846153844 0.5733173076923077 0.2283653846153846 0.24759615384615385
0 0.4675480769230769 0.5793269230769231 0.28365384615384615 0.3581730769230769
0 0.6935096153846154 0.6298076923076923 0.31971153846153844 0.3629807692307692
0 0.9026442307692307 0.6141826923076923 0.19471153846153846 0.23317307692307693
0 0.12259615384615384 0.7211538461538461 0.24519230769230768 0.24519230769230768
0 0.4014423076923077 0.8088942307692307 0.40625 0.2548076923076923
0 0.6911057692307693 0.8798076923076923 0.25721153846153844 0.22596153846153846
0 0.8641826923076923 0.8533653846153846 0.18509615384615385 0.2932692307692308