0 0.12740384615384615 0.1658653846153846 0.20432692307692307 0.15865384615384615
0 0.15625 0.0733173076923077 0.2283653846153846 0.06490384615384616
0 0.33653846153846156 0.18629807692307693 0.1346153846153846 0.28125
0 0.25 0.037259615384615384 0.2980769230769231 0.07451923076923077
0 0.5661057692307693 0.0733173076923077 0.31490384615384615 0.1466346153846154
0 0.8629807692307693 0.09735576923076923 0.27403846153846156 0.15144230769230768
0 0.5564903846153846 0.27884615384615385 0.34134615384615385 0.34134615384615385
0 0.8449519230769231 0.3016826923076923 0.31009615384615385 0.3389423076923077
0 0.1141826923076923 0.3076923076923077 0.20673076923076922 0.15865384615384615
0 0.296875 0.41466346153846156 0.20192307692307693 0.20673076923076922
0 0.09975961538461539 0.5288461538461539 0.19951923076923078 0.32211538461538464
0 0.2704326923076923 0.6057692307692307 0.20432692307692307 0.22596153846153846
0 0.4795673076923077 0.5829326923076923 0.24519230769230768 0.33653846153846156
0 0.7091346153846154 0.6021634615384616 0.28365384615384615 0.33413461538461536
0 0.9146634615384616 0.5576923076923077 0.17067307692307693 0.21634615384615385
0 0.1346153846153846 0.7776442307692307 0.2692307692307692 0.2091346153846154
0 0.44591346153846156 0.8197115384615384 0.3918269230769231 0.20673076923076922
0 0.7427884615384616 0.8497596153846154 0.23798076923076922 0.19951923076923078
0 0.9110576923076923 0.8088942307692307 0.1466346153846154 0.30288461538461536