0 0.12980769230769232 0.5697115384615384 0.2091346153846154 0.19230769230769232
0 0.3401442307692308 0.5733173076923077 0.23317307692307693 0.21153846153846154
0 0.171875 0.6887019230769231 0.21634615384615385 0.1971153846153846
0 0.36538461538461536 0.6959134615384616 0.23317307692307693 0.21153846153846154
0 0.19831730769230768 0.8052884615384616 0.21634615384615385 0.20192307692307693
0 0.39302884615384615 0.8173076923076923 0.22596153846153846 0.20673076923076922
0 0.5769230769230769 0.1658653846153846 0.27403846153846156 0.22596153846153846
0 0.6009615384615384 0.30288461538461536 0.2620192307692308 0.21875
0 0.6346153846153846 0.4411057692307692 0.2668269230769231 0.22596153846153846
0 0.6670673076923077 0.5709134615384616 0.2692307692307692 0.23317307692307693
0 0.703125 0.7067307692307693 0.27163461538461536 0.23317307692307693
0 0.8185096153846154 0.140625 0.25961538461538464 0.2283653846153846
0 0.8497596153846154 0.2932692307692308 0.25721153846153844 0.21634615384615385
0 0.8762019230769231 0.42908653846153844 0.24759615384615385 0.2283653846153846
0 0.8918269230769231 0.5733173076923077 0.21634615384615385 0.2283653846153846
0 0.90625 0.7091346153846154 0.1875 0.2403846153846154