0 0.13221153846153846 0.41947115384615385 0.20673076923076922 0.18990384615384615
0 0.3245192307692308 0.5048076923076923 0.23076923076923078 0.2091346153846154
0 0.12379807692307693 0.5456730769230769 0.21394230769230768 0.19471153846153846
0 0.3004807692307692 0.6274038461538461 0.23076923076923078 0.2091346153846154
0 0.1045673076923077 0.6634615384615384 0.2091346153846154 0.1971153846153846
0 0.2776442307692308 0.75 0.22355769230769232 0.20432692307692307
0 0.7007211538461539 0.22235576923076922 0.27163461538461536 0.22355769230769232
0 0.6694711538461539 0.3581730769230769 0.25961538461538464 0.21634615384615385
0 0.6478365384615384 0.49759615384615385 0.2668269230769231 0.22115384615384615
0 0.6262019230769231 0.6310096153846154 0.2668269230769231 0.2283653846153846
0 0.6069711538461539 0.7692307692307693 0.2692307692307692 0.2283653846153846
0 0.9014423076923077 0.2932692307692308 0.1971153846153846 0.22596153846153846
0 0.8870192307692307 0.44591346153846156 0.22596153846153846 0.21394230769230768
0 0.875 0.5829326923076923 0.25 0.22355769230769232
0 0.8497596153846154 0.7295673076923077 0.25 0.22596153846153846
0 0.8245192307692307 0.8665865384615384 0.25721153846153844 0.23557692307692307