0 0.1310096153846154 0.4266826923076923 0.20432692307692307 0.1875
0 0.3245192307692308 0.5084134615384616 0.2283653846153846 0.20432692307692307
0 0.125 0.5516826923076923 0.21153846153846154 0.19230769230769232
0 0.30288461538461536 0.6310096153846154 0.2283653846153846 0.20432692307692307
0 0.10576923076923077 0.6694711538461539 0.21153846153846154 0.19471153846153846
0 0.28125 0.7548076923076923 0.22115384615384615 0.20192307692307693
0 0.6959134615384616 0.21875 0.2692307692307692 0.21875
0 0.6670673076923077 0.3545673076923077 0.25721153846153844 0.21394230769230768
0 0.6478365384615384 0.4951923076923077 0.2644230769230769 0.21875
0 0.6286057692307693 0.6286057692307693 0.2644230769230769 0.22596153846153846
0 0.6117788461538461 0.7668269230769231 0.2668269230769231 0.22596153846153846
0 0.9002403846153846 0.2860576923076923 0.19951923076923078 0.22115384615384615
0 0.8870192307692307 0.4387019230769231 0.22596153846153846 0.2091346153846154
0 0.8762019230769231 0.5769230769230769 0.24759615384615385 0.22115384615384615
0 0.8533653846153846 0.7235576923076923 0.24759615384615385 0.22355769230769232
0 0.8305288461538461 0.8605769230769231 0.2548076923076923 0.23317307692307693