4 0.5188442211055276 0.5527638190954773 0.14824120603015076 0.20603015075376885
4 0.1972361809045226 0.18467336683417085 0.1507537688442211 0.18592964824120603
4 0.17336683417085427 0.3731155778894472 0.15577889447236182 0.19095477386934673
4 0.35050251256281406 0.37814070351758794 0.15577889447236182 0.18592964824120603
4 0.7989949748743719 0.7437185929648241 0.135678391959799 0.17839195979899497
4 0.5891959798994975 0.7474874371859297 0.15577889447236182 0.19095477386934673
4 0.3341708542713568 0.5665829145728644 0.15577889447236182 0.1934673366834171
4 0.1708542713567839 0.5653266331658291 0.15577889447236182 0.18592964824120603
4 0.1092964824120603 0.7537688442211056 0.15577889447236182 0.19095477386934673
4 0.43090452261306533 0.75 0.15829145728643215 0.1884422110552764
4 0.27261306532663315 0.7550251256281407 0.15829145728643215 0.1884422110552764