4 0.548941798941799 0.5343915343915344 0.15608465608465608 0.21693121693121692
4 0.21031746031746032 0.14682539682539683 0.15873015873015872 0.19576719576719576
4 0.18518518518518517 0.34523809523809523 0.164021164021164 0.20105820105820105
4 0.3716931216931217 0.3505291005291005 0.164021164021164 0.19576719576719576
4 0.843915343915344 0.7354497354497355 0.14285714285714285 0.18783068783068782
4 0.623015873015873 0.7394179894179894 0.164021164021164 0.20105820105820105
4 0.3544973544973545 0.548941798941799 0.164021164021164 0.2037037037037037
4 0.18253968253968253 0.5476190476190477 0.164021164021164 0.19576719576719576
4 0.11772486772486772 0.746031746031746 0.164021164021164 0.20105820105820105
4 0.45634920634920634 0.7420634920634921 0.16666666666666666 0.1984126984126984
4 0.2896825396825397 0.7473544973544973 0.16666666666666666 0.1984126984126984