0 0.5288461538461539 0.5492788461538461 0.17307692307692307 0.21875
0 0.28725961538461536 0.14903846153846154 0.17307692307692307 0.19951923076923078
0 0.23317307692307693 0.32211538461538464 0.1778846153846154 0.20673076923076922
0 0.39903846153846156 0.35697115384615385 0.1778846153846154 0.20192307692307693
0 0.7608173076923077 0.7752403846153846 0.15865384615384615 0.18990384615384615
0 0.5637019230769231 0.7439903846153846 0.1778846153846154 0.20673076923076922
0 0.35336538461538464 0.53125 0.1778846153846154 0.2091346153846154
0 0.19951923076923078 0.5036057692307693 0.1778846153846154 0.20192307692307693
0 0.109375 0.6706730769230769 0.1778846153846154 0.20673076923076922
0 0.41346153846153844 0.7199519230769231 0.18028846153846154 0.20432692307692307
0 0.26322115384615385 0.6983173076923077 0.18028846153846154 0.20432692307692307