4 0.5534825870646766 0.5447761194029851 0.14676616915422885 0.20398009950248755
4 0.23507462686567165 0.18034825870646767 0.14925373134328357 0.18407960199004975
4 0.21144278606965175 0.36691542288557216 0.15422885572139303 0.1890547263681592
4 0.38681592039800994 0.3718905472636816 0.15422885572139303 0.18407960199004975
4 0.8308457711442786 0.7338308457711443 0.13432835820895522 0.17661691542288557
4 0.6231343283582089 0.7375621890547264 0.15422885572139303 0.1890547263681592
4 0.3706467661691542 0.5584577114427861 0.15422885572139303 0.19154228855721392
4 0.208955223880597 0.5572139303482587 0.15422885572139303 0.18407960199004975
4 0.1480099502487562 0.7437810945273632 0.15422885572139303 0.1890547263681592
4 0.4664179104477612 0.7400497512437811 0.15671641791044777 0.1865671641791045
4 0.30970149253731344 0.7450248756218906 0.15671641791044777 0.1865671641791045