4 0.5353658536585366 0.5439024390243903 0.14390243902439023 0.2
4 0.22317073170731708 0.18658536585365854 0.14634146341463414 0.18048780487804877
4 0.2 0.3695121951219512 0.15121951219512195 0.18536585365853658
4 0.3719512195121951 0.374390243902439 0.15121951219512195 0.18048780487804877
4 0.8073170731707318 0.7292682926829268 0.13170731707317074 0.17317073170731706
4 0.6036585365853658 0.7329268292682927 0.15121951219512195 0.18536585365853658
4 0.35609756097560974 0.5573170731707318 0.15121951219512195 0.1878048780487805
4 0.1975609756097561 0.5560975609756098 0.15121951219512195 0.18048780487804877
4 0.1378048780487805 0.7390243902439024 0.15121951219512195 0.18536585365853658
4 0.45 0.7353658536585366 0.15365853658536585 0.18292682926829268
4 0.29634146341463413 0.7402439024390244 0.15365853658536585 0.18292682926829268