4 0.5279255319148937 0.5159574468085106 0.15691489361702127 0.21808510638297873
4 0.1875 0.12632978723404256 0.1595744680851064 0.19680851063829788
4 0.1622340425531915 0.3257978723404255 0.16489361702127658 0.20212765957446807
4 0.3497340425531915 0.33111702127659576 0.16489361702127658 0.19680851063829788
4 0.824468085106383 0.7180851063829787 0.14361702127659576 0.18882978723404256
4 0.6023936170212766 0.7220744680851063 0.16489361702127658 0.20212765957446807
4 0.3324468085106383 0.5305851063829787 0.16489361702127658 0.2047872340425532
4 0.1595744680851064 0.5292553191489362 0.16489361702127658 0.19680851063829788
4 0.09441489361702128 0.7287234042553191 0.16489361702127658 0.20212765957446807
4 0.4348404255319149 0.7247340425531915 0.1675531914893617 0.19946808510638298
4 0.26728723404255317 0.7300531914893617 0.1675531914893617 0.19946808510638298