0 0.5408653846153846 0.5396634615384616 0.15865384615384615 0.2091346153846154
0 0.203125 0.21634615384615385 0.15865384615384615 0.18990384615384615
0 0.1971153846153846 0.39783653846153844 0.16346153846153846 0.19471153846153846
0 0.36538461538461536 0.3870192307692308 0.16346153846153846 0.18990384615384615
0 0.8233173076923077 0.6983173076923077 0.14423076923076922 0.18028846153846154
0 0.6237980769230769 0.7199519230769231 0.16346153846153846 0.19471153846153846
0 0.36658653846153844 0.5685096153846154 0.16346153846153846 0.1971153846153846
0 0.21033653846153846 0.5805288461538461 0.16346153846153846 0.18990384615384615
0 0.16706730769230768 0.765625 0.16346153846153846 0.19471153846153846
0 0.4735576923076923 0.7355769230769231 0.1658653846153846 0.19230769230769232
0 0.3233173076923077 0.7536057692307693 0.1658653846153846 0.19230769230769232