0 0.7355769230769231 0.234375 0.20192307692307693 0.19230769230769232
0 0.6189903846153846 0.36899038461538464 0.20192307692307693 0.18990384615384615
0 0.44591346153846156 0.33533653846153844 0.20192307692307693 0.19230769230769232
0 0.5661057692307693 0.19831730769230768 0.20192307692307693 0.18269230769230768
0 0.390625 0.16826923076923078 0.20432692307692307 0.18990384615384615
0 0.27403846153846156 0.3016826923076923 0.20673076923076922 0.1875
0 0.2439903846153846 0.453125 0.19951923076923078 0.18028846153846154
0 0.41466346153846156 0.484375 0.19951923076923078 0.1875
0 0.7283653846153846 0.7067307692307693 0.19951923076923078 0.18028846153846154
0 0.7932692307692307 0.40384615384615385 0.20673076923076922 0.1875
0 0.7584134615384616 0.5564903846153846 0.20432692307692307 0.18509615384615385
0 0.5877403846153846 0.5228365384615384 0.19951923076923078 0.18509615384615385
0 0.5552884615384616 0.6694711538461539 0.20673076923076922 0.18269230769230768
0 0.38341346153846156 0.6346153846153846 0.19951923076923078 0.1778846153846154
0 0.2127403846153846 0.5985576923076923 0.19951923076923078 0.1778846153846154