4 0.7060301507537688 0.16331658291457288 0.18341708542713567 0.16834170854271358
4 0.6130653266331658 0.3241206030150754 0.18341708542713567 0.1658291457286432
4 0.4296482412060301 0.3241206030150754 0.18341708542713567 0.16834170854271358
4 0.5251256281407035 0.15954773869346733 0.18341708542713567 0.15829145728643215
4 0.3391959798994975 0.16331658291457288 0.18592964824120603 0.1658291457286432
4 0.24623115577889448 0.3241206030150754 0.1884422110552764 0.16331658291457288
4 0.2449748743718593 0.4849246231155779 0.18341708542713567 0.15577889447236182
4 0.4271356783919598 0.4836683417085427 0.18090452261306533 0.16331658291457288
4 0.792713567839196 0.6494974874371859 0.18090452261306533 0.15577889447236182
4 0.7989949748743719 0.32537688442211055 0.1884422110552764 0.16331658291457288
4 0.7939698492462312 0.4886934673366834 0.18592964824120603 0.16080402010050251
4 0.6118090452261307 0.4886934673366834 0.18090452261306533 0.16080402010050251
4 0.6080402010050251 0.6457286432160804 0.1884422110552764 0.15829145728643215
4 0.42462311557788945 0.6432160804020101 0.18341708542713567 0.15326633165829145
4 0.24246231155778894 0.6407035175879398 0.18341708542713567 0.15326633165829145