0 0.6298076923076923 0.17067307692307693 0.19951923076923078 0.1875
0 0.5661057692307693 0.33653846153846156 0.1971153846153846 0.18509615384615385
0 0.39302884615384615 0.3641826923076923 0.19951923076923078 0.1875
0 0.45913461538461536 0.1935096153846154 0.1971153846153846 0.1778846153846154
0 0.28365384615384615 0.2247596153846154 0.19951923076923078 0.18509615384615385
0 0.21995192307692307 0.390625 0.20192307692307693 0.18269230769230768
0 0.24278846153846154 0.5432692307692307 0.1971153846153846 0.17548076923076922
0 0.41466346153846156 0.5144230769230769 0.19471153846153846 0.18028846153846154
0 0.7848557692307693 0.6165865384615384 0.19471153846153846 0.17307692307692307
0 0.7427884615384616 0.3088942307692308 0.20192307692307693 0.18269230769230768
0 0.7620192307692307 0.4651442307692308 0.19951923076923078 0.18028846153846154
0 0.5901442307692307 0.49158653846153844 0.19471153846153846 0.1778846153846154
0 0.609375 0.640625 0.20192307692307693 0.1778846153846154
0 0.4362980769230769 0.6658653846153846 0.1971153846153846 0.17307692307692307
0 0.26322115384615385 0.6911057692307693 0.1971153846153846 0.17307692307692307