0 0.6586538461538461 0.18269230769230768 0.18509615384615385 0.17307692307692307
0 0.5805288461538461 0.3425480769230769 0.18509615384615385 0.17067307692307693
0 0.4050480769230769 0.3545673076923077 0.18509615384615385 0.17307692307692307
0 0.4855769230769231 0.19110576923076922 0.18509615384615385 0.16346153846153846
0 0.3088942307692308 0.20793269230769232 0.1875 0.17067307692307693
0 0.23076923076923078 0.36658653846153844 0.18990384615384615 0.16826923076923078
0 0.2403846153846154 0.5204326923076923 0.18509615384615385 0.16105769230769232
0 0.41346153846153844 0.5072115384615384 0.18269230769230768 0.16826923076923078
0 0.7740384615384616 0.640625 0.18269230769230768 0.16105769230769232
0 0.7584134615384616 0.3317307692307692 0.18990384615384615 0.16826923076923078
0 0.7644230769230769 0.4879807692307692 0.1875 0.1658653846153846
0 0.5901442307692307 0.5 0.18269230769230768 0.1658653846153846
0 0.5973557692307693 0.6502403846153846 0.18990384615384615 0.16346153846153846
0 0.421875 0.6598557692307693 0.18509615384615385 0.15865384615384615
0 0.24759615384615385 0.6694711538461539 0.18509615384615385 0.15865384615384615