4 0.6884422110552764 0.1708542713567839 0.18341708542713567 0.16834170854271358
4 0.5954773869346733 0.3316582914572864 0.18341708542713567 0.1658291457286432
4 0.4120603015075377 0.3316582914572864 0.18341708542713567 0.16834170854271358
4 0.507537688442211 0.1670854271356784 0.18341708542713567 0.15829145728643215
4 0.32160804020100503 0.1708542713567839 0.18592964824120603 0.1658291457286432
4 0.228643216080402 0.3316582914572864 0.1884422110552764 0.16331658291457288
4 0.22738693467336685 0.49246231155778897 0.18341708542713567 0.15577889447236182
4 0.40954773869346733 0.49120603015075376 0.18090452261306533 0.16331658291457288
4 0.7751256281407035 0.657035175879397 0.18090452261306533 0.15577889447236182
4 0.7814070351758794 0.33291457286432163 0.1884422110552764 0.16331658291457288
4 0.7763819095477387 0.4962311557788945 0.18592964824120603 0.16080402010050251
4 0.5942211055276382 0.4962311557788945 0.18090452261306533 0.16080402010050251
4 0.5904522613065326 0.6532663316582915 0.1884422110552764 0.15829145728643215
4 0.40703517587939697 0.6507537688442211 0.18341708542713567 0.15326633165829145
4 0.22487437185929648 0.6482412060301508 0.18341708542713567 0.15326633165829145