4 0.6657894736842105 0.21052631578947367 0.19210526315789472 0.1763157894736842
4 0.5684210526315789 0.37894736842105264 0.19210526315789472 0.1736842105263158
4 0.3763157894736842 0.37894736842105264 0.19210526315789472 0.1763157894736842
4 0.4763157894736842 0.20657894736842106 0.19210526315789472 0.16578947368421051
4 0.28157894736842104 0.21052631578947367 0.19473684210526315 0.1736842105263158
4 0.18421052631578946 0.37894736842105264 0.19736842105263158 0.17105263157894737
4 0.18289473684210528 0.5473684210526316 0.19210526315789472 0.1631578947368421
4 0.3736842105263158 0.5460526315789473 0.18947368421052632 0.17105263157894737
4 0.756578947368421 0.7197368421052631 0.18947368421052632 0.1631578947368421
4 0.7631578947368421 0.38026315789473686 0.19736842105263158 0.17105263157894737
4 0.7578947368421053 0.5513157894736842 0.19473684210526315 0.16842105263157894
4 0.5671052631578948 0.5513157894736842 0.18947368421052632 0.16842105263157894
4 0.5631578947368421 0.7157894736842105 0.19736842105263158 0.16578947368421051
4 0.37105263157894736 0.7131578947368421 0.19210526315789472 0.16052631578947368
4 0.18026315789473685 0.7105263157894737 0.19210526315789472 0.16052631578947368