4 0.88510101010101 0.6704545454545454 0.08585858585858586 0.07828282828282829
4 0.7626262626262627 0.8106060606060606 0.29797979797979796 0.24242424242424243
4 0.6527777777777778 0.49873737373737376 0.09090909090909091 0.05555555555555555
4 0.6944444444444444 0.6161616161616161 0.16161616161616163 0.1717171717171717
4 0.5202020202020202 0.5681818181818182 0.16666666666666666 0.1717171717171717
4 0.5012626262626263 0.4444444444444444 0.12373737373737374 0.07575757575757576
4 0.5 0.33585858585858586 0.08838383838383838 0.12626262626262627
4 0.39141414141414144 0.43434343434343436 0.10101010101010101 0.12626262626262627
4 0.3611111111111111 0.5820707070707071 0.1388888888888889 0.1691919191919192
4 0.22853535353535354 0.6136363636363636 0.12373737373737374 0.08333333333333333
4 0.23863636363636365 0.5441919191919192 0.08585858585858586 0.05303030303030303
4 0.3446969696969697 0.7954545454545454 0.16414141414141414 0.2297979797979798
4 0.6237373737373737 0.43686868686868685 0.06565656565656566 0.06313131313131314
4 0.18813131313131312 0.7866161616161617 0.18686868686868688 0.2601010101010101
4 0.5227272727272727 0.7765151515151515 0.16666666666666666 0.25757575757575757