0 0.8221153846153846 0.7427884615384616 0.09615384615384616 0.09134615384615384
0 0.6766826923076923 0.84375 0.3317307692307692 0.2932692307692308
0 0.6466346153846154 0.5300480769230769 0.09615384615384616 0.07211538461538461
0 0.6586538461538461 0.6490384615384616 0.18990384615384615 0.19471153846153846
0 0.5084134615384616 0.5637019230769231 0.19230769230769232 0.1971153846153846
0 0.5192307692307693 0.44591346153846156 0.13221153846153846 0.0985576923076923
0 0.5432692307692307 0.3449519230769231 0.11057692307692307 0.13701923076923078
0 0.4206730769230769 0.4110576923076923 0.12259615384615384 0.13942307692307693
0 0.3581730769230769 0.5408653846153846 0.16826923076923078 0.1875
0 0.2283653846153846 0.5384615384615384 0.1346153846153846 0.10576923076923077
0 0.2548076923076923 0.47716346153846156 0.09134615384615384 0.06971153846153846
0 0.29447115384615385 0.7331730769230769 0.20432692307692307 0.25
0 0.6346153846153846 0.46634615384615385 0.07451923076923077 0.07451923076923077
0 0.15144230769230768 0.6899038461538461 0.23317307692307693 0.28365384615384615
0 0.46274038461538464 0.7572115384615384 0.21394230769230768 0.2764423076923077