4 0.8768292682926829 0.6597560975609756 0.08292682926829269 0.07560975609756097
4 0.7585365853658537 0.7951219512195122 0.28780487804878047 0.23414634146341465
4 0.6524390243902439 0.49390243902439024 0.08780487804878048 0.05365853658536585
4 0.6926829268292682 0.6073170731707317 0.15609756097560976 0.16585365853658537
4 0.524390243902439 0.5609756097560976 0.16097560975609757 0.16585365853658537
4 0.5060975609756098 0.44146341463414634 0.11951219512195121 0.07317073170731707
4 0.5048780487804878 0.33658536585365856 0.08536585365853659 0.12195121951219512
4 0.4 0.4317073170731707 0.0975609756097561 0.12195121951219512
4 0.37073170731707317 0.574390243902439 0.13414634146341464 0.16341463414634147
4 0.2426829268292683 0.6048780487804878 0.11951219512195121 0.08048780487804878
4 0.2524390243902439 0.5378048780487805 0.08292682926829269 0.05121951219512195
4 0.3548780487804878 0.7804878048780488 0.15853658536585366 0.22195121951219512
4 0.624390243902439 0.43414634146341463 0.06341463414634146 0.06097560975609756
4 0.20365853658536584 0.7719512195121951 0.18048780487804877 0.25121951219512195
4 0.526829268292683 0.7621951219512195 0.16097560975609757 0.24878048780487805