4 0.8713942307692307 0.6574519230769231 0.08173076923076923 0.07451923076923077
4 0.7548076923076923 0.7908653846153846 0.28365384615384615 0.23076923076923078
4 0.6502403846153846 0.49399038461538464 0.08653846153846154 0.052884615384615384
4 0.6899038461538461 0.6057692307692307 0.15384615384615385 0.16346153846153846
4 0.5240384615384616 0.5600961538461539 0.15865384615384615 0.16346153846153846
4 0.5060096153846154 0.4423076923076923 0.11778846153846154 0.07211538461538461
4 0.5048076923076923 0.3389423076923077 0.08413461538461539 0.1201923076923077
4 0.4014423076923077 0.4326923076923077 0.09615384615384616 0.1201923076923077
4 0.37259615384615385 0.5733173076923077 0.13221153846153846 0.16105769230769232
4 0.24639423076923078 0.6033653846153846 0.11778846153846154 0.07932692307692307
4 0.25600961538461536 0.5372596153846154 0.08173076923076923 0.05048076923076923
4 0.35697115384615385 0.7764423076923077 0.15625 0.21875
4 0.6225961538461539 0.43509615384615385 0.0625 0.06009615384615385
4 0.20793269230769232 0.7680288461538461 0.1778846153846154 0.24759615384615385
4 0.5264423076923077 0.7584134615384616 0.15865384615384615 0.24519230769230768