0 0.859375 0.6826923076923077 0.08653846153846154 0.07932692307692307
0 0.734375 0.8076923076923077 0.2980769230769231 0.25
0 0.6502403846153846 0.5048076923076923 0.0889423076923077 0.057692307692307696
0 0.6814903846153846 0.6189903846153846 0.1658653846153846 0.17307692307692307
0 0.5192307692307693 0.5612980769230769 0.17067307692307693 0.17307692307692307
0 0.5096153846153846 0.4423076923076923 0.12259615384615384 0.07932692307692307
0 0.515625 0.3401442307692308 0.09134615384615384 0.125
0 0.40625 0.4254807692307692 0.10336538461538461 0.12740384615384615
0 0.36778846153846156 0.5637019230769231 0.14423076923076922 0.17067307692307693
0 0.2403846153846154 0.5853365384615384 0.12259615384615384 0.08653846153846154
0 0.2536057692307692 0.5204326923076923 0.08413461538461539 0.055288461538461536
0 0.33774038461538464 0.765625 0.17067307692307693 0.2283653846153846
0 0.6274038461538461 0.44350961538461536 0.0673076923076923 0.06490384615384616
0 0.18990384615384615 0.7475961538461539 0.19471153846153846 0.25961538461538464
0 0.5084134615384616 0.7596153846153846 0.17548076923076922 0.2548076923076923