4 0.7822164948453608 0.18685567010309279 0.15206185567010308 0.11082474226804123
4 0.5502577319587629 0.125 0.15206185567010308 0.10309278350515463
4 0.5347938144329897 0.27448453608247425 0.23195876288659795 0.18814432989690721
4 0.5515463917525774 0.509020618556701 0.27319587628865977 0.2860824742268041
4 0.836340206185567 0.3247422680412371 0.17268041237113402 0.20103092783505155
4 0.8505154639175257 0.5335051546391752 0.13402061855670103 0.28350515463917525
4 0.38917525773195877 0.720360824742268 0.11597938144329897 0.2345360824742268
4 0.75 0.779639175257732 0.15721649484536082 0.2345360824742268
4 0.23711340206185566 0.04252577319587629 0.15979381443298968 0.08505154639175258
4 0.18041237113402062 0.22422680412371135 0.24484536082474226 0.2706185567010309
4 0.23840206185567012 0.6765463917525774 0.2706185567010309 0.23195876288659795
4 0.24742268041237114 0.47680412371134023 0.25 0.2757731958762887