0 0.671875 0.171875 0.16346153846153846 0.13701923076923078
0 0.4483173076923077 0.171875 0.16105769230769232 0.12980769230769232
0 0.4699519230769231 0.31009615384615385 0.2548076923076923 0.22596153846153846
0 0.5420673076923077 0.5168269230769231 0.31490384615384615 0.3245192307692308
0 0.7536057692307693 0.2824519230769231 0.20432692307692307 0.22355769230769232
0 0.8173076923076923 0.4675480769230769 0.18990384615384615 0.28846153846153844
0 0.44711538461538464 0.7463942307692307 0.16105769230769232 0.2403846153846154
0 0.7860576923076923 0.7127403846153846 0.1971153846153846 0.25
0 0.14543269230769232 0.16466346153846154 0.16826923076923078 0.13221153846153846
0 0.140625 0.35096153846153844 0.28125 0.30288461538461536
0 0.3004807692307692 0.7439903846153846 0.3004807692307692 0.27403846153846156
0 0.2608173076923077 0.5612980769230769 0.29086538461538464 0.3076923076923077