0 0.6778846153846154 0.17427884615384615 0.16346153846153846 0.1346153846153846
0 0.4543269230769231 0.17067307692307693 0.16105769230769232 0.12740384615384615
0 0.4735576923076923 0.31009615384615385 0.25240384615384615 0.22355769230769232
0 0.5420673076923077 0.5180288461538461 0.3125 0.31971153846153844
0 0.7584134615384616 0.28725961538461536 0.20192307692307693 0.22115384615384615
0 0.8173076923076923 0.4723557692307692 0.18509615384615385 0.2860576923076923
0 0.4423076923076923 0.7463942307692307 0.15865384615384615 0.23798076923076922
0 0.7824519230769231 0.71875 0.19471153846153846 0.24759615384615385
0 0.15144230769230768 0.15865384615384615 0.16826923076923078 0.12980769230769232
0 0.14182692307692307 0.34375 0.28365384615384615 0.3004807692307692
0 0.2956730769230769 0.7403846153846154 0.2980769230769231 0.27163461538461536
0 0.25961538461538464 0.5576923076923077 0.28846153846153844 0.30528846153846156