4 0.8214285714285714 0.23148148148148148 0.15608465608465608 0.11375661375661375
4 0.5833333333333334 0.167989417989418 0.15608465608465608 0.10582010582010581
4 0.5674603174603174 0.32142857142857145 0.23809523809523808 0.1931216931216931
4 0.5846560846560847 0.5621693121693122 0.2804232804232804 0.29365079365079366
4 0.876984126984127 0.373015873015873 0.17724867724867724 0.20634920634920634
4 0.8915343915343915 0.5873015873015873 0.13756613756613756 0.291005291005291
4 0.41798941798941797 0.7791005291005291 0.11904761904761904 0.24074074074074073
4 0.7883597883597884 0.83994708994709 0.16137566137566137 0.24074074074074073
4 0.26322751322751325 0.07407407407407407 0.164021164021164 0.10582010582010581
4 0.2037037037037037 0.2698412698412698 0.25132275132275134 0.2777777777777778
4 0.26322751322751325 0.7341269841269841 0.2777777777777778 0.23809523809523808
4 0.2724867724867725 0.5291005291005291 0.2566137566137566 0.2830687830687831