0 0.8064903846153846 0.29086538461538464 0.16105769230769232 0.13221153846153846
0 0.6081730769230769 0.18629807692307693 0.15865384615384615 0.125
0 0.5625 0.31850961538461536 0.25 0.21875
0 0.5288461538461539 0.5348557692307693 0.3076923076923077 0.3173076923076923
0 0.8269230769230769 0.42788461538461536 0.19951923076923078 0.21875
0 0.7956730769230769 0.6201923076923077 0.18028846153846154 0.2860576923076923
0 0.33653846153846156 0.6935096153846154 0.15384615384615385 0.23798076923076922
0 0.6526442307692307 0.8221153846153846 0.19230769230769232 0.24519230769230768
0 0.3425480769230769 0.05048076923076923 0.1658653846153846 0.10096153846153846
0 0.2512019230769231 0.19831730769230768 0.27884615384615385 0.2980769230769231
0 0.2091346153846154 0.6213942307692307 0.2956730769230769 0.2668269230769231
0 0.25961538461538464 0.4423076923076923 0.2860576923076923 0.30288461538461536