4 0.7599502487562189 0.21019900497512436 0.14676616915422885 0.10696517412935323
4 0.5360696517412935 0.15049751243781095 0.14676616915422885 0.09950248756218906
4 0.5211442786069652 0.2947761194029851 0.22388059701492538 0.18159203980099503
4 0.5373134328358209 0.5211442786069652 0.263681592039801 0.27611940298507465
4 0.8121890547263682 0.34328358208955223 0.16666666666666666 0.19402985074626866
4 0.8258706467661692 0.5447761194029851 0.12935323383084577 0.2736318407960199
4 0.3805970149253731 0.7251243781094527 0.11194029850746269 0.2263681592039801
4 0.7288557213930348 0.7823383084577115 0.1517412935323383 0.2263681592039801
4 0.23507462686567165 0.06218905472636816 0.15422885572139303 0.09950248756218906
4 0.1791044776119403 0.2462686567164179 0.236318407960199 0.26119402985074625
4 0.23507462686567165 0.6828358208955224 0.26119402985074625 0.22388059701492538
4 0.24378109452736318 0.4900497512437811 0.24129353233830847 0.26616915422885573