4 0.7512019230769231 0.22716346153846154 0.14182692307692307 0.10336538461538461
4 0.5348557692307693 0.16947115384615385 0.14182692307692307 0.09615384615384616
4 0.5204326923076923 0.3088942307692308 0.21634615384615385 0.17548076923076922
4 0.5360576923076923 0.5276442307692307 0.2548076923076923 0.2668269230769231
4 0.8016826923076923 0.3557692307692308 0.16105769230769232 0.1875
4 0.8149038461538461 0.5504807692307693 0.125 0.2644230769230769
4 0.38461538461538464 0.7247596153846154 0.10817307692307693 0.21875
4 0.7211538461538461 0.7800480769230769 0.1466346153846154 0.21875
4 0.2439903846153846 0.08413461538461539 0.14903846153846154 0.09615384615384616
4 0.18990384615384615 0.2620192307692308 0.2283653846153846 0.25240384615384615
4 0.2439903846153846 0.6838942307692307 0.25240384615384615 0.21634615384615385
4 0.25240384615384615 0.49759615384615385 0.23317307692307693 0.25721153846153844