0 0.8100961538461539 0.2956730769230769 0.16346153846153846 0.1346153846153846
0 0.6141826923076923 0.1875 0.16105769230769232 0.12740384615384615
0 0.5661057692307693 0.31971153846153844 0.25240384615384615 0.22355769230769232
0 0.5288461538461539 0.5360576923076923 0.3125 0.31971153846153844
0 0.828125 0.4326923076923077 0.20192307692307693 0.22115384615384615
0 0.7932692307692307 0.625 0.18509615384615385 0.2860576923076923
0 0.33413461538461536 0.6899038461538461 0.15865384615384615 0.23798076923076922
0 0.6466346153846154 0.8257211538461539 0.19471153846153846 0.24759615384615385
0 0.35096153846153844 0.04927884615384615 0.16826923076923078 0.0985576923076923
0 0.25721153846153844 0.1935096153846154 0.28365384615384615 0.3004807692307692
0 0.20673076923076922 0.6165865384615384 0.2980769230769231 0.27163461538461536
0 0.2608173076923077 0.4375 0.28846153846153844 0.30528846153846156