4 0.45913461538461536 0.20432692307692307 0.055288461538461536 0.052884615384615384
4 0.46033653846153844 0.2764423076923077 0.09615384615384616 0.0985576923076923
4 0.5841346153846154 0.26802884615384615 0.10817307692307693 0.10817307692307693
4 0.3233173076923077 0.2776442307692308 0.08173076923076923 0.09615384615384616
4 0.34134615384615385 0.38341346153846156 0.15865384615384615 0.11778846153846154
4 0.4699519230769231 0.3942307692307692 0.0985576923076923 0.13701923076923078
4 0.34615384615384615 0.5012019230769231 0.15384615384615385 0.11778846153846154
4 0.4831730769230769 0.53125 0.09375 0.13701923076923078
4 0.46634615384615385 0.6550480769230769 0.15865384615384615 0.11298076923076923
4 0.47596153846153844 0.7680288461538461 0.15384615384615385 0.11538461538461539
4 0.33653846153846156 0.7620192307692307 0.09375 0.14182692307692307
4 0.3161057692307692 0.6286057692307693 0.09615384615384616 0.1346153846153846
4 0.14783653846153846 0.3894230769230769 0.07692307692307693 0.057692307692307696
4 0.17307692307692307 0.453125 0.10096153846153846 0.06971153846153846
4 0.17908653846153846 0.5408653846153846 0.14182692307692307 0.11538461538461539
4 0.18990384615384615 0.6514423076923077 0.15144230769230768 0.12259615384615384
4 0.18509615384615385 0.7572115384615384 0.1466346153846154 0.11298076923076923
4 0.055288461538461536 0.6802884615384616 0.07932692307692307 0.16346153846153846
4 0.057692307692307696 0.7932692307692307 0.11538461538461539 0.07692307692307693
4 0.5865384615384616 0.3713942307692308 0.10336538461538461 0.09375
4 0.7103365384615384 0.39783653846153844 0.11538461538461539 0.10817307692307693
4 0.7019230769230769 0.32091346153846156 0.057692307692307696 0.05048076923076923
4 0.7151442307692307 0.5024038461538461 0.0673076923076923 0.10336538461538461
4 0.8028846153846154 0.49399038461538464 0.11298076923076923 0.055288461538461536
4 0.8100961538461539 0.5709134615384616 0.08413461538461539 0.10576923076923077
4 0.7379807692307693 0.6177884615384616 0.06490384615384616 0.13942307692307693
4 0.5745192307692307 0.4879807692307692 0.09375 0.1466346153846154
4 0.5925480769230769 0.625 0.10096153846153846 0.14182692307692307
4 0.6069711538461539 0.7572115384615384 0.10096153846153846 0.13221153846153846
4 0.7211538461538461 0.7524038461538461 0.0889423076923077 0.13701923076923078
4 0.921875 0.609375 0.06971153846153846 0.052884615384615384
4 0.9423076923076923 0.6658653846153846 0.11538461538461539 0.0625
4 0.8269230769230769 0.6526442307692307 0.11538461538461539 0.0673076923076923
4 0.8040865384615384 0.7512019230769231 0.07932692307692307 0.13701923076923078
4 0.9495192307692307 0.7283653846153846 0.10096153846153846 0.06971153846153846
4 0.9026442307692307 0.7908653846153846 0.06971153846153846 0.09375