0 0.4483173076923077 0.20552884615384615 0.057692307692307696 0.055288461538461536
0 0.453125 0.2776442307692308 0.0985576923076923 0.10096153846153846
0 0.5757211538461539 0.265625 0.11298076923076923 0.11298076923076923
0 0.3161057692307692 0.28365384615384615 0.08413461538461539 0.0985576923076923
0 0.33774038461538464 0.3894230769230769 0.16346153846153846 0.12259615384615384
0 0.46634615384615385 0.3954326923076923 0.10336538461538461 0.13942307692307693
0 0.34615384615384615 0.5060096153846154 0.15865384615384615 0.12259615384615384
0 0.484375 0.53125 0.0985576923076923 0.13942307692307693
0 0.4723557692307692 0.65625 0.16346153846153846 0.11778846153846154
0 0.4855769230769231 0.7692307692307693 0.15865384615384615 0.1201923076923077
0 0.34615384615384615 0.7680288461538461 0.0985576923076923 0.14423076923076922
0 0.32091346153846156 0.6346153846153846 0.10096153846153846 0.13701923076923078
0 0.14423076923076922 0.4014423076923077 0.07932692307692307 0.06009615384615385
0 0.171875 0.4651442307692308 0.10336538461538461 0.07211538461538461
0 0.18028846153846154 0.5516826923076923 0.1466346153846154 0.1201923076923077
0 0.19591346153846154 0.6622596153846154 0.15625 0.12740384615384615
0 0.19471153846153846 0.7680288461538461 0.15144230769230768 0.11778846153846154
0 0.06129807692307692 0.6959134615384616 0.08413461538461539 0.1658653846153846
0 0.06850961538461539 0.8088942307692307 0.11778846153846154 0.08173076923076923
0 0.5817307692307693 0.36899038461538464 0.10576923076923077 0.09615384615384616
0 0.7067307692307693 0.390625 0.1201923076923077 0.11298076923076923
0 0.6959134615384616 0.3137019230769231 0.06009615384615385 0.052884615384615384
0 0.7151442307692307 0.4951923076923077 0.06971153846153846 0.10576923076923077
0 0.8028846153846154 0.4831730769230769 0.11538461538461539 0.06009615384615385
0 0.8125 0.5600961538461539 0.0889423076923077 0.10817307692307693
0 0.7415865384615384 0.609375 0.06971153846153846 0.14182692307692307
0 0.5745192307692307 0.4855769230769231 0.0985576923076923 0.14903846153846154
0 0.5973557692307693 0.6213942307692307 0.10576923076923077 0.14423076923076922
0 0.6153846153846154 0.7536057692307693 0.10576923076923077 0.1346153846153846
0 0.7295673076923077 0.7439903846153846 0.09375 0.13942307692307693
0 0.9254807692307693 0.5949519230769231 0.07211538461538461 0.055288461538461536
0 0.9447115384615384 0.6490384615384616 0.11057692307692307 0.0673076923076923
0 0.8317307692307693 0.640625 0.11778846153846154 0.07211538461538461
0 0.8125 0.7403846153846154 0.08413461538461539 0.13942307692307693
0 0.9519230769230769 0.7115384615384616 0.09615384615384616 0.07211538461538461
0 0.9122596153846154 0.7764423076923077 0.07211538461538461 0.09615384615384616