0 0.5012019230769231 0.20192307692307693 0.0625 0.06009615384615385
0 0.49158653846153844 0.27283653846153844 0.10817307692307693 0.11057692307692307
0 0.6153846153846154 0.2824519230769231 0.12259615384615384 0.12259615384615384
0 0.3557692307692308 0.2548076923076923 0.09375 0.10576923076923077
0 0.359375 0.3629807692307692 0.17307692307692307 0.13942307692307693
0 0.484375 0.390625 0.11778846153846154 0.14903846153846154
0 0.3473557692307692 0.4795673076923077 0.16826923076923078 0.13701923076923078
0 0.4795673076923077 0.5288461538461539 0.11298076923076923 0.14903846153846154
0 0.44471153846153844 0.6490384615384616 0.17307692307692307 0.1346153846153846
0 0.4387019230769231 0.7620192307692307 0.16826923076923078 0.1346153846153846
0 0.3016826923076923 0.7367788461538461 0.11298076923076923 0.15384615384615385
0 0.3004807692307692 0.6021634615384616 0.11298076923076923 0.1466346153846154
0 0.16706730769230768 0.34134615384615385 0.08413461538461539 0.0673076923076923
0 0.18269230769230768 0.40865384615384615 0.11057692307692307 0.08413461538461539
0 0.17668269230769232 0.4963942307692308 0.15625 0.1346153846153846
0 0.171875 0.6069711538461539 0.1658653846153846 0.14182692307692307
0 0.15264423076923078 0.7103365384615384 0.16105769230769232 0.13221153846153846
0 0.042067307692307696 0.6153846153846154 0.08413461538461539 0.17307692307692307
0 0.042067307692307696 0.7283653846153846 0.08413461538461539 0.09134615384615384
0 0.6033653846153846 0.38461538461538464 0.11538461538461539 0.10817307692307693
0 0.7223557692307693 0.42788461538461536 0.12980769230769232 0.12259615384615384
0 0.7247596153846154 0.35096153846153844 0.06490384615384616 0.057692307692307696
0 0.7127403846153846 0.5324519230769231 0.08173076923076923 0.11057692307692307
0 0.8004807692307693 0.5360576923076923 0.1201923076923077 0.06971153846153846
0 0.796875 0.6129807692307693 0.0985576923076923 0.11538461538461539
0 0.71875 0.6502403846153846 0.08413461538461539 0.1466346153846154
0 0.5757211538461539 0.4987980769230769 0.11298076923076923 0.15865384615384615
0 0.5745192307692307 0.6370192307692307 0.1201923076923077 0.15384615384615385
0 0.5697115384615384 0.7692307692307693 0.11778846153846154 0.14423076923076922
0 0.6838942307692307 0.78125 0.10817307692307693 0.14903846153846154
0 0.9026442307692307 0.6670673076923077 0.07692307692307693 0.0625
0 0.9146634615384616 0.7259615384615384 0.12259615384615384 0.07692307692307693
0 0.8028846153846154 0.6971153846153846 0.12259615384615384 0.08173076923076923
0 0.765625 0.7908653846153846 0.0985576923076923 0.1466346153846154
0 0.9134615384615384 0.7884615384615384 0.11057692307692307 0.08413461538461539
0 0.8581730769230769 0.84375 0.08173076923076923 0.10336538461538461