0 0.4951923076923077 0.20192307692307693 0.0625 0.06009615384615385
0 0.4879807692307692 0.27283653846153844 0.10817307692307693 0.11057692307692307
0 0.6117788461538461 0.2800480769230769 0.1201923076923077 0.1201923076923077
0 0.35216346153846156 0.25721153846153844 0.09375 0.10576923076923077
0 0.35697115384615385 0.36538461538461536 0.17067307692307693 0.13701923076923078
0 0.4831730769230769 0.3918269230769231 0.11538461538461539 0.14903846153846154
0 0.3473557692307692 0.48197115384615385 0.1658653846153846 0.1346153846153846
0 0.4795673076923077 0.5288461538461539 0.11057692307692307 0.1466346153846154
0 0.44711538461538464 0.6502403846153846 0.17067307692307693 0.13221153846153846
0 0.44350961538461536 0.7632211538461539 0.1658653846153846 0.13221153846153846
0 0.30528846153846156 0.7403846153846154 0.11057692307692307 0.15144230769230768
0 0.3016826923076923 0.6057692307692307 0.11298076923076923 0.14423076923076922
0 0.16346153846153846 0.3473557692307692 0.08413461538461539 0.0673076923076923
0 0.1814903846153846 0.41346153846153844 0.10817307692307693 0.08173076923076923
0 0.17668269230769232 0.5012019230769231 0.15384615384615385 0.13221153846153846
0 0.17427884615384615 0.6129807692307693 0.1658653846153846 0.13942307692307693
0 0.15625 0.7163461538461539 0.15865384615384615 0.12980769230769232
0 0.042067307692307696 0.625 0.08413461538461539 0.17307692307692307
0 0.04326923076923077 0.7355769230769231 0.08653846153846154 0.09134615384615384
0 0.6021634615384616 0.38341346153846156 0.11298076923076923 0.10576923076923077
0 0.7211538461538461 0.42427884615384615 0.12740384615384615 0.12259615384615384
0 0.7223557692307693 0.3473557692307692 0.0625 0.057692307692307696
0 0.7127403846153846 0.5288461538461539 0.07932692307692307 0.11057692307692307
0 0.8016826923076923 0.53125 0.11778846153846154 0.06971153846153846
0 0.7992788461538461 0.6081730769230769 0.09615384615384616 0.11538461538461539
0 0.7223557692307693 0.6454326923076923 0.08173076923076923 0.1466346153846154
0 0.5757211538461539 0.49759615384615385 0.11057692307692307 0.15625
0 0.5769230769230769 0.6358173076923077 0.11778846153846154 0.15384615384615385
0 0.5745192307692307 0.7680288461538461 0.11538461538461539 0.14423076923076922
0 0.6887019230769231 0.7776442307692307 0.10576923076923077 0.1466346153846154
0 0.9050480769230769 0.6598557692307693 0.07451923076923077 0.06009615384615385
0 0.9182692307692307 0.71875 0.12259615384615384 0.07692307692307693
0 0.8052884615384616 0.6911057692307693 0.12259615384615384 0.08173076923076923
0 0.7716346153846154 0.7860576923076923 0.09615384615384616 0.1466346153846154
0 0.9182692307692307 0.78125 0.10817307692307693 0.08173076923076923
0 0.8641826923076923 0.8377403846153846 0.08173076923076923 0.10096153846153846