4 0.45454545454545453 0.18434343434343434 0.05808080808080808 0.05555555555555555
4 0.45580808080808083 0.2601010101010101 0.10101010101010101 0.10353535353535354
4 0.5858585858585859 0.25126262626262624 0.11363636363636363 0.11363636363636363
4 0.31186868686868685 0.26136363636363635 0.08585858585858586 0.10101010101010101
4 0.33080808080808083 0.37247474747474746 0.16666666666666666 0.12373737373737374
4 0.4659090909090909 0.3838383838383838 0.10353535353535354 0.14393939393939395
4 0.33585858585858586 0.4962121212121212 0.16161616161616163 0.12373737373737374
4 0.4797979797979798 0.5277777777777778 0.09848484848484848 0.14393939393939395
4 0.4621212121212121 0.6578282828282829 0.16666666666666666 0.11868686868686869
4 0.4722222222222222 0.7765151515151515 0.16161616161616163 0.12121212121212122
4 0.32575757575757575 0.7702020202020202 0.09848484848484848 0.14898989898989898
4 0.3042929292929293 0.6300505050505051 0.10101010101010101 0.1414141414141414
4 0.1275252525252525 0.3787878787878788 0.08080808080808081 0.06060606060606061
4 0.15404040404040403 0.4457070707070707 0.10606060606060606 0.07323232323232323
4 0.16035353535353536 0.5378787878787878 0.14898989898989898 0.12121212121212122
4 0.1717171717171717 0.6540404040404041 0.1590909090909091 0.12878787878787878
4 0.16666666666666666 0.7651515151515151 0.15404040404040403 0.11868686868686869
4 0.03535353535353535 0.6843434343434344 0.0707070707070707 0.1717171717171717
4 0.04671717171717172 0.803030303030303 0.09343434343434344 0.08080808080808081
4 0.5883838383838383 0.35984848484848486 0.10858585858585859 0.09848484848484848
4 0.7184343434343434 0.38762626262626265 0.12121212121212122 0.11363636363636363
4 0.7095959595959596 0.3068181818181818 0.06060606060606061 0.05303030303030303
4 0.7234848484848485 0.49747474747474746 0.0707070707070707 0.10858585858585859
4 0.8156565656565656 0.48863636363636365 0.11868686868686869 0.05808080808080808
4 0.8232323232323232 0.5694444444444444 0.08838383838383838 0.1111111111111111
4 0.7474747474747475 0.6186868686868687 0.06818181818181818 0.14646464646464646
4 0.5757575757575758 0.4823232323232323 0.09848484848484848 0.15404040404040403
4 0.5946969696969697 0.6262626262626263 0.10606060606060606 0.14898989898989898
4 0.6098484848484849 0.7651515151515151 0.10606060606060606 0.1388888888888889
4 0.7297979797979798 0.76010101010101 0.09343434343434344 0.14393939393939395
4 0.9406565656565656 0.6098484848484849 0.07323232323232323 0.05555555555555555
4 0.9507575757575758 0.6691919191919192 0.09848484848484848 0.06565656565656566
4 0.8409090909090909 0.6553030303030303 0.12121212121212122 0.0707070707070707
4 0.8169191919191919 0.7588383838383839 0.08333333333333333 0.14393939393939395
4 0.9583333333333334 0.7335858585858586 0.08333333333333333 0.07323232323232323
4 0.9204545454545454 0.8005050505050505 0.07323232323232323 0.09848484848484848