0 0.10096153846153846 0.17548076923076922 0.20192307692307693 0.22596153846153846
0 0.34975961538461536 0.15625 0.3125 0.2283653846153846
0 0.10576923076923077 0.39663461538461536 0.21153846153846154 0.22115384615384615
0 0.36778846153846156 0.3737980769230769 0.3125 0.23557692307692307
0 0.11658653846153846 0.6069711538461539 0.23317307692307693 0.23798076923076922
0 0.12740384615384615 0.8185096153846154 0.21875 0.22596153846153846
0 0.3786057692307692 0.5901442307692307 0.3076923076923077 0.23798076923076922
0 0.6129807692307693 0.140625 0.24759615384615385 0.24519230769230768
0 0.8605769230769231 0.11057692307692307 0.23076923076923078 0.22115384615384615
0 0.6358173076923077 0.3557692307692308 0.2620192307692308 0.2403846153846154
0 0.8834134615384616 0.3389423076923077 0.23076923076923078 0.2644230769230769
0 0.8954326923076923 0.5853365384615384 0.2091346153846154 0.25721153846153844
0 0.39302884615384615 0.796875 0.31971153846153844 0.23557692307692307
0 0.640625 0.8257211538461539 0.35336538461538464 0.16346153846153846
0 0.6502403846153846 0.5673076923076923 0.25961538461538464 0.23076923076923078