0 0.1935096153846154 0.09615384615384616 0.2620192307692308 0.19230769230769232
0 0.4567307692307692 0.12860576923076922 0.3317307692307692 0.25721153846153844
0 0.14423076923076922 0.28365384615384615 0.25240384615384615 0.24519230769230768
0 0.4110576923076923 0.34134615384615385 0.33413461538461536 0.2692307692307692
0 0.1141826923076923 0.49158653846153844 0.2283653846153846 0.2620192307692308
0 0.08533653846153846 0.6959134615384616 0.17067307692307693 0.24759615384615385
0 0.3581730769230769 0.5504807692307693 0.3293269230769231 0.2692307692307692
0 0.7139423076923077 0.18870192307692307 0.2692307692307692 0.2692307692307692
0 0.9182692307692307 0.21153846153846154 0.16346153846153846 0.28365384615384615
0 0.671875 0.4014423076923077 0.28365384615384615 0.2668269230769231
0 0.8918269230769231 0.4579326923076923 0.21634615384615385 0.2860576923076923
0 0.8629807692307693 0.6995192307692307 0.25240384615384615 0.27884615384615385
0 0.3112980769230769 0.7524038461538461 0.3389423076923077 0.2668269230769231
0 0.5396634615384616 0.8521634615384616 0.36538461538461536 0.20432692307692307
0 0.6237980769230769 0.6081730769230769 0.28125 0.25721153846153844