4 0.0881578947368421 0.09473684210526316 0.1763157894736842 0.18947368421052632
4 0.3460526315789474 0.09473684210526316 0.3236842105263158 0.18947368421052632
4 0.08289473684210526 0.3171052631578947 0.16578947368421051 0.2236842105263158
4 0.3473684210526316 0.31842105263157894 0.3236842105263158 0.23157894736842105
4 0.08421052631578947 0.55 0.16842105263157894 0.24210526315789474
4 0.07631578947368421 0.7802631578947369 0.15263157894736842 0.22894736842105262
4 0.3381578947368421 0.5552631578947368 0.31842105263157894 0.23421052631578948
4 0.6355263157894737 0.10526315789473684 0.25 0.21052631578947367
4 0.8986842105263158 0.09473684210526316 0.2026315789473684 0.18947368421052632
4 0.6407894736842106 0.3236842105263158 0.2657894736842105 0.24210526315789474
4 0.8986842105263158 0.32763157894736844 0.2026315789473684 0.2710526315789474
4 0.9 0.6 0.2 0.2631578947368421
4 0.33421052631578946 0.781578947368421 0.33157894736842103 0.22894736842105262
4 0.6013157894736842 0.8368421052631579 0.3763157894736842 0.14736842105263157
4 0.6368421052631579 0.5565789473684211 0.2657894736842105 0.23157894736842105