4 0.1090686274509804 0.13725490196078433 0.2181372549019608 0.2107843137254902
4 0.37745098039215685 0.13970588235294118 0.3014705882352941 0.20833333333333334
4 0.10416666666666667 0.36151960784313725 0.20833333333333334 0.20833333333333334
4 0.37745098039215685 0.3627450980392157 0.3014705882352941 0.21568627450980393
4 0.1053921568627451 0.5784313725490197 0.2107843137254902 0.22549019607843138
4 0.09803921568627451 0.7928921568627451 0.19607843137254902 0.21323529411764705
4 0.36887254901960786 0.5833333333333334 0.2965686274509804 0.2181372549019608
4 0.6470588235294118 0.14705882352941177 0.23284313725490197 0.23039215686274508
4 0.8982843137254902 0.1213235294117647 0.2034313725490196 0.2426470588235294
4 0.6507352941176471 0.36764705882352944 0.24754901960784315 0.22549019607843138
4 0.8982843137254902 0.3713235294117647 0.2034313725490196 0.25245098039215685
4 0.8995098039215687 0.625 0.20098039215686275 0.24509803921568626
4 0.36519607843137253 0.7941176470588235 0.3088235294117647 0.21323529411764705
4 0.6139705882352942 0.8455882352941176 0.35049019607843135 0.13725490196078433
4 0.6470588235294118 0.5845588235294118 0.24754901960784315 0.21568627450980393