0 0.1875 0.0985576923076923 0.25961538461538464 0.1971153846153846
0 0.4483173076923077 0.12740384615384615 0.3293269230769231 0.2548076923076923
0 0.140625 0.28966346153846156 0.25 0.2403846153846154
0 0.40865384615384615 0.3425480769230769 0.3317307692307692 0.2644230769230769
0 0.1141826923076923 0.4987980769230769 0.2283653846153846 0.25721153846153844
0 0.08653846153846154 0.703125 0.17307692307692307 0.24278846153846154
0 0.3581730769230769 0.5528846153846154 0.3269230769230769 0.2644230769230769
0 0.7079326923076923 0.18509615384615385 0.2668269230769231 0.2644230769230769
0 0.9170673076923077 0.20552884615384615 0.1658653846153846 0.28125
0 0.6706730769230769 0.39783653846153844 0.28125 0.2644230769230769
0 0.8930288461538461 0.4495192307692308 0.21394230769230768 0.28365384615384615
0 0.8665865384615384 0.6935096153846154 0.25 0.2764423076923077
0 0.3161057692307692 0.7560096153846154 0.33653846153846156 0.2620192307692308
0 0.5456730769230769 0.8521634615384616 0.3629807692307692 0.1971153846153846
0 0.6262019230769231 0.6069711538461539 0.27884615384615385 0.2548076923076923