4 0.11375661375661375 0.09391534391534391 0.2275132275132275 0.18783068783068782
4 0.39814814814814814 0.09391534391534391 0.3253968253968254 0.18783068783068782
4 0.10846560846560846 0.31613756613756616 0.21693121693121692 0.22486772486772486
4 0.3994708994708995 0.31746031746031744 0.3253968253968254 0.2328042328042328
4 0.10978835978835978 0.5502645502645502 0.21957671957671956 0.24338624338624337
4 0.10185185185185185 0.7817460317460317 0.2037037037037037 0.23015873015873015
4 0.39021164021164023 0.5555555555555556 0.3201058201058201 0.23544973544973544
4 0.6891534391534392 0.10449735449735449 0.25132275132275134 0.20899470899470898
4 0.9259259259259259 0.09391534391534391 0.14814814814814814 0.18783068783068782
4 0.6944444444444444 0.32275132275132273 0.2671957671957672 0.24338624338624337
4 0.9259259259259259 0.32671957671957674 0.14814814814814814 0.2724867724867725
4 0.9272486772486772 0.6005291005291006 0.1455026455026455 0.26455026455026454
4 0.3862433862433862 0.783068783068783 0.3333333333333333 0.23015873015873015
4 0.6547619047619048 0.8386243386243386 0.3783068783068783 0.14814814814814814
4 0.6904761904761905 0.5568783068783069 0.2671957671957672 0.2328042328042328