4 0.1092964824120603 0.1306532663316583 0.2185929648241206 0.21608040201005024
4 0.38190954773869346 0.13316582914572864 0.30904522613065327 0.2135678391959799
4 0.10427135678391959 0.36055276381909546 0.20854271356783918 0.2135678391959799
4 0.38190954773869346 0.36180904522613067 0.30904522613065327 0.22110552763819097
4 0.10552763819095477 0.5829145728643216 0.21105527638190955 0.23115577889447236
4 0.09798994974874371 0.8027638190954773 0.19597989949748743 0.2185929648241206
4 0.3731155778894472 0.5879396984924623 0.30402010050251255 0.2236180904522613
4 0.6582914572864321 0.1407035175879397 0.23869346733668342 0.23618090452261306
4 0.9057788944723618 0.11934673366834171 0.1884422110552764 0.23869346733668342
4 0.6620603015075377 0.36683417085427134 0.2537688442211055 0.23115577889447236
4 0.9057788944723618 0.3706030150753769 0.1884422110552764 0.25879396984924624
4 0.907035175879397 0.6306532663316583 0.18592964824120603 0.25125628140703515
4 0.3693467336683417 0.8040201005025126 0.3165829145728643 0.2185929648241206
4 0.6243718592964824 0.8567839195979899 0.3592964824120603 0.1407035175879397
4 0.6582914572864321 0.5891959798994975 0.2537688442211055 0.22110552763819097