4 0.8112745098039216 0.38357843137254904 0.10784313725490197 0.23284313725490197
4 0.6568627450980392 0.2107843137254902 0.18872549019607843 0.14215686274509803
4 0.5906862745098039 0.3872549019607843 0.3235294117647059 0.2181372549019608
4 0.49019607843137253 0.22916666666666666 0.13725490196078433 0.1053921568627451
4 0.31985294117647056 0.2757352941176471 0.21323529411764705 0.14950980392156862
4 0.3333333333333333 0.4227941176470588 0.19362745098039216 0.13970588235294118
4 0.4387254901960784 0.6666666666666666 0.18872549019607843 0.3431372549019608
4 0.6041666666666666 0.5637254901960784 0.13725490196078433 0.12990196078431374
4 0.7708333333333334 0.571078431372549 0.19362745098039216 0.13480392156862744
4 0.7095588235294118 0.75 0.3161764705882353 0.21323529411764705
4 0.24387254901960784 0.7818627450980392 0.19852941176470587 0.14215686274509803
4 0.28431372549019607 0.5968137254901961 0.11764705882352941 0.20588235294117646