0 0.8137019230769231 0.4495192307692308 0.1466346153846154 0.24519230769230768
0 0.6971153846153846 0.2548076923076923 0.2091346153846154 0.17307692307692307
0 0.6009615384615384 0.41225961538461536 0.35336538461538464 0.27163461538461536
0 0.5336538461538461 0.2403846153846154 0.15144230769230768 0.12740384615384615
0 0.3605769230769231 0.2536057692307692 0.23317307692307693 0.18269230769230768
0 0.34615384615384615 0.39783653846153844 0.21153846153846154 0.17067307692307693
0 0.4014423076923077 0.6526442307692307 0.24519230769230768 0.36538461538461536
0 0.5805288461538461 0.5841346153846154 0.15625 0.15144230769230768
0 0.7391826923076923 0.6225961538461539 0.21153846153846154 0.1658653846153846
0 0.6466346153846154 0.7836538461538461 0.34375 0.2644230769230769
0 0.19230769230769232 0.7271634615384616 0.21875 0.17307692307692307
0 0.2668269230769231 0.5564903846153846 0.15144230769230768 0.22115384615384615