0 0.8088942307692307 0.42788461538461536 0.13221153846153846 0.2403846153846154
0 0.6790865384615384 0.24158653846153846 0.19951923076923078 0.16105769230769232
0 0.59375 0.4050480769230769 0.34134615384615385 0.25
0 0.515625 0.23918269230769232 0.1466346153846154 0.1201923076923077
0 0.34375 0.2644230769230769 0.22596153846153846 0.17067307692307693
0 0.3389423076923077 0.40865384615384615 0.20432692307692307 0.15865384615384615
0 0.41225961538461536 0.6586538461538461 0.22355769230769232 0.3557692307692308
0 0.5865384615384616 0.578125 0.14903846153846154 0.14182692307692307
0 0.7475961538461539 0.6057692307692307 0.20432692307692307 0.15384615384615385
0 0.6658653846153846 0.7728365384615384 0.33413461538461536 0.24519230769230768
0 0.2091346153846154 0.7475961538461539 0.2091346153846154 0.16105769230769232
0 0.2704326923076923 0.5721153846153846 0.13942307692307693 0.21394230769230768