4 0.806930693069307 0.3972772277227723 0.10891089108910891 0.23514851485148514
4 0.650990099009901 0.22277227722772278 0.1905940594059406 0.14356435643564355
4 0.5841584158415841 0.400990099009901 0.32673267326732675 0.2202970297029703
4 0.48267326732673266 0.24133663366336633 0.13861386138613863 0.10643564356435643
4 0.31064356435643564 0.28836633663366334 0.21534653465346534 0.15099009900990099
4 0.32425742574257427 0.4368811881188119 0.19554455445544555 0.14108910891089108
4 0.4306930693069307 0.6831683168316832 0.1905940594059406 0.3465346534653465
4 0.5977722772277227 0.5792079207920792 0.13861386138613863 0.1311881188118812
4 0.7660891089108911 0.5866336633663366 0.19554455445544555 0.13613861386138615
4 0.7042079207920792 0.7673267326732673 0.3193069306930693 0.21534653465346534
4 0.23391089108910892 0.7995049504950495 0.2004950495049505 0.14356435643564355
4 0.2747524752475248 0.6126237623762376 0.1188118811881188 0.2079207920792079