0 0.8161057692307693 0.47115384615384615 0.16105769230769232 0.24759615384615385
0 0.7139423076923077 0.26802884615384615 0.21394230769230768 0.18269230769230768
0 0.6057692307692307 0.41947115384615385 0.3629807692307692 0.28846153846153844
0 0.5516826923076923 0.2439903846153846 0.15625 0.1346153846153846
0 0.3786057692307692 0.2439903846153846 0.2403846153846154 0.19471153846153846
0 0.35336538461538464 0.3870192307692308 0.21875 0.18269230769230768
0 0.3918269230769231 0.6454326923076923 0.2668269230769231 0.37259615384615385
0 0.5745192307692307 0.5901442307692307 0.16346153846153846 0.15865384615384615
0 0.7307692307692307 0.6394230769230769 0.21875 0.1778846153846154
0 0.6274038461538461 0.7932692307692307 0.35336538461538464 0.28125
0 0.1778846153846154 0.7043269230769231 0.22355769230769232 0.18509615384615385
0 0.26322115384615385 0.5396634615384616 0.16346153846153846 0.22596153846153846