0 0.7800480769230769 0.34975961538461536 0.13701923076923078 0.2403846153846154
0 0.6069711538461539 0.203125 0.20192307692307693 0.16346153846153846
0 0.5661057692307693 0.38341346153846156 0.34375 0.25721153846153844
0 0.44711538461538464 0.2439903846153846 0.1466346153846154 0.1201923076923077
0 0.28846153846153844 0.3125 0.2283653846153846 0.17548076923076922
0 0.32091346153846156 0.453125 0.20673076923076922 0.16105769230769232
0 0.4567307692307692 0.6754807692307693 0.23076923076923078 0.3581730769230769
0 0.6033653846153846 0.5528846153846154 0.15144230769230768 0.14423076923076922
0 0.7668269230769231 0.5372596153846154 0.20673076923076922 0.15625
0 0.7307692307692307 0.7199519230769231 0.33653846153846156 0.25
0 0.28365384615384615 0.8149038461538461 0.21153846153846154 0.1658653846153846
0 0.296875 0.6298076923076923 0.14182692307692307 0.21634615384615385