4 0.8151595744680851 0.6715425531914894 0.17553191489361702 0.13031914893617022
4 0.6409574468085106 0.8271276595744681 0.22872340425531915 0.19946808510638298
4 0.4601063829787234 0.5106382978723404 0.21808510638297873 0.19414893617021275
4 0.6316489361702128 0.5638297872340425 0.125 0.09840425531914894
4 0.17952127659574468 0.6821808510638298 0.18351063829787234 0.13829787234042554
4 0.3670212765957447 0.8789893617021277 0.22074468085106383 0.22340425531914893
4 0.21941489361702127 0.5478723404255319 0.18882978723404256 0.1196808510638298
4 0.6196808510638298 0.6675531914893617 0.18085106382978725 0.12234042553191489
4 0.8976063829787234 0.8404255319148937 0.2047872340425532 0.2074468085106383
4 0.4015957446808511 0.6702127659574468 0.18085106382978725 0.12234042553191489
4 0.16090425531914893 0.8523936170212766 0.19946808510638298 0.2047872340425532