4 0.7487373737373737 0.6527777777777778 0.16666666666666666 0.12373737373737374
4 0.5833333333333334 0.8005050505050505 0.21717171717171718 0.1893939393939394
4 0.4116161616161616 0.5 0.20707070707070707 0.18434343434343434
4 0.5744949494949495 0.5505050505050505 0.11868686868686869 0.09343434343434344
4 0.1452020202020202 0.6628787878787878 0.17424242424242425 0.13131313131313133
4 0.32323232323232326 0.8497474747474747 0.20959595959595959 0.21212121212121213
4 0.1830808080808081 0.5353535353535354 0.17929292929292928 0.11363636363636363
4 0.5631313131313131 0.648989898989899 0.1717171717171717 0.11616161616161616
4 0.8446969696969697 0.8143939393939394 0.2297979797979798 0.19696969696969696
4 0.3560606060606061 0.6515151515151515 0.1717171717171717 0.11616161616161616
4 0.1275252525252525 0.8244949494949495 0.1893939393939394 0.19444444444444445