0 0.7271634615384616 0.6694711538461539 0.17307692307692307 0.13942307692307693
0 0.5516826923076923 0.7860576923076923 0.23076923076923078 0.20673076923076922
0 0.43028846153846156 0.4807692307692308 0.21875 0.20192307692307693
0 0.5769230769230769 0.5492788461538461 0.125 0.10336538461538461
0 0.15745192307692307 0.5985576923076923 0.18269230769230768 0.1466346153846154
0 0.3004807692307692 0.7980769230769231 0.22596153846153846 0.2283653846153846
0 0.21033653846153846 0.4831730769230769 0.18509615384615385 0.12980769230769232
0 0.5528846153846154 0.640625 0.1778846153846154 0.13221153846153846
0 0.796875 0.8341346153846154 0.24278846153846154 0.21634615384615385
0 0.35697115384615385 0.6153846153846154 0.1778846153846154 0.13221153846153846
0 0.11899038461538461 0.7487980769230769 0.20432692307692307 0.2091346153846154