4 0.7512254901960784 0.633578431372549 0.16176470588235295 0.12009803921568628
4 0.5906862745098039 0.7769607843137255 0.2107843137254902 0.18382352941176472
4 0.42401960784313725 0.4852941176470588 0.20098039215686275 0.17892156862745098
4 0.5821078431372549 0.5343137254901961 0.11519607843137254 0.09068627450980392
4 0.16544117647058823 0.6433823529411765 0.16911764705882354 0.12745098039215685
4 0.3382352941176471 0.8247549019607843 0.2034313725490196 0.20588235294117646
4 0.20220588235294118 0.5196078431372549 0.17401960784313725 0.11029411764705882
4 0.571078431372549 0.6299019607843137 0.16666666666666666 0.11274509803921569
4 0.8443627450980392 0.7904411764705882 0.22303921568627452 0.19117647058823528
4 0.3700980392156863 0.6323529411764706 0.16666666666666666 0.11274509803921569
4 0.1482843137254902 0.8002450980392157 0.18382352941176472 0.18872549019607843