0 0.7536057692307693 0.6274038461538461 0.16346153846153846 0.12259615384615384
0 0.6009615384615384 0.7728365384615384 0.21394230769230768 0.1875
0 0.42788461538461536 0.49278846153846156 0.20192307692307693 0.18269230769230768
0 0.5841346153846154 0.5360576923076923 0.11538461538461539 0.09375
0 0.17908653846153846 0.65625 0.17067307692307693 0.12980769230769232
0 0.3545673076923077 0.828125 0.20673076923076922 0.2091346153846154
0 0.21153846153846154 0.5336538461538461 0.17548076923076922 0.11298076923076923
0 0.5769230769230769 0.6298076923076923 0.16826923076923078 0.11538461538461539
0 0.8497596153846154 0.7776442307692307 0.22596153846153846 0.19471153846153846
0 0.3798076923076923 0.6394230769230769 0.16826923076923078 0.11538461538461539
0 0.16826923076923078 0.8112980769230769 0.1875 0.19230769230769232