4 0.8131720430107527 0.6922043010752689 0.1774193548387097 0.13172043010752688
4 0.6370967741935484 0.8494623655913979 0.23118279569892472 0.20161290322580644
4 0.4543010752688172 0.5295698924731183 0.22043010752688172 0.19623655913978494
4 0.6276881720430108 0.5833333333333334 0.12634408602150538 0.09946236559139784
4 0.17069892473118278 0.7029569892473119 0.18548387096774194 0.13978494623655913
4 0.3588709677419355 0.8938172043010753 0.22311827956989247 0.21236559139784947
4 0.2110215053763441 0.5672043010752689 0.19086021505376344 0.12096774193548387
4 0.6155913978494624 0.6881720430107527 0.1827956989247312 0.12365591397849462
4 0.896505376344086 0.8629032258064516 0.20698924731182797 0.20967741935483872
4 0.3951612903225806 0.6908602150537635 0.1827956989247312 0.12365591397849462
4 0.15188172043010753 0.875 0.20161290322580644 0.20698924731182797