0 0.7632211538461539 0.6045673076923077 0.17067307692307693 0.13701923076923078
0 0.6237980769230769 0.7632211538461539 0.22596153846153846 0.20432692307692307
0 0.4266826923076923 0.4987980769230769 0.21634615384615385 0.1971153846153846
0 0.5865384615384616 0.5276442307692307 0.12259615384615384 0.10096153846153846
0 0.19471153846153846 0.6838942307692307 0.18028846153846154 0.14423076923076922
0 0.38461538461538464 0.8401442307692307 0.22355769230769232 0.22355769230769232
0 0.21514423076923078 0.5588942307692307 0.18269230769230768 0.12740384615384615
0 0.5877403846153846 0.6225961538461539 0.17548076923076922 0.12980769230769232
0 0.8725961538461539 0.7463942307692307 0.2403846153846154 0.21394230769230768
0 0.3918269230769231 0.6490384615384616 0.17548076923076922 0.12980769230769232
0 0.19591346153846154 0.8389423076923077 0.20192307692307693 0.20673076923076922