0 0.7620192307692307 0.609375 0.17067307692307693 0.1346153846153846
0 0.6201923076923077 0.765625 0.22355769230769232 0.20192307692307693
0 0.4266826923076923 0.49759615384615385 0.21394230769230768 0.19471153846153846
0 0.5865384615384616 0.5300480769230769 0.12259615384615384 0.10096153846153846
0 0.19110576923076922 0.6790865384615384 0.1778846153846154 0.14182692307692307
0 0.3786057692307692 0.8377403846153846 0.21875 0.22115384615384615
0 0.21394230769230768 0.5540865384615384 0.18028846153846154 0.125
0 0.5853365384615384 0.6237980769230769 0.17307692307692307 0.12740384615384615
0 0.8689903846153846 0.7524038461538461 0.23798076923076922 0.2091346153846154
0 0.3894230769230769 0.6466346153846154 0.17307692307692307 0.12740384615384615
0 0.19110576923076922 0.8329326923076923 0.19951923076923078 0.20192307692307693