0 0.7512019230769231 0.6310096153846154 0.16105769230769232 0.1201923076923077
0 0.5961538461538461 0.7752403846153846 0.2091346153846154 0.18269230769230768
0 0.42788461538461536 0.49158653846153844 0.19951923076923078 0.1778846153846154
0 0.5841346153846154 0.5372596153846154 0.11538461538461539 0.09134615384615384
0 0.17668269230769232 0.6514423076923077 0.16826923076923078 0.12740384615384615
0 0.34975961538461536 0.8257211538461539 0.20192307692307693 0.20432692307692307
0 0.21033653846153846 0.5288461538461539 0.17307692307692307 0.11057692307692307
0 0.5745192307692307 0.6310096153846154 0.1658653846153846 0.11298076923076923
0 0.8449519230769231 0.7836538461538461 0.22115384615384615 0.19230769230769232
0 0.37740384615384615 0.6370192307692307 0.1658653846153846 0.11298076923076923
0 0.1622596153846154 0.8052884615384616 0.18269230769230768 0.1875