0 0.5348557692307693 0.7620192307692307 0.18028846153846154 0.2620192307692308
0 0.5264423076923077 0.5540865384615384 0.16826923076923078 0.17548076923076922
0 0.5516826923076923 0.44711538461538464 0.08653846153846154 0.05048076923076923
0 0.5540865384615384 0.39302884615384615 0.07211538461538461 0.06490384615384616
0 0.45552884615384615 0.4110576923076923 0.11057692307692307 0.13221153846153846
0 0.3605769230769231 0.38341346153846156 0.08413461538461539 0.057692307692307696
0 0.3473557692307692 0.32572115384615385 0.07451923076923077 0.0625
0 0.25841346153846156 0.3858173076923077 0.08413461538461539 0.12980769230769232
0 0.19951923076923078 0.5661057692307693 0.1658653846153846 0.21394230769230768
0 0.19471153846153846 0.7944711538461539 0.21634615384615385 0.27884615384615385
0 0.3629807692307692 0.5829326923076923 0.1466346153846154 0.1778846153846154
0 0.3449519230769231 0.45552884615384615 0.125 0.09134615384615384
0 0.3545673076923077 0.7908653846153846 0.18269230769230768 0.25