4 0.5223880597014925 0.7611940298507462 0.1691542288557214 0.26119402985074625
4 0.5286069651741293 0.5447761194029851 0.16169154228855723 0.17164179104477612
4 0.5621890547263682 0.43656716417910446 0.08706467661691543 0.0472636815920398
4 0.568407960199005 0.3805970149253731 0.06965174129353234 0.06218905472636816
4 0.4651741293532338 0.39303482587064675 0.1044776119402985 0.12935323383084577
4 0.3694029850746269 0.35696517412935325 0.0845771144278607 0.05472636815920398
4 0.35945273631840796 0.2960199004975124 0.07213930348258707 0.05970149253731343
4 0.263681592039801 0.35199004975124376 0.07711442786069651 0.12935323383084577
4 0.19029850746268656 0.5335820895522388 0.15671641791044777 0.21144278606965175
4 0.1691542288557214 0.7699004975124378 0.2064676616915423 0.2736318407960199
4 0.35696517412935325 0.5634328358208955 0.13930348258706468 0.17412935323383086
4 0.3482587064676617 0.43034825870646765 0.12437810945273632 0.08706467661691543
4 0.3333333333333333 0.777363184079602 0.17164179104477612 0.2462686567164179