4 0.53125 0.8125 0.17708333333333334 0.2734375
4 0.5377604166666666 0.5859375 0.16927083333333334 0.1796875
4 0.5729166666666666 0.47265625 0.09114583333333333 0.049479166666666664
4 0.5794270833333334 0.4140625 0.07291666666666667 0.06510416666666667
4 0.4713541666666667 0.4270833333333333 0.109375 0.13541666666666666
4 0.37109375 0.3893229166666667 0.08854166666666667 0.057291666666666664
4 0.3606770833333333 0.3255208333333333 0.07552083333333333 0.0625
4 0.2604166666666667 0.3841145833333333 0.08072916666666667 0.13541666666666666
4 0.18359375 0.57421875 0.1640625 0.22135416666666666
4 0.16145833333333334 0.8216145833333334 0.21614583333333334 0.2864583333333333
4 0.3580729166666667 0.60546875 0.14583333333333334 0.18229166666666666
4 0.3489583333333333 0.4661458333333333 0.13020833333333334 0.09114583333333333
4 0.3333333333333333 0.8294270833333334 0.1796875 0.2578125