0 0.46153846153846156 0.7620192307692307 0.21153846153846154 0.28125
0 0.5108173076923077 0.5588942307692307 0.1875 0.19471153846153846
0 0.5649038461538461 0.46274038461538464 0.09134615384615384 0.0625
0 0.5817307692307693 0.4110576923076923 0.07932692307692307 0.07211538461538461
0 0.48197115384615385 0.4026442307692308 0.125 0.14423076923076922
0 0.39783653846153844 0.34975961538461536 0.09134615384615384 0.06971153846153846
0 0.4014423076923077 0.28966346153846156 0.07932692307692307 0.07211538461538461
0 0.29927884615384615 0.3233173076923077 0.0985576923076923 0.13701923076923078
0 0.1935096153846154 0.4807692307692308 0.18990384615384615 0.23076923076923078
0 0.12620192307692307 0.6995192307692307 0.25 0.3004807692307692
0 0.3449519230769231 0.5420673076923077 0.1658653846153846 0.19230769230769232
0 0.3629807692307692 0.41466346153846156 0.1346153846153846 0.10817307692307693
0 0.2800480769230769 0.7391826923076923 0.21153846153846154 0.2668269230769231