0 0.47115384615384615 0.7632211538461539 0.20432692307692307 0.2764423076923077
0 0.5132211538461539 0.5588942307692307 0.18269230769230768 0.18990384615384615
0 0.5625 0.46153846153846156 0.09134615384615384 0.06009615384615385
0 0.578125 0.40865384615384615 0.07692307692307693 0.06971153846153846
0 0.47836538461538464 0.40384615384615385 0.1201923076923077 0.14182692307692307
0 0.39302884615384615 0.35336538461538464 0.0889423076923077 0.0673076923076923
0 0.3942307692307692 0.2932692307692308 0.07932692307692307 0.06971153846153846
0 0.2932692307692308 0.33052884615384615 0.09615384615384616 0.13701923076923078
0 0.19230769230769232 0.49158653846153844 0.18509615384615385 0.2283653846153846
0 0.13341346153846154 0.7127403846153846 0.24278846153846154 0.2956730769230769
0 0.34615384615384615 0.546875 0.16105769230769232 0.18990384615384615
0 0.3605769230769231 0.41947115384615385 0.13221153846153846 0.10336538461538461
0 0.28846153846153844 0.7463942307692307 0.20432692307692307 0.2620192307692308