0 0.4987980769230769 0.7644230769230769 0.18028846153846154 0.2620192307692308
0 0.5192307692307693 0.5564903846153846 0.16826923076923078 0.17548076923076922
0 0.5588942307692307 0.4543269230769231 0.08653846153846154 0.05048076923076923
0 0.5685096153846154 0.4014423076923077 0.07211538461538461 0.06490384615384616
0 0.4675480769230769 0.40625 0.11057692307692307 0.13221153846153846
0 0.3786057692307692 0.36538461538461536 0.08413461538461539 0.057692307692307696
0 0.37259615384615385 0.30528846153846156 0.07451923076923077 0.0625
0 0.2764423076923077 0.35336538461538464 0.08413461538461539 0.12980769230769232
0 0.1935096153846154 0.5228365384615384 0.1658653846153846 0.21394230769230768
0 0.15745192307692307 0.75 0.21634615384615385 0.27884615384615385
0 0.35216346153846156 0.5637019230769231 0.1466346153846154 0.1778846153846154
0 0.35336538461538464 0.4338942307692308 0.125 0.09134615384615384
0 0.31490384615384615 0.7680288461538461 0.18269230769230768 0.25