4 0.5292553191489362 0.7446808510638298 0.18085106382978725 0.27925531914893614
4 0.535904255319149 0.5132978723404256 0.17287234042553193 0.18351063829787234
4 0.5718085106382979 0.3976063829787234 0.09308510638297872 0.05053191489361702
4 0.5784574468085106 0.3377659574468085 0.07446808510638298 0.06648936170212766
4 0.46808510638297873 0.35106382978723405 0.11170212765957446 0.13829787234042554
4 0.36569148936170215 0.3125 0.09042553191489362 0.05851063829787234
4 0.3550531914893617 0.2473404255319149 0.07712765957446809 0.06382978723404255
4 0.2526595744680851 0.3071808510638298 0.08244680851063829 0.13829787234042554
4 0.17420212765957446 0.5013297872340425 0.1675531914893617 0.22606382978723405
4 0.15159574468085107 0.7539893617021277 0.22074468085106383 0.2925531914893617
4 0.3523936170212766 0.5332446808510638 0.14893617021276595 0.18617021276595744
4 0.34308510638297873 0.39095744680851063 0.13297872340425532 0.09308510638297872
4 0.3271276595744681 0.761968085106383 0.18351063829787234 0.2632978723404255