4 0.5025380710659898 0.7893401015228426 0.17258883248730963 0.26649746192893403
4 0.5088832487309645 0.5685279187817259 0.1649746192893401 0.1751269035532995
4 0.5431472081218274 0.4581218274111675 0.08883248730964467 0.048223350253807105
4 0.549492385786802 0.4010152284263959 0.07106598984771574 0.06345177664974619
4 0.44416243654822335 0.4137055837563452 0.1065989847715736 0.1319796954314721
4 0.3464467005076142 0.3769035532994924 0.08629441624365482 0.05583756345177665
4 0.3362944162436548 0.3147208121827411 0.07360406091370558 0.06091370558375635
4 0.23857868020304568 0.37182741116751267 0.07868020304568528 0.1319796954314721
4 0.16370558375634517 0.5571065989847716 0.1598984771573604 0.21573604060913706
4 0.14213197969543148 0.7982233502538071 0.21065989847715735 0.27918781725888325
4 0.33375634517766495 0.5875634517766497 0.14213197969543148 0.17766497461928935
4 0.3248730964467005 0.4517766497461929 0.12690355329949238 0.08883248730964467
4 0.3096446700507614 0.8058375634517766 0.1751269035532995 0.2512690355329949