4 0.08052884615384616 0.09735576923076923 0.16105769230769232 0.19471153846153846
4 0.0733173076923077 0.32091346153846156 0.1466346153846154 0.23076923076923078
4 0.3629807692307692 0.11057692307692307 0.40625 0.22115384615384615
4 0.25 0.3329326923076923 0.19230769230769232 0.23317307692307693
4 0.44591346153846156 0.34134615384615385 0.1971153846153846 0.23557692307692307
4 0.0829326923076923 0.5492788461538461 0.1658653846153846 0.22115384615384615
4 0.3701923076923077 0.5576923076923077 0.4182692307692308 0.21634615384615385
4 0.6478365384615384 0.328125 0.21394230769230768 0.24519230769230768
4 0.0733173076923077 0.7824519230769231 0.1466346153846154 0.22115384615384615
4 0.2439903846153846 0.7824519230769231 0.19951923076923078 0.2283653846153846
4 0.4411057692307692 0.7824519230769231 0.20192307692307693 0.23798076923076922
4 0.7848557692307693 0.10697115384615384 0.43028846153846156 0.21394230769230768
4 0.8737980769230769 0.32091346153846156 0.20432692307692307 0.23798076923076922
4 0.796875 0.5480769230769231 0.40625 0.23076923076923078
4 0.6754807692307693 0.7848557692307693 0.20192307692307693 0.23557692307692307
4 0.8810096153846154 0.7896634615384616 0.19951923076923078 0.23798076923076922