0 0.05889423076923077 0.16826923076923078 0.11778846153846154 0.21634615384615385
0 0.06971153846153846 0.3894230769230769 0.13942307692307693 0.25
0 0.30408653846153844 0.13822115384615385 0.43509615384615385 0.2764423076923077
0 0.22716346153846154 0.3737980769230769 0.22596153846153846 0.25961538461538464
0 0.421875 0.35216346153846156 0.23076923076923078 0.2644230769230769
0 0.09735576923076923 0.6129807692307693 0.19471153846153846 0.24519230769230768
0 0.38100961538461536 0.5769230769230769 0.44711538461538464 0.27884615384615385
0 0.6189903846153846 0.3076923076923077 0.25 0.2764423076923077
0 0.12259615384615384 0.8461538461538461 0.18028846153846154 0.2403846153846154
0 0.29086538461538464 0.8185096153846154 0.23317307692307693 0.25721153846153844
0 0.4855769230769231 0.7884615384615384 0.23557692307692307 0.2668269230769231
0 0.7199519230769231 0.10336538461538461 0.45913461538461536 0.20673076923076922
0 0.8413461538461539 0.2644230769230769 0.23798076923076922 0.2668269230769231
0 0.7908653846153846 0.5012019230769231 0.4182692307692308 0.29086538461538464
0 0.7175480769230769 0.7536057692307693 0.23557692307692307 0.2644230769230769
0 0.9026442307692307 0.7247596153846154 0.19471153846153846 0.2668269230769231