4 0.05748663101604278 0.09224598930481283 0.11497326203208556 0.18449197860962566
4 0.04946524064171123 0.3235294117647059 0.09893048128342247 0.25668449197860965
4 0.3382352941176471 0.10695187165775401 0.45187165775401067 0.21390374331550802
4 0.21390374331550802 0.3382352941176471 0.21390374331550802 0.25935828877005346
4 0.4318181818181818 0.34759358288770054 0.2192513368983957 0.2620320855614973
4 0.06016042780748663 0.5775401069518716 0.12032085561497326 0.24598930481283424
4 0.34759358288770054 0.5882352941176471 0.46524064171123 0.24064171122994651
4 0.6564171122994652 0.33288770053475936 0.23796791443850268 0.2727272727272727
4 0.04946524064171123 0.8368983957219251 0.09893048128342247 0.24598930481283424
4 0.2072192513368984 0.8382352941176471 0.22192513368983957 0.2540106951871658
4 0.4264705882352941 0.8382352941176471 0.22459893048128343 0.2647058823529412
4 0.7847593582887701 0.10294117647058823 0.4304812834224599 0.20588235294117646
4 0.8970588235294118 0.32486631016042783 0.20588235294117646 0.2647058823529412
4 0.7981283422459893 0.5775401069518716 0.4037433155080214 0.25668449197860965
4 0.6871657754010695 0.8409090909090909 0.22459893048128343 0.2620320855614973
4 0.9024064171122995 0.8462566844919787 0.19518716577540107 0.2647058823529412