0 0.04807692307692308 0.21033653846153846 0.09615384615384616 0.2283653846153846
0 0.06971153846153846 0.42788461538461536 0.13942307692307693 0.25961538461538464
0 0.27163461538461536 0.15504807692307693 0.44711538461538464 0.31009615384615385
0 0.21754807692307693 0.39783653846153844 0.24278846153846154 0.27163461538461536
0 0.40865384615384615 0.359375 0.24759615384615385 0.2764423076923077
0 0.10697115384615384 0.6490384615384616 0.21394230769230768 0.2548076923076923
0 0.38822115384615385 0.5877403846153846 0.45913461538461536 0.31009615384615385
0 0.6021634615384616 0.296875 0.2668269230769231 0.29086538461538464
0 0.15264423076923078 0.8762019230769231 0.19471153846153846 0.24759615384615385
0 0.31971153846153844 0.8365384615384616 0.25 0.2692307692307692
0 0.5108173076923077 0.7884615384615384 0.25240384615384615 0.27884615384615385
0 0.6814903846153846 0.10216346153846154 0.46875 0.20432692307692307
0 0.8197115384615384 0.23557692307692307 0.2548076923076923 0.28125
0 0.7872596153846154 0.4735576923076923 0.4254807692307692 0.32211538461538464
0 0.7391826923076923 0.734375 0.25240384615384615 0.2764423076923077
0 0.9074519230769231 0.6875 0.18509615384615385 0.27884615384615385