4 0.07614213197969544 0.07868020304568528 0.15228426395939088 0.15736040609137056
4 0.06852791878172589 0.2893401015228426 0.13705583756345177 0.2436548223350254
4 0.36421319796954316 0.09263959390862944 0.4289340101522843 0.18527918781725888
4 0.24619289340101522 0.3032994923857868 0.20304568527918782 0.24619289340101522
4 0.4530456852791878 0.31218274111675126 0.20812182741116753 0.24873096446700507
4 0.07868020304568528 0.5304568527918782 0.15736040609137056 0.233502538071066
4 0.3730964467005076 0.5406091370558376 0.4416243654822335 0.22842639593908629
4 0.666243654822335 0.2982233502538071 0.22588832487309646 0.25888324873096447
4 0.06852791878172589 0.7766497461928934 0.13705583756345177 0.233502538071066
4 0.2398477157360406 0.7779187817258884 0.21065989847715735 0.24111675126903553
4 0.4479695431472081 0.7779187817258884 0.2131979695431472 0.2512690355329949
4 0.7918781725888325 0.08883248730964467 0.41624365482233505 0.17766497461928935
4 0.8984771573604061 0.2906091370558376 0.20304568527918782 0.2512690355329949
4 0.8045685279187818 0.5304568527918782 0.39086294416243655 0.2436548223350254
4 0.6954314720812182 0.7804568527918782 0.2131979695431472 0.24873096446700507
4 0.9035532994923858 0.7855329949238579 0.19289340101522842 0.2512690355329949