4 0.08048780487804878 0.09634146341463415 0.16097560975609757 0.1926829268292683
4 0.07317073170731707 0.3195121951219512 0.14634146341463414 0.23414634146341465
4 0.3646341463414634 0.10975609756097561 0.4121951219512195 0.21951219512195122
4 0.25121951219512195 0.3329268292682927 0.1951219512195122 0.23658536585365852
4 0.45 0.34146341463414637 0.2 0.23902439024390243
4 0.08292682926829269 0.551219512195122 0.16585365853658537 0.22439024390243903
4 0.37317073170731707 0.5609756097560976 0.424390243902439 0.21951219512195122
4 0.6548780487804878 0.3280487804878049 0.21707317073170732 0.24878048780487805
4 0.07317073170731707 0.7878048780487805 0.14634146341463414 0.22439024390243903
4 0.2451219512195122 0.7890243902439025 0.20243902439024392 0.23170731707317074
4 0.4451219512195122 0.7890243902439025 0.2048780487804878 0.24146341463414633
4 0.7878048780487805 0.10609756097560975 0.424390243902439 0.2121951219512195
4 0.8841463414634146 0.3207317073170732 0.2073170731707317 0.24146341463414633
4 0.8 0.551219512195122 0.4 0.23414634146341465
4 0.6829268292682927 0.7914634146341464 0.2048780487804878 0.23902439024390243
4 0.8914634146341464 0.7963414634146342 0.20243902439024392 0.24146341463414633