0 0.07211538461538461 0.1201923076923077 0.14423076923076922 0.20192307692307693
0 0.07211538461538461 0.3425480769230769 0.14423076923076922 0.23798076923076922
0 0.34134615384615385 0.11899038461538461 0.4182692307692308 0.23798076923076922
0 0.24158653846153846 0.34615384615384615 0.20432692307692307 0.24278846153846154
0 0.4375 0.3449519230769231 0.2091346153846154 0.24519230769230768
0 0.08774038461538461 0.5709134615384616 0.17548076923076922 0.2283653846153846
0 0.3737980769230769 0.5649038461538461 0.42788461538461536 0.23798076923076922
0 0.6382211538461539 0.32091346153846156 0.22596153846153846 0.25721153846153844
0 0.0889423076923077 0.8040865384615384 0.15865384615384615 0.2283653846153846
0 0.25961538461538464 0.7956730769230769 0.21153846153846154 0.23798076923076922
0 0.45552884615384615 0.7848557692307693 0.21394230769230768 0.24759615384615385
0 0.7632211538461539 0.1045673076923077 0.43990384615384615 0.2091346153846154
0 0.8641826923076923 0.3016826923076923 0.21634615384615385 0.24759615384615385
0 0.7944711538461539 0.5324519230769231 0.4110576923076923 0.25240384615384615
0 0.6899038461538461 0.7752403846153846 0.21394230769230768 0.24519230769230768
0 0.8942307692307693 0.7680288461538461 0.21153846153846154 0.24759615384615385