0 0.7259615384615384 0.359375 0.16826923076923078 0.21153846153846154
0 0.8028846153846154 0.5432692307692307 0.22596153846153846 0.2692307692307692
0 0.47596153846153844 0.4807692307692308 0.15865384615384615 0.19471153846153846
0 0.5853365384615384 0.3605769230769231 0.15865384615384615 0.1971153846153846
0 0.28966346153846156 0.3389423076923077 0.1658653846153846 0.20432692307692307
0 0.3401442307692308 0.5072115384615384 0.18509615384615385 0.21394230769230768
0 0.31850961538461536 0.6923076923076923 0.2668269230769231 0.22355769230769232
0 0.5024038461538461 0.6490384615384616 0.1778846153846154 0.19230769230769232
0 0.6466346153846154 0.6298076923076923 0.16346153846153846 0.15384615384615385
0 0.6213942307692307 0.5060096153846154 0.1778846153846154 0.1658653846153846
0 0.19471153846153846 0.5144230769230769 0.19951923076923078 0.2620192307692308