4 0.758495145631068 0.4199029126213592 0.12864077669902912 0.18689320388349515
4 0.7888349514563107 0.6189320388349514 0.17718446601941748 0.2354368932038835
4 0.4830097087378641 0.47815533980582525 0.12135922330097088 0.17233009708737865
4 0.6201456310679612 0.3871359223300971 0.12135922330097088 0.17475728155339806
4 0.33616504854368934 0.2936893203883495 0.12864077669902912 0.1796116504854369
4 0.3434466019417476 0.470873786407767 0.14563106796116504 0.18689320388349515
4 0.2779126213592233 0.6468446601941747 0.23300970873786409 0.17475728155339806
4 0.4684466019417476 0.6492718446601942 0.14563106796116504 0.16262135922330098
4 0.6140776699029126 0.6650485436893204 0.1383495145631068 0.1262135922330097
4 0.6201456310679612 0.537621359223301 0.15048543689320387 0.13592233009708737
4 0.20024271844660194 0.441747572815534 0.14805825242718446 0.2354368932038835