4 0.7884615384615384 0.4282051282051282 0.1358974358974359 0.19743589743589743
4 0.8205128205128205 0.6384615384615384 0.18717948717948718 0.24871794871794872
4 0.49743589743589745 0.4897435897435897 0.1282051282051282 0.18205128205128204
4 0.6423076923076924 0.3935897435897436 0.1282051282051282 0.18461538461538463
4 0.3423076923076923 0.2948717948717949 0.1358974358974359 0.18974358974358974
4 0.35 0.48205128205128206 0.15384615384615385 0.19743589743589743
4 0.28076923076923077 0.6679487179487179 0.24615384615384617 0.18461538461538463
4 0.48205128205128206 0.6705128205128205 0.15384615384615385 0.1717948717948718
4 0.6358974358974359 0.6871794871794872 0.14615384615384616 0.13333333333333333
4 0.6423076923076924 0.5525641025641026 0.15897435897435896 0.14358974358974358
4 0.1987179487179487 0.4512820512820513 0.1564102564102564 0.24871794871794872