0 0.7608173076923077 0.44471153846153844 0.1466346153846154 0.1971153846153846
0 0.7704326923076923 0.6442307692307693 0.19951923076923078 0.25
0 0.4831730769230769 0.4735576923076923 0.13701923076923078 0.18269230769230768
0 0.6274038461538461 0.39903846153846156 0.13701923076923078 0.18509615384615385
0 0.3581730769230769 0.2776442307692308 0.14423076923076922 0.18990384615384615
0 0.34615384615384615 0.4519230769230769 0.16346153846153846 0.19951923076923078
0 0.2644230769230769 0.6189903846153846 0.24759615384615385 0.1971153846153846
0 0.4519230769230769 0.640625 0.16105769230769232 0.17548076923076922
0 0.5925480769230769 0.671875 0.14903846153846154 0.13942307692307693
0 0.6117788461538461 0.546875 0.16346153846153846 0.14903846153846154
0 0.2091346153846154 0.40865384615384615 0.17067307692307693 0.24759615384615385