4 0.7844387755102041 0.39540816326530615 0.13520408163265307 0.19642857142857142
4 0.8163265306122449 0.6045918367346939 0.18622448979591838 0.24744897959183673
4 0.49489795918367346 0.45663265306122447 0.12755102040816327 0.18112244897959184
4 0.639030612244898 0.36096938775510207 0.12755102040816327 0.1836734693877551
4 0.3405612244897959 0.2627551020408163 0.13520408163265307 0.18877551020408162
4 0.3482142857142857 0.4489795918367347 0.15306122448979592 0.19642857142857142
4 0.27933673469387754 0.6339285714285714 0.24489795918367346 0.1836734693877551
4 0.47959183673469385 0.6364795918367347 0.15306122448979592 0.17091836734693877
4 0.6326530612244898 0.6530612244897959 0.14540816326530612 0.1326530612244898
4 0.639030612244898 0.5191326530612245 0.15816326530612246 0.14285714285714285
4 0.19770408163265307 0.41836734693877553 0.1556122448979592 0.24744897959183673