4 0.7981283422459893 0.38235294117647056 0.14171122994652408 0.20588235294117646
4 0.8315508021390374 0.6016042780748663 0.19518716577540107 0.25935828877005346
4 0.4946524064171123 0.446524064171123 0.13368983957219252 0.18983957219251338
4 0.6457219251336899 0.3462566844919786 0.13368983957219252 0.1925133689839572
4 0.33288770053475936 0.24331550802139038 0.14171122994652408 0.19786096256684493
4 0.3409090909090909 0.4385026737967914 0.16042780748663102 0.20588235294117646
4 0.26871657754010697 0.6323529411764706 0.25668449197860965 0.1925133689839572
4 0.4786096256684492 0.6350267379679144 0.16042780748663102 0.17914438502673796
4 0.6390374331550802 0.6524064171122995 0.15240641711229946 0.13903743315508021
4 0.6457219251336899 0.5120320855614974 0.1657754010695187 0.1497326203208556
4 0.18315508021390375 0.40641711229946526 0.16310160427807488 0.25935828877005346