0 0.7584134615384616 0.4362980769230769 0.13942307692307693 0.19471153846153846
0 0.7752403846153846 0.6346153846153846 0.19230769230769232 0.24519230769230768
0 0.48197115384615385 0.47475961538461536 0.13221153846153846 0.1778846153846154
0 0.6237980769230769 0.3942307692307692 0.13221153846153846 0.18028846153846154
0 0.34975961538461536 0.2824519230769231 0.13942307692307693 0.1875
0 0.3449519230769231 0.4579326923076923 0.15625 0.19471153846153846
0 0.26802884615384615 0.6274038461538461 0.24278846153846154 0.18990384615384615
0 0.4567307692307692 0.6430288461538461 0.15625 0.17067307692307693
0 0.5985576923076923 0.6682692307692307 0.14423076923076922 0.1346153846153846
0 0.6141826923076923 0.5432692307692307 0.15865384615384615 0.14423076923076922
0 0.20552884615384615 0.41947115384615385 0.16346153846153846 0.24278846153846154