4 0.06971153846153846 0.19110576923076922 0.13942307692307693 0.20192307692307693
4 0.06850961538461539 0.38822115384615385 0.13701923076923078 0.18509615384615385
4 0.07211538461538461 0.5721153846153846 0.14423076923076922 0.18028846153846154
4 0.2512019230769231 0.17668269230769232 0.21875 0.19471153846153846
4 0.46634615384615385 0.18028846153846154 0.21394230769230768 0.1875
4 0.6790865384615384 0.18389423076923078 0.2091346153846154 0.1875
4 0.25 0.3737980769230769 0.21634615384615385 0.18269230769230768
4 0.4651442307692308 0.3762019230769231 0.2091346153846154 0.18269230769230768
4 0.07451923076923077 0.5733173076923077 0.14903846153846154 0.18269230769230768
4 0.2512019230769231 0.5588942307692307 0.21153846153846154 0.1778846153846154
4 0.6995192307692307 0.4254807692307692 0.21394230769230768 0.1971153846153846
4 0.46153846153846156 0.5504807692307693 0.20432692307692307 0.18028846153846154
4 0.0733173076923077 0.7536057692307693 0.1466346153846154 0.18509615384615385
4 0.2536057692307692 0.7391826923076923 0.21153846153846154 0.18509615384615385
4 0.4579326923076923 0.7235576923076923 0.19951923076923078 0.1778846153846154
4 0.65625 0.7067307692307693 0.19230769230769232 0.17307692307692307
4 0.6490384615384616 0.8461538461538461 0.1875 0.125
4 0.8413461538461539 0.8413461538461539 0.19230769230769232 0.125
4 0.8497596153846154 0.7019230769230769 0.19471153846153846 0.16346153846153846
4 0.8569711538461539 0.5336538461538461 0.20432692307692307 0.17307692307692307
4 0.8858173076923077 0.16947115384615385 0.2091346153846154 0.18990384615384615
4 0.875 0.35336538461538464 0.19951923076923078 0.17548076923076922