0 0.13701923076923078 0.1141826923076923 0.17548076923076922 0.22596153846153846
0 0.09735576923076923 0.3076923076923077 0.17067307692307693 0.20673076923076922
0 0.07692307692307693 0.4891826923076923 0.15384615384615385 0.20432692307692307
0 0.3173076923076923 0.1346153846153846 0.25240384615384615 0.23317307692307693
0 0.5276442307692307 0.18028846153846154 0.24519230769230768 0.22596153846153846
0 0.7355769230769231 0.22355769230769232 0.2403846153846154 0.22355769230769232
0 0.27884615384615385 0.328125 0.24759615384615385 0.22115384615384615
0 0.4891826923076923 0.3713942307692308 0.2403846153846154 0.21875
0 0.07932692307692307 0.49038461538461536 0.15865384615384615 0.20673076923076922
0 0.2439903846153846 0.5108173076923077 0.24278846153846154 0.21394230769230768
0 0.7103365384615384 0.4651442307692308 0.24759615384615385 0.23317307692307693
0 0.453125 0.5420673076923077 0.23557692307692307 0.21634615384615385
0 0.06129807692307692 0.6670673076923077 0.12259615384615384 0.2091346153846154
0 0.2127403846153846 0.6875 0.24278846153846154 0.22115384615384615
0 0.41586538461538464 0.7115384615384616 0.23076923076923078 0.21153846153846154
0 0.6141826923076923 0.7331730769230769 0.22115384615384615 0.20673076923076922
0 0.5805288461538461 0.8677884615384616 0.20673076923076922 0.15865384615384615
0 0.7704326923076923 0.9002403846153846 0.21153846153846154 0.15865384615384615
0 0.8052884615384616 0.7644230769230769 0.22115384615384615 0.1971153846153846
0 0.84375 0.6009615384615384 0.23317307692307693 0.2091346153846154
0 0.9110576923076923 0.24759615384615385 0.1778846153846154 0.22596153846153846
0 0.890625 0.4266826923076923 0.21875 0.2091346153846154