0 0.08653846153846154 0.16947115384615385 0.14903846153846154 0.2091346153846154
0 0.07451923076923077 0.36538461538461536 0.1466346153846154 0.19230769230769232
0 0.07211538461538461 0.5480769230769231 0.14423076923076922 0.1875
0 0.26802884615384615 0.16466346153846154 0.2283653846153846 0.20673076923076922
0 0.4831730769230769 0.17908653846153846 0.22355769230769232 0.19951923076923078
0 0.6959134615384616 0.1935096153846154 0.21875 0.1971153846153846
0 0.25721153846153844 0.3605769230769231 0.22596153846153846 0.19471153846153846
0 0.47115384615384615 0.375 0.21875 0.19230769230769232
0 0.07451923076923077 0.5492788461538461 0.14903846153846154 0.18990384615384615
0 0.24879807692307693 0.5456730769230769 0.22115384615384615 0.18990384615384615
0 0.703125 0.4362980769230769 0.22355769230769232 0.2091346153846154
0 0.45913461538461536 0.5480769230769231 0.21394230769230768 0.18990384615384615
0 0.06850961538461539 0.7307692307692307 0.13701923076923078 0.19230769230769232
0 0.24158653846153846 0.7259615384615384 0.22115384615384615 0.1971153846153846
0 0.44591346153846156 0.7211538461538461 0.2091346153846154 0.1875
0 0.6454326923076923 0.7151442307692307 0.20192307692307693 0.18269230769230768
0 0.6310096153846154 0.8533653846153846 0.19471153846153846 0.1346153846153846
0 0.8233173076923077 0.8581730769230769 0.19951923076923078 0.1346153846153846
0 0.8389423076923077 0.7199519230769231 0.20192307692307693 0.17307692307692307
0 0.8545673076923077 0.5528846153846154 0.21394230769230768 0.18269230769230768
0 0.8966346153846154 0.18870192307692307 0.20673076923076922 0.19951923076923078
0 0.8822115384615384 0.37259615384615385 0.2091346153846154 0.18509615384615385