4 0.06403940886699508 0.18719211822660098 0.12807881773399016 0.20689655172413793
4 0.06280788177339902 0.39039408866995073 0.12561576354679804 0.1896551724137931
4 0.0665024630541872 0.5775862068965517 0.1330049261083744 0.18472906403940886
4 0.24261083743842365 0.17364532019704434 0.22413793103448276 0.19950738916256158
4 0.4630541871921182 0.17733990147783252 0.21921182266009853 0.1921182266009852
4 0.6810344827586207 0.1810344827586207 0.21428571428571427 0.1921182266009852
4 0.2413793103448276 0.37561576354679804 0.22167487684729065 0.18719211822660098
4 0.4618226600985222 0.37807881773399016 0.21428571428571427 0.18719211822660098
4 0.06896551724137931 0.5788177339901478 0.13793103448275862 0.18719211822660098
4 0.24261083743842365 0.5652709359605911 0.21674876847290642 0.18226600985221675
4 0.7019704433497537 0.42857142857142855 0.21921182266009853 0.2019704433497537
4 0.458128078817734 0.5566502463054187 0.20935960591133004 0.18472906403940886
4 0.06773399014778325 0.7647783251231527 0.1354679802955665 0.1896551724137931
4 0.24507389162561577 0.75 0.21674876847290642 0.1896551724137931
4 0.4544334975369458 0.7339901477832512 0.2044334975369458 0.18226600985221675
4 0.6576354679802956 0.7167487684729064 0.19704433497536947 0.17733990147783252
4 0.6502463054187192 0.8596059113300493 0.1921182266009852 0.12807881773399016
4 0.8472906403940886 0.854679802955665 0.19704433497536947 0.12807881773399016
4 0.8559113300492611 0.7118226600985221 0.19950738916256158 0.16748768472906403
4 0.8633004926108374 0.5394088669950738 0.20935960591133004 0.17733990147783252
4 0.8928571428571429 0.16625615763546797 0.21428571428571427 0.19458128078817735
4 0.8817733990147784 0.35467980295566504 0.2044334975369458 0.17980295566502463