4 0.07360406091370558 0.19923857868020303 0.14720812182741116 0.2131979695431472
4 0.07233502538071065 0.4073604060913706 0.1446700507614213 0.19543147208121828
4 0.07614213197969544 0.6015228426395939 0.15228426395939088 0.19035532994923857
4 0.2652284263959391 0.18401015228426396 0.23096446700507614 0.20558375634517767
4 0.49238578680203043 0.18781725888324874 0.22588832487309646 0.19796954314720813
4 0.7170050761421319 0.1916243654822335 0.22081218274111675 0.19796954314720813
4 0.2639593908629442 0.39213197969543145 0.22842639593908629 0.19289340101522842
4 0.49111675126903553 0.3946700507614213 0.22081218274111675 0.19289340101522842
4 0.07868020304568528 0.6027918781725888 0.15736040609137056 0.19289340101522842
4 0.2652284263959391 0.5875634517766497 0.2233502538071066 0.18781725888324874
4 0.7385786802030457 0.4467005076142132 0.22588832487309646 0.20812182741116753
4 0.4873096446700508 0.5786802030456852 0.21573604060913706 0.19035532994923857
4 0.07741116751269035 0.7931472081218274 0.1548223350253807 0.19543147208121828
4 0.26776649746192893 0.7779187817258884 0.2233502538071066 0.19543147208121828
4 0.48350253807106597 0.7614213197969543 0.21065989847715735 0.18781725888324874
4 0.6928934010152284 0.7436548223350253 0.20304568527918782 0.18274111675126903
4 0.6852791878172588 0.8908629441624365 0.19796954314720813 0.1319796954314721
4 0.8883248730964467 0.8857868020304569 0.20304568527918782 0.1319796954314721
4 0.8972081218274112 0.7385786802030457 0.20558375634517767 0.17258883248730963
4 0.8984771573604061 0.5609137055837563 0.20304568527918782 0.18274111675126903
4 0.9124365482233503 0.17639593908629442 0.1751269035532995 0.20050761421319796
4 0.9086294416243654 0.36928934010152287 0.18274111675126903 0.18527918781725888