0 0.06370192307692307 0.2127403846153846 0.12740384615384615 0.2091346153846154
0 0.06850961538461539 0.4110576923076923 0.13701923076923078 0.19230769230769232
0 0.07692307692307693 0.5949519230769231 0.15384615384615385 0.1875
0 0.234375 0.18990384615384615 0.2283653846153846 0.20673076923076922
0 0.4495192307692308 0.18269230769230768 0.22355769230769232 0.19951923076923078
0 0.6622596153846154 0.17548076923076922 0.21875 0.1971153846153846
0 0.2439903846153846 0.3870192307692308 0.22596153846153846 0.19471153846153846
0 0.45913461538461536 0.3786057692307692 0.21875 0.19230769230769232
0 0.07932692307692307 0.5949519230769231 0.15865384615384615 0.18990384615384615
0 0.2548076923076923 0.5721153846153846 0.22115384615384615 0.18990384615384615
0 0.6959134615384616 0.41466346153846156 0.22355769230769232 0.2091346153846154
0 0.4639423076923077 0.5528846153846154 0.21394230769230768 0.18990384615384615
0 0.08774038461538461 0.7752403846153846 0.15625 0.19230769230769232
0 0.2668269230769231 0.7512019230769231 0.22115384615384615 0.1971153846153846
0 0.4699519230769231 0.7259615384615384 0.2091346153846154 0.1875
0 0.6670673076923077 0.6983173076923077 0.20192307692307693 0.18269230769230768
0 0.6670673076923077 0.8377403846153846 0.19471153846153846 0.1346153846153846
0 0.8581730769230769 0.8233173076923077 0.19951923076923078 0.1346153846153846
0 0.859375 0.6838942307692307 0.20192307692307693 0.17307692307692307
0 0.8581730769230769 0.5144230769230769 0.21394230769230768 0.18269230769230768
0 0.8677884615384616 0.1502403846153846 0.21875 0.19951923076923078
0 0.8665865384615384 0.33413461538461536 0.2091346153846154 0.18509615384615385