4 0.06218274111675127 0.1802030456852792 0.12436548223350254 0.2131979695431472
4 0.06091370558375635 0.3895939086294416 0.1218274111675127 0.19543147208121828
4 0.06472081218274112 0.5824873096446701 0.12944162436548223 0.19035532994923857
4 0.24238578680203046 0.16624365482233502 0.23096446700507614 0.20558375634517767
4 0.46954314720812185 0.1700507614213198 0.22588832487309646 0.19796954314720813
4 0.6941624365482234 0.17385786802030456 0.22081218274111675 0.19796954314720813
4 0.24111675126903553 0.3743654822335025 0.22842639593908629 0.19289340101522842
4 0.4682741116751269 0.3769035532994924 0.22081218274111675 0.19289340101522842
4 0.06725888324873096 0.583756345177665 0.13451776649746192 0.19289340101522842
4 0.24238578680203046 0.5697969543147208 0.2233502538071066 0.18781725888324874
4 0.7157360406091371 0.4289340101522843 0.22588832487309646 0.20812182741116753
4 0.46446700507614214 0.5609137055837563 0.21573604060913706 0.19035532994923857
4 0.06598984771573604 0.7753807106598984 0.1319796954314721 0.19543147208121828
4 0.24492385786802032 0.7601522842639594 0.2233502538071066 0.19543147208121828
4 0.4606598984771574 0.7436548223350253 0.21065989847715735 0.18781725888324874
4 0.6700507614213198 0.7258883248730964 0.20304568527918782 0.18274111675126903
4 0.6624365482233503 0.8730964467005076 0.19796954314720813 0.1319796954314721
4 0.8654822335025381 0.868020304568528 0.20304568527918782 0.1319796954314721
4 0.8743654822335025 0.7208121827411168 0.20558375634517767 0.17258883248730963
4 0.881979695431472 0.5431472081218274 0.21573604060913706 0.18274111675126903
4 0.9010152284263959 0.15862944162436549 0.19796954314720813 0.20050761421319796
4 0.8972081218274112 0.35152284263959394 0.20558375634517767 0.18527918781725888