4 0.06188118811881188 0.1707920792079208 0.12376237623762376 0.2079207920792079
4 0.06064356435643564 0.375 0.12128712871287128 0.1905940594059406
4 0.06435643564356436 0.5631188118811881 0.12871287128712872 0.18564356435643564
4 0.23886138613861385 0.15717821782178218 0.22524752475247525 0.2004950495049505
4 0.4603960396039604 0.1608910891089109 0.2202970297029703 0.19306930693069307
4 0.6794554455445545 0.1646039603960396 0.21534653465346534 0.19306930693069307
4 0.2376237623762376 0.36014851485148514 0.22277227722772278 0.18811881188118812
4 0.4591584158415842 0.3626237623762376 0.21534653465346534 0.18811881188118812
4 0.06683168316831684 0.5643564356435643 0.13366336633663367 0.18811881188118812
4 0.23886138613861385 0.5507425742574258 0.21782178217821782 0.18316831683168316
4 0.7004950495049505 0.41336633663366334 0.2202970297029703 0.20297029702970298
4 0.45544554455445546 0.5420792079207921 0.2103960396039604 0.18564356435643564
4 0.0655940594059406 0.7512376237623762 0.1311881188118812 0.1905940594059406
4 0.24133663366336633 0.7363861386138614 0.21782178217821782 0.1905940594059406
4 0.45173267326732675 0.7202970297029703 0.20544554455445543 0.18316831683168316
4 0.655940594059406 0.7029702970297029 0.19801980198019803 0.1782178217821782
4 0.6485148514851485 0.8465346534653465 0.19306930693069307 0.12871287128712872
4 0.8465346534653465 0.8415841584158416 0.19801980198019803 0.12871287128712872
4 0.8551980198019802 0.698019801980198 0.2004950495049505 0.16831683168316833
4 0.8626237623762376 0.5247524752475248 0.2103960396039604 0.1782178217821782
4 0.8923267326732673 0.14975247524752475 0.21534653465346534 0.19554455445544555
4 0.8811881188118812 0.33910891089108913 0.20544554455445543 0.1806930693069307