0 0.0985576923076923 0.22115384615384615 0.1971153846153846 0.33653846153846156
0 0.2932692307692308 0.17908653846153846 0.31009615384615385 0.33653846153846156
0 0.5661057692307693 0.14903846153846154 0.2956730769230769 0.2980769230769231
0 0.8125 0.12259615384615384 0.28365384615384615 0.24519230769230768
0 0.12740384615384615 0.5096153846153846 0.2548076923076923 0.34615384615384615
0 0.359375 0.47115384615384615 0.3125 0.34375
0 0.6298076923076923 0.41225961538461536 0.31009615384615385 0.33413461538461536
0 0.8737980769230769 0.3737980769230769 0.25240384615384615 0.33413461538461536
0 0.16105769230769232 0.7932692307692307 0.2764423076923077 0.31490384615384615
0 0.4026442307692308 0.7584134615384616 0.31490384615384615 0.3389423076923077
0 0.6682692307692307 0.7151442307692307 0.31490384615384615 0.3581730769230769
0 0.8978365384615384 0.6850961538461539 0.20432692307692307 0.34134615384615385