4 0.0748663101604278 0.16042780748663102 0.1497326203208556 0.32085561497326204
4 0.2874331550802139 0.15775401069518716 0.2914438502673797 0.3155080213903743
4 0.5962566844919787 0.15775401069518716 0.27807486631016043 0.3155080213903743
4 0.8716577540106952 0.1537433155080214 0.25668449197860965 0.3074866310160428
4 0.07754010695187166 0.4799465240641711 0.15508021390374332 0.3449197860962567
4 0.303475935828877 0.4839572192513369 0.29411764705882354 0.33689839572192515
4 0.6109625668449198 0.47192513368983957 0.2914438502673797 0.32620320855614976
4 0.8877005347593583 0.47593582887700536 0.22459893048128343 0.33689839572192515
4 0.07620320855614973 0.7967914438502673 0.15240641711229946 0.31016042780748665
4 0.29545454545454547 0.8074866310160428 0.2967914438502674 0.3315508021390374
4 0.5949197860962567 0.8114973262032086 0.29411764705882354 0.35294117647058826
4 0.8836898395721925 0.8288770053475936 0.232620320855615 0.3422459893048128