4 0.11898395721925134 0.16042780748663102 0.23796791443850268 0.32085561497326204
4 0.37566844919786097 0.15775401069518716 0.2914438502673797 0.3155080213903743
4 0.6844919786096256 0.15775401069518716 0.27807486631016043 0.3155080213903743
4 0.9157754010695187 0.1537433155080214 0.16844919786096257 0.3074866310160428
4 0.12165775401069519 0.4799465240641711 0.24331550802139038 0.3449197860962567
4 0.3917112299465241 0.4839572192513369 0.29411764705882354 0.33689839572192515
4 0.6991978609625669 0.47192513368983957 0.2914438502673797 0.32620320855614976
4 0.9318181818181818 0.47593582887700536 0.13636363636363635 0.33689839572192515
4 0.12032085561497326 0.7967914438502673 0.24064171122994651 0.31016042780748665
4 0.3836898395721925 0.8074866310160428 0.2967914438502674 0.3315508021390374
4 0.6831550802139037 0.8114973262032086 0.29411764705882354 0.35294117647058826
4 0.9278074866310161 0.8288770053475936 0.1443850267379679 0.3422459893048128