4 0.09898477157360407 0.14213197969543148 0.19796954314720813 0.28426395939086296
4 0.3286802030456853 0.13959390862944163 0.2766497461928934 0.27918781725888325
4 0.6218274111675127 0.13959390862944163 0.2639593908629442 0.27918781725888325
4 0.8807106598984772 0.13578680203045684 0.23857868020304568 0.2715736040609137
4 0.10152284263959391 0.4352791878172589 0.20304568527918782 0.32741116751269034
4 0.34390862944162437 0.43908629441624364 0.27918781725888325 0.3197969543147208
4 0.6357868020304569 0.4276649746192893 0.2766497461928934 0.3096446700507614
4 0.8959390862944162 0.43147208121827413 0.20812182741116753 0.3197969543147208
4 0.10025380710659898 0.7360406091370558 0.20050761421319796 0.29441624365482233
4 0.3362944162436548 0.7461928934010152 0.2817258883248731 0.3147208121827411
4 0.6205583756345178 0.75 0.27918781725888325 0.3350253807106599
4 0.8921319796954315 0.766497461928934 0.21573604060913706 0.3248730964467005