0 0.13341346153846154 0.14302884615384615 0.24278846153846154 0.2860576923076923
0 0.3713942307692308 0.14783653846153846 0.2764423076923077 0.2956730769230769
0 0.6478365384615384 0.15745192307692307 0.2644230769230769 0.30288461538461536
0 0.8858173076923077 0.16466346153846154 0.2283653846153846 0.3004807692307692
0 0.12259615384615384 0.4230769230769231 0.24519230769230768 0.32211538461538464
0 0.36899038461538464 0.43990384615384615 0.27884615384615385 0.3173076923076923
0 0.6466346153846154 0.44350961538461536 0.2764423076923077 0.3076923076923077
0 0.8930288461538461 0.46153846153846156 0.21394230769230768 0.3125
0 0.11298076923076923 0.7079326923076923 0.22596153846153846 0.29086538461538464
0 0.3473557692307692 0.7307692307692307 0.28125 0.3125
0 0.6153846153846154 0.7475961538461539 0.28125 0.3317307692307692
0 0.8774038461538461 0.7776442307692307 0.23317307692307693 0.31971153846153844