0 0.11538461538461539 0.33653846153846156 0.21153846153846154 0.21153846153846154
0 0.29086538461538464 0.38221153846153844 0.22596153846153846 0.21394230769230768
0 0.4855769230769231 0.4387019230769231 0.22596153846153846 0.21875
0 0.6754807692307693 0.484375 0.22596153846153846 0.21634615384615385
0 0.8798076923076923 0.5408653846153846 0.2403846153846154 0.23076923076923078
0 0.06490384615384616 0.49038461538461536 0.12980769230769232 0.19230769230769232
0 0.17307692307692307 0.5216346153846154 0.1658653846153846 0.18509615384615385
0 0.30288461538461536 0.5552884615384616 0.16346153846153846 0.18509615384615385
0 0.4254807692307692 0.5949519230769231 0.16346153846153846 0.18990384615384615
0 0.5504807692307693 0.6274038461538461 0.16346153846153846 0.18990384615384615
0 0.6766826923076923 0.6550480769230769 0.16346153846153846 0.18269230769230768
0 0.8365384615384616 0.7163461538461539 0.24519230769230768 0.21634615384615385
0 0.06129807692307692 0.6514423076923077 0.12259615384615384 0.1875
0 0.1935096153846154 0.6935096153846154 0.21634615384615385 0.19951923076923078
0 0.40625 0.7560096153846154 0.21394230769230768 0.19951923076923078
0 0.5949519230769231 0.8064903846153846 0.22115384615384615 0.20432692307692307
0 0.7776442307692307 0.8701923076923077 0.23317307692307693 0.19230769230769232