0 0.09014423076923077 0.49158653846153844 0.18028846153846154 0.19471153846153846
0 0.2620192307692308 0.46875 0.21153846153846154 0.1971153846153846
0 0.4639423076923077 0.4483173076923077 0.21153846153846154 0.20192307692307693
0 0.6574519230769231 0.41947115384615385 0.21153846153846154 0.19951923076923078
0 0.8701923076923077 0.3942307692307692 0.23076923076923078 0.21153846153846154
0 0.08052884615384616 0.6610576923076923 0.1466346153846154 0.18269230769230768
0 0.20432692307692307 0.6418269230769231 0.15384615384615385 0.17548076923076922
0 0.33774038461538464 0.625 0.15144230769230768 0.17548076923076922
0 0.46634615384615385 0.6165865384615384 0.14903846153846154 0.18028846153846154
0 0.59375 0.5997596153846154 0.14903846153846154 0.18028846153846154
0 0.7223557692307693 0.578125 0.15144230769230768 0.17307692307692307
0 0.8882211538461539 0.5745192307692307 0.22355769230769232 0.1971153846153846
0 0.11899038461538461 0.8185096153846154 0.17548076923076922 0.17307692307692307
0 0.28846153846153844 0.7944711538461539 0.20432692307692307 0.18509615384615385
0 0.5096153846153846 0.7716346153846154 0.20192307692307693 0.18509615384615385
0 0.7019230769230769 0.7487980769230769 0.2091346153846154 0.1875
0 0.8930288461538461 0.7391826923076923 0.21394230769230768 0.17548076923076922