4 0.08838383838383838 0.42424242424242425 0.17676767676767677 0.18181818181818182
4 0.273989898989899 0.42803030303030304 0.1994949494949495 0.18181818181818182
4 0.48737373737373735 0.4356060606060606 0.19696969696969696 0.18686868686868688
4 0.6931818181818182 0.43434343434343436 0.1994949494949495 0.18434343434343434
4 0.9040404040404041 0.43813131313131315 0.1919191919191919 0.19444444444444445
4 0.06186868686868687 0.5997474747474747 0.12373737373737374 0.17424242424242425
4 0.1893939393939394 0.5997474747474747 0.1388888888888889 0.16666666666666666
4 0.33080808080808083 0.601010101010101 0.13636363636363635 0.16666666666666666
4 0.4659090909090909 0.6111111111111112 0.13383838383838384 0.1717171717171717
4 0.601010101010101 0.6123737373737373 0.13383838383838384 0.1717171717171717
4 0.7373737373737373 0.6085858585858586 0.13636363636363635 0.16414141414141414
4 0.9027777777777778 0.6300505050505051 0.19444444444444445 0.17929292929292928
4 0.07828282828282829 0.7702020202020202 0.15656565656565657 0.16161616161616163
4 0.255050505050505 0.7702020202020202 0.1919191919191919 0.1691919191919192
4 0.48737373737373735 0.7790404040404041 0.1893939393939394 0.1691919191919192
4 0.6919191919191919 0.7828282828282829 0.19696969696969696 0.1717171717171717
4 0.8939393939393939 0.8005050505050505 0.21212121212121213 0.15656565656565657