4 0.08072916666666667 0.4140625 0.16145833333333334 0.1875
4 0.26171875 0.41796875 0.20572916666666666 0.1875
4 0.4817708333333333 0.42578125 0.203125 0.19270833333333334
4 0.6940104166666666 0.4244791666666667 0.20572916666666666 0.19010416666666666
4 0.90625 0.4283854166666667 0.1875 0.20052083333333334
4 0.053385416666666664 0.5950520833333334 0.10677083333333333 0.1796875
4 0.17447916666666666 0.5950520833333334 0.14322916666666666 0.171875
4 0.3203125 0.5963541666666666 0.140625 0.171875
4 0.4596354166666667 0.6067708333333334 0.13802083333333334 0.17708333333333334
4 0.5989583333333334 0.6080729166666666 0.13802083333333334 0.17708333333333334
4 0.7395833333333334 0.6041666666666666 0.140625 0.16927083333333334
4 0.9049479166666666 0.6263020833333334 0.19010416666666666 0.18489583333333334
4 0.0703125 0.7708333333333334 0.140625 0.16666666666666666
4 0.2421875 0.7708333333333334 0.19791666666666666 0.17447916666666666
4 0.4817708333333333 0.7799479166666666 0.1953125 0.17447916666666666
4 0.6927083333333334 0.7838541666666666 0.203125 0.17708333333333334
4 0.8958333333333334 0.8020833333333334 0.20833333333333334 0.16145833333333334