0 0.09495192307692307 0.5360576923076923 0.18990384615384615 0.21153846153846154
0 0.25961538461538464 0.49399038461538464 0.22596153846153846 0.21394230769230768
0 0.4579326923076923 0.4519230769230769 0.22596153846153846 0.21875
0 0.6478365384615384 0.40384615384615385 0.22596153846153846 0.21634615384615385
0 0.8569711538461539 0.35697115384615385 0.24519230769230768 0.23076923076923078
0 0.09975961538461539 0.7043269230769231 0.16105769230769232 0.19230769230769232
0 0.22115384615384615 0.671875 0.1658653846153846 0.18509615384615385
0 0.35216346153846156 0.640625 0.16346153846153846 0.18509615384615385
0 0.47836538461538464 0.6189903846153846 0.16346153846153846 0.18990384615384615
0 0.6045673076923077 0.5889423076923077 0.16346153846153846 0.18990384615384615
0 0.7295673076923077 0.5540865384615384 0.16346153846153846 0.18269230769230768
0 0.8882211538461539 0.5336538461538461 0.22355769230769232 0.21634615384615385
0 0.15384615384615385 0.8557692307692307 0.18990384615384615 0.1875
0 0.32091346153846156 0.8149038461538461 0.21634615384615385 0.19951923076923078
0 0.5372596153846154 0.7692307692307693 0.21394230769230768 0.19951923076923078
0 0.7271634615384616 0.7259615384615384 0.22115384615384615 0.20432692307692307
0 0.9014423076923077 0.6947115384615384 0.1971153846153846 0.19230769230769232