4 0.05789473684210526 0.46578947368421053 0.11578947368421053 0.18947368421052632
4 0.21710526315789475 0.4697368421052632 0.20789473684210527 0.18947368421052632
4 0.4394736842105263 0.4776315789473684 0.20526315789473684 0.19473684210526315
4 0.6539473684210526 0.4763157894736842 0.20789473684210527 0.19210526315789472
4 0.8868421052631579 0.48026315789473684 0.22631578947368422 0.2026315789473684
4 0.030263157894736843 0.6486842105263158 0.060526315789473685 0.18157894736842106
4 0.12894736842105264 0.6486842105263158 0.14473684210526316 0.1736842105263158
4 0.27631578947368424 0.65 0.14210526315789473 0.1736842105263158
4 0.41710526315789476 0.6605263157894737 0.1394736842105263 0.17894736842105263
4 0.5578947368421052 0.6618421052631579 0.1394736842105263 0.17894736842105263
4 0.7 0.6578947368421053 0.14210526315789473 0.17105263157894737
4 0.8855263157894737 0.6802631578947368 0.22894736842105262 0.1868421052631579
4 0.04736842105263158 0.8263157894736842 0.09473684210526316 0.16842105263157894
4 0.19736842105263158 0.8263157894736842 0.2 0.1763157894736842
4 0.4394736842105263 0.8355263157894737 0.19736842105263158 0.1763157894736842
4 0.6526315789473685 0.8394736842105263 0.20526315789473684 0.17894736842105263
4 0.8644736842105263 0.8592105263157894 0.22105263157894736 0.1631578947368421