0 0.21754807692307693 0.1778846153846154 0.18990384615384615 0.27403846153846156
0 0.3858173076923077 0.19831730769230768 0.18269230769230768 0.27884615384615385
0 0.5408653846153846 0.21394230769230768 0.1875 0.27163461538461536
0 0.7019230769230769 0.23076923076923078 0.1875 0.27403846153846156
0 0.8605769230769231 0.2512019230769231 0.18990384615384615 0.28125
0 0.18269230769230768 0.45552884615384615 0.19471153846153846 0.2932692307692308
0 0.34615384615384615 0.47836538461538464 0.19230769230769232 0.28846153846153844
0 0.5132211538461539 0.4795673076923077 0.19230769230769232 0.29086538461538464
0 0.6778846153846154 0.5084134615384616 0.18509615384615385 0.28125
0 0.8365384615384616 0.5252403846153846 0.1971153846153846 0.2980769230769231
0 0.15745192307692307 0.7055288461538461 0.23557692307692307 0.2548076923076923
0 0.3629807692307692 0.7283653846153846 0.22355769230769232 0.24519230769230768
0 0.5769230769230769 0.7632211538461539 0.23076923076923078 0.25240384615384615
0 0.7884615384615384 0.7776442307692307 0.23317307692307693 0.25240384615384615