0 0.22235576923076922 0.17307692307692307 0.19471153846153846 0.27403846153846156
0 0.390625 0.19591346153846154 0.1875 0.28125
0 0.5456730769230769 0.21514423076923078 0.19230769230769232 0.27403846153846156
0 0.7067307692307693 0.234375 0.19230769230769232 0.2764423076923077
0 0.8653846153846154 0.25841346153846156 0.19471153846153846 0.28365384615384615
0 0.18389423076923078 0.45072115384615385 0.19951923076923078 0.2956730769230769
0 0.3473557692307692 0.47475961538461536 0.1971153846153846 0.29086538461538464
0 0.5132211538461539 0.4795673076923077 0.1971153846153846 0.2932692307692308
0 0.6778846153846154 0.5108173076923077 0.18990384615384615 0.28365384615384615
0 0.8365384615384616 0.53125 0.20192307692307693 0.3004807692307692
0 0.15384615384615385 0.6995192307692307 0.23798076923076922 0.25721153846153844
0 0.359375 0.7259615384615384 0.2283653846153846 0.25
0 0.5733173076923077 0.7644230769230769 0.23317307692307693 0.25721153846153844
0 0.7836538461538461 0.7836538461538461 0.23557692307692307 0.2548076923076923