0 0.2704326923076923 0.140625 0.22355769230769232 0.28125
0 0.4338942307692308 0.18389423076923078 0.21875 0.2956730769230769
0 0.5853365384615384 0.2247596153846154 0.22115384615384615 0.29086538461538464
0 0.7415865384615384 0.265625 0.22355769230769232 0.2932692307692308
0 0.890625 0.3112980769230769 0.21875 0.3004807692307692
0 0.1935096153846154 0.40625 0.23076923076923078 0.31009615384615385
0 0.35216346153846156 0.4543269230769231 0.23076923076923078 0.30528846153846156
0 0.515625 0.48197115384615385 0.2283653846153846 0.31009615384615385
0 0.6742788461538461 0.5360576923076923 0.22115384615384615 0.2980769230769231
0 0.828125 0.578125 0.23557692307692307 0.31490384615384615
0 0.12980769230769232 0.6490384615384616 0.25961538461538464 0.27884615384615385
0 0.3293269230769231 0.7043269230769231 0.25240384615384615 0.27163461538461536
0 0.5348557692307693 0.7716346153846154 0.25961538461538464 0.27884615384615385
0 0.7415865384615384 0.8197115384615384 0.2620192307692308 0.2764423076923077