4 0.17574257425742573 0.2103960396039604 0.16831683168316833 0.26485148514851486
4 0.3502475247524752 0.21287128712871287 0.1608910891089109 0.2722772277227723
4 0.5111386138613861 0.21287128712871287 0.16584158415841585 0.26485148514851486
4 0.6782178217821783 0.21287128712871287 0.16584158415841585 0.26732673267326734
4 0.8428217821782178 0.21658415841584158 0.16831683168316833 0.2747524752475248
4 0.1707920792079208 0.49876237623762376 0.1707920792079208 0.28465346534653463
4 0.34034653465346537 0.5037128712871287 0.1707920792079208 0.27970297029702973
4 0.5111386138613861 0.4876237623762376 0.16831683168316833 0.28465346534653463
4 0.6831683168316832 0.49876237623762376 0.16336633663366337 0.2747524752475248
4 0.8477722772277227 0.5 0.17326732673267325 0.2896039603960396
4 0.1707920792079208 0.7574257425742574 0.21782178217821782 0.2400990099009901
4 0.3849009900990099 0.7586633663366337 0.2079207920792079 0.23267326732673269
4 0.6076732673267327 0.7710396039603961 0.21287128712871287 0.2400990099009901
4 0.8254950495049505 0.7636138613861386 0.21534653465346534 0.2376237623762376