4 0.18627450980392157 0.20098039215686275 0.16666666666666666 0.2622549019607843
4 0.3590686274509804 0.2034313725490196 0.15931372549019607 0.2696078431372549
4 0.5183823529411765 0.2034313725490196 0.1642156862745098 0.2622549019607843
4 0.6838235294117647 0.2034313725490196 0.1642156862745098 0.2647058823529412
4 0.8468137254901961 0.20710784313725492 0.16666666666666666 0.27205882352941174
4 0.18137254901960784 0.48651960784313725 0.16911764705882354 0.2818627450980392
4 0.3492647058823529 0.49142156862745096 0.16911764705882354 0.2769607843137255
4 0.5183823529411765 0.47549019607843135 0.16666666666666666 0.2818627450980392
4 0.6887254901960784 0.48651960784313725 0.16176470588235295 0.27205882352941174
4 0.8517156862745098 0.4877450980392157 0.1715686274509804 0.2867647058823529
4 0.18137254901960784 0.7426470588235294 0.21568627450980393 0.23774509803921567
4 0.39338235294117646 0.7438725490196079 0.20588235294117646 0.23039215686274508
4 0.6139705882352942 0.7561274509803921 0.2107843137254902 0.23774509803921567
4 0.8296568627450981 0.7487745098039216 0.21323529411764705 0.23529411764705882