4 0.15526315789473685 0.18947368421052632 0.17894736842105263 0.28157894736842104
4 0.34078947368421053 0.19210526315789472 0.17105263157894737 0.2894736842105263
4 0.5118421052631579 0.19210526315789472 0.1763157894736842 0.28157894736842104
4 0.6894736842105263 0.19210526315789472 0.1763157894736842 0.28421052631578947
4 0.8644736842105263 0.19605263157894737 0.17894736842105263 0.29210526315789476
4 0.15 0.49605263157894736 0.18157894736842106 0.3026315789473684
4 0.33026315789473687 0.5013157894736842 0.18157894736842106 0.29736842105263156
4 0.5118421052631579 0.4842105263157895 0.17894736842105263 0.3026315789473684
4 0.6947368421052632 0.49605263157894736 0.1736842105263158 0.29210526315789476
4 0.8697368421052631 0.49736842105263157 0.18421052631578946 0.3078947368421053
4 0.15 0.7710526315789473 0.23157894736842105 0.25526315789473686
4 0.37763157894736843 0.7723684210526316 0.22105263157894736 0.24736842105263157
4 0.6144736842105263 0.7855263157894737 0.22631578947368422 0.25526315789473686
4 0.8460526315789474 0.7776315789473685 0.22894736842105262 0.25263157894736843