4 0.07425742574257425 0.038366336633663366 0.1485148514851485 0.07673267326732673
4 0.08044554455445545 0.1646039603960396 0.1608910891089109 0.18564356435643564
4 0.08168316831683169 0.47029702970297027 0.16336633663366337 0.4405940594059406
4 0.24752475247524752 0.12747524752475248 0.17574257425742573 0.21534653465346534
4 0.2438118811881188 0.4566831683168317 0.1608910891089109 0.45544554455445546
4 0.39851485148514854 0.23514851485148514 0.11633663366336634 0.4306930693069307
4 0.5977722772277227 0.04455445544554455 0.26485148514851486 0.0891089108910891
4 0.5928217821782178 0.26732673267326734 0.26732673267326734 0.3712871287128713
4 0.8650990099009901 0.053217821782178217 0.2698019801980198 0.10643564356435643
4 0.8675742574257426 0.1448019801980198 0.26485148514851486 0.10643564356435643
4 0.8650990099009901 0.2623762376237624 0.2698019801980198 0.14356435643564355
4 0.8824257425742574 0.4814356435643564 0.23514851485148514 0.2995049504950495
4 0.5594059405940595 0.5891089108910891 0.41336633663366334 0.27722772277227725
4 0.12871287128712872 0.8217821782178217 0.25742574257425743 0.20297029702970298
4 0.5210396039603961 0.8415841584158416 0.5198019801980198 0.15841584158415842
4 0.9133663366336634 0.8254950495049505 0.17326732673267325 0.18564356435643564