0 0.0889423076923077 0.042067307692307696 0.16346153846153846 0.08413461538461539
0 0.09254807692307693 0.16947115384615385 0.17548076923076922 0.18269230769230768
0 0.0889423076923077 0.4651442307692308 0.1778846153846154 0.43028846153846156
0 0.26322115384615385 0.13701923076923078 0.17548076923076922 0.21153846153846154
0 0.2548076923076923 0.45552884615384615 0.16346153846153846 0.44471153846153844
0 0.40865384615384615 0.2439903846153846 0.1201923076923077 0.4206730769230769
0 0.6033653846153846 0.052884615384615384 0.25961538461538464 0.10576923076923077
0 0.5961538461538461 0.2776442307692308 0.2668269230769231 0.36538461538461536
0 0.8653846153846154 0.06490384615384616 0.2692307692307692 0.125
0 0.8677884615384616 0.1622596153846154 0.2644230769230769 0.10817307692307693
0 0.8641826923076923 0.27884615384615385 0.27163461538461536 0.14423076923076922
0 0.8786057692307693 0.49158653846153844 0.24278846153846154 0.2956730769230769
0 0.5588942307692307 0.5901442307692307 0.40625 0.2764423076923077
0 0.1310096153846154 0.8100961538461539 0.2620192307692308 0.20192307692307693
0 0.5168269230769231 0.8341346153846154 0.5072115384615384 0.16346153846153846
0 0.9038461538461539 0.8257211538461539 0.18269230769230768 0.18269230769230768