0 0.04807692307692308 0.12379807692307693 0.09615384615384616 0.11778846153846154
0 0.06850961538461539 0.25240384615384615 0.13701923076923078 0.20673076923076922
0 0.10576923076923077 0.5456730769230769 0.21153846153846154 0.4519230769230769
0 0.19831730769230768 0.18870192307692307 0.20432692307692307 0.23557692307692307
0 0.25 0.5036057692307693 0.23076923076923078 0.46153846153846156
0 0.3605769230769231 0.265625 0.18509615384615385 0.4326923076923077
0 0.5180288461538461 0.057692307692307696 0.27163461538461536 0.11538461538461539
0 0.5528846153846154 0.26322115384615385 0.3173076923076923 0.39903846153846156
0 0.7788461538461539 0.04326923076923077 0.28846153846153844 0.08653846153846154
0 0.8004807692307693 0.09975961538461539 0.28365384615384615 0.14903846153846154
0 0.8185096153846154 0.2127403846153846 0.2932692307692308 0.18509615384615385
0 0.8641826923076923 0.4170673076923077 0.27163461538461536 0.3293269230769231
0 0.5745192307692307 0.5769230769230769 0.4423076923076923 0.33413461538461536
0 0.1935096153846154 0.875 0.2980769230769231 0.2403846153846154
0 0.5805288461538461 0.8245192307692307 0.5240384615384616 0.23798076923076922
0 0.9266826923076923 0.7415865384615384 0.1466346153846154 0.2091346153846154