4 0.07682926829268293 0.042682926829268296 0.15365853658536585 0.08536585365853659
4 0.08292682926829269 0.1719512195121951 0.16585365853658537 0.18292682926829268
4 0.08414634146341464 0.47317073170731705 0.16829268292682928 0.43414634146341463
4 0.25121951219512195 0.1353658536585366 0.17317073170731706 0.2121951219512195
4 0.2475609756097561 0.45975609756097563 0.15853658536585366 0.44878048780487806
4 0.4 0.24146341463414633 0.11463414634146342 0.424390243902439
4 0.5963414634146341 0.04878048780487805 0.26097560975609757 0.0975609756097561
4 0.5914634146341463 0.2731707317073171 0.2634146341463415 0.36585365853658536
4 0.8634146341463415 0.05731707317073171 0.2731707317073171 0.11463414634146342
4 0.8658536585365854 0.1524390243902439 0.2682926829268293 0.1048780487804878
4 0.8634146341463415 0.2682926829268293 0.2731707317073171 0.14146341463414633
4 0.8804878048780488 0.4841463414634146 0.23902439024390243 0.2951219512195122
4 0.5585365853658537 0.5902439024390244 0.4073170731707317 0.2731707317073171
4 0.13048780487804879 0.8195121951219512 0.26097560975609757 0.2
4 0.5207317073170732 0.8390243902439024 0.5121951219512195 0.15609756097560976
4 0.9109756097560976 0.823170731707317 0.17804878048780487 0.18292682926829268