4 0.061855670103092786 0.029639175257731958 0.12371134020618557 0.059278350515463915
4 0.06829896907216494 0.15077319587628865 0.13659793814432988 0.19329896907216496
4 0.06958762886597938 0.4690721649484536 0.13917525773195877 0.4587628865979381
4 0.2268041237113402 0.11211340206185567 0.18298969072164947 0.22422680412371135
4 0.22293814432989692 0.45489690721649484 0.16752577319587628 0.4742268041237113
4 0.38402061855670105 0.22422680412371135 0.1211340206185567 0.4484536082474227
4 0.5914948453608248 0.03608247422680412 0.2757731958762887 0.07216494845360824
4 0.586340206185567 0.25773195876288657 0.27835051546391754 0.3865979381443299
4 0.8646907216494846 0.045103092783505154 0.2706185567010309 0.09020618556701031
4 0.8672680412371134 0.13015463917525774 0.2654639175257732 0.11082474226804123
4 0.8646907216494846 0.25257731958762886 0.2706185567010309 0.14948453608247422
4 0.8827319587628866 0.4806701030927835 0.2345360824742268 0.3118556701030928
4 0.5515463917525774 0.5927835051546392 0.43041237113402064 0.28865979381443296
4 0.11855670103092783 0.8350515463917526 0.23711340206185566 0.211340206185567
4 0.5115979381443299 0.8556701030927835 0.5412371134020618 0.16494845360824742
4 0.9149484536082474 0.8389175257731959 0.17010309278350516 0.19329896907216496