0 0.13822115384615385 0.026442307692307692 0.17067307692307693 0.052884615384615384
0 0.12860576923076922 0.12860576923076922 0.19471153846153846 0.19951923076923078
0 0.10336538461538461 0.4230769230769231 0.20673076923076922 0.44711538461538464
0 0.30288461538461536 0.1141826923076923 0.19471153846153846 0.2283653846153846
0 0.2608173076923077 0.43028846153846156 0.2091346153846154 0.45913461538461536
0 0.43509615384615385 0.23557692307692307 0.16346153846153846 0.42788461538461536
0 0.6514423076923077 0.0673076923076923 0.2668269230769231 0.1346153846153846
0 0.6189903846153846 0.28966346153846156 0.3004807692307692 0.3894230769230769
0 0.8846153846153846 0.10697115384615384 0.23076923076923078 0.15144230769230768
0 0.8822115384615384 0.20432692307692307 0.23557692307692307 0.1346153846153846
0 0.8713942307692307 0.31850961538461536 0.25721153846153844 0.17067307692307693
0 0.8701923076923077 0.53125 0.25961538461538464 0.3173076923076923
0 0.5492788461538461 0.5961538461538461 0.43028846153846156 0.3173076923076923
0 0.1201923076923077 0.7680288461538461 0.2403846153846154 0.2283653846153846
0 0.48197115384615385 0.8341346153846154 0.5192307692307693 0.21394230769230768
0 0.8677884615384616 0.8665865384615384 0.20192307692307693 0.20192307692307693