4 0.07598039215686274 0.041666666666666664 0.15196078431372548 0.08333333333333333
4 0.0821078431372549 0.17034313725490197 0.1642156862745098 0.18382352941176472
4 0.08333333333333333 0.4730392156862745 0.16666666666666666 0.4362745098039216
4 0.25 0.13357843137254902 0.17401960784313725 0.21323529411764705
4 0.24632352941176472 0.45955882352941174 0.15931372549019607 0.45098039215686275
4 0.39950980392156865 0.24019607843137256 0.11519607843137254 0.4264705882352941
4 0.5968137254901961 0.04779411764705882 0.2622549019607843 0.09558823529411764
4 0.5919117647058824 0.27205882352941174 0.2647058823529412 0.36764705882352944
4 0.8639705882352942 0.056372549019607844 0.27205882352941174 0.11274509803921569
4 0.866421568627451 0.15073529411764705 0.26715686274509803 0.1053921568627451
4 0.8639705882352942 0.26715686274509803 0.27205882352941174 0.14215686274509803
4 0.8811274509803921 0.4840686274509804 0.23774509803921567 0.2965686274509804
4 0.5588235294117647 0.5906862745098039 0.40931372549019607 0.27450980392156865
4 0.12990196078431374 0.821078431372549 0.25980392156862747 0.20098039215686275
4 0.5208333333333334 0.8406862745098039 0.5147058823529411 0.1568627450980392
4 0.9117647058823529 0.8247549019607843 0.17647058823529413 0.18382352941176472