0 0.13822115384615385 0.13221153846153846 0.2620192307692308 0.2644230769230769
0 0.40384615384615385 0.13701923076923078 0.25961538461538464 0.27403846153846156
0 0.6682692307692307 0.14423076923076922 0.2620192307692308 0.2860576923076923
0 0.90625 0.1466346153846154 0.1875 0.27403846153846156
0 0.13581730769230768 0.44350961538461536 0.27163461538461536 0.35336538461538464
0 0.4026442307692308 0.4495192307692308 0.27163461538461536 0.35336538461538464
0 0.6706730769230769 0.46153846153846156 0.25721153846153844 0.3629807692307692
0 0.8954326923076923 0.45913461538461536 0.2091346153846154 0.3557692307692308
0 0.12259615384615384 0.7560096153846154 0.24519230769230768 0.28125
0 0.38100961538461536 0.7668269230769231 0.2692307692307692 0.2932692307692308
0 0.6502403846153846 0.7740384615384616 0.27163461538461536 0.29086538461538464
0 0.8846153846153846 0.7788461538461539 0.22115384615384615 0.3004807692307692