4 0.1064102564102564 0.14358974358974358 0.2128205128205128 0.28717948717948716
4 0.36153846153846153 0.1423076923076923 0.26666666666666666 0.2846153846153846
4 0.6423076923076924 0.14487179487179488 0.2692307692307692 0.28974358974358977
4 0.9012820512820513 0.13974358974358975 0.19743589743589743 0.2794871794871795
4 0.11282051282051282 0.4807692307692308 0.22564102564102564 0.36666666666666664
4 0.3717948717948718 0.4782051282051282 0.27692307692307694 0.36666666666666664
4 0.6576923076923077 0.4807692307692308 0.26153846153846155 0.37948717948717947
4 0.8961538461538462 0.4705128205128205 0.2076923076923077 0.3717948717948718
4 0.10512820512820513 0.8166666666666667 0.21025641025641026 0.28974358974358977
4 0.36025641025641025 0.8166666666666667 0.27692307692307694 0.30256410256410254
4 0.6474358974358975 0.8141025641025641 0.2794871794871795 0.3
4 0.8923076923076924 0.8102564102564103 0.2153846153846154 0.3128205128205128