0 0.18028846153846154 0.12139423076923077 0.28846153846153844 0.24278846153846154
0 0.44350961538461536 0.13822115384615385 0.2860576923076923 0.2764423076923077
0 0.7055288461538461 0.16346153846153846 0.28846153846153844 0.3076923076923077
0 0.9170673076923077 0.1935096153846154 0.1658653846153846 0.29086538461538464
0 0.14783653846153846 0.4050480769230769 0.2956730769230769 0.37740384615384615
0 0.40865384615384615 0.43990384615384615 0.30528846153846156 0.37740384615384615
0 0.6742788461538461 0.4795673076923077 0.2932692307692308 0.3870192307692308
0 0.8882211538461539 0.5012019230769231 0.22355769230769232 0.37259615384615385
0 0.11658653846153846 0.7139423076923077 0.23317307692307693 0.30288461538461536
0 0.3545673076923077 0.7524038461538461 0.2956730769230769 0.3173076923076923
0 0.6213942307692307 0.7872596153846154 0.2980769230769231 0.31490384615384615
0 0.8533653846153846 0.8173076923076923 0.25 0.31971153846153844