0 0.20072115384615385 0.11538461538461539 0.3004807692307692 0.23076923076923078
0 0.46153846153846156 0.13942307692307693 0.2980769230769231 0.27884615384615385
0 0.7223557692307693 0.17427884615384615 0.3004807692307692 0.31971153846153844
0 0.921875 0.21634615384615385 0.15625 0.2980769230769231
0 0.15384615384615385 0.3858173076923077 0.3076923076923077 0.3870192307692308
0 0.41225961538461536 0.43509615384615385 0.31971153846153844 0.3870192307692308
0 0.6742788461538461 0.4891826923076923 0.3076923076923077 0.39663461538461536
0 0.8834134615384616 0.5228365384615384 0.23317307692307693 0.38221153846153844
0 0.1141826923076923 0.6935096153846154 0.2283653846153846 0.31490384615384615
0 0.34134615384615385 0.7451923076923077 0.31009615384615385 0.3269230769230769
0 0.6057692307692307 0.7932692307692307 0.31009615384615385 0.3269230769230769
0 0.8365384615384616 0.8353365384615384 0.2644230769230769 0.3293269230769231