4 0.1188118811881188 0.1373762376237624 0.2376237623762376 0.2747524752475248
4 0.3811881188118812 0.13613861386138615 0.25742574257425743 0.2722772277227723
4 0.6522277227722773 0.13861386138613863 0.2599009900990099 0.27722772277227725
4 0.9034653465346535 0.13366336633663367 0.19306930693069307 0.26732673267326734
4 0.125 0.46163366336633666 0.25 0.35396039603960394
4 0.3910891089108911 0.4591584158415842 0.26732673267326734 0.35396039603960394
4 0.6670792079207921 0.46163366336633666 0.2524752475247525 0.36633663366336633
4 0.8985148514851485 0.45173267326732675 0.20297029702970298 0.3589108910891089
4 0.11757425742574257 0.7858910891089109 0.23514851485148514 0.27970297029702973
4 0.37995049504950495 0.7858910891089109 0.26732673267326734 0.29207920792079206
4 0.6571782178217822 0.7834158415841584 0.2698019801980198 0.2896039603960396
4 0.8948019801980198 0.7797029702970297 0.2103960396039604 0.30198019801980197