0 0.17307692307692307 0.12259615384615384 0.28365384615384615 0.24519230769230768
0 0.4362980769230769 0.13822115384615385 0.28125 0.2764423076923077
0 0.6995192307692307 0.15985576923076922 0.28365384615384615 0.30528846153846156
0 0.9158653846153846 0.18509615384615385 0.16826923076923078 0.28846153846153844
0 0.1466346153846154 0.41225961538461536 0.2932692307692308 0.37259615384615385
0 0.4074519230769231 0.4411057692307692 0.3004807692307692 0.37259615384615385
0 0.6730769230769231 0.47596153846153844 0.2860576923076923 0.38221153846153844
0 0.8894230769230769 0.4951923076923077 0.22115384615384615 0.3701923076923077
0 0.11778846153846154 0.7223557692307693 0.23557692307692307 0.3004807692307692
0 0.3581730769230769 0.7548076923076923 0.2932692307692308 0.3125
0 0.6262019230769231 0.7860576923076923 0.2932692307692308 0.31009615384615385
0 0.859375 0.8112980769230769 0.24519230769230768 0.3173076923076923