0 0.04567307692307692 0.21875 0.09134615384615384 0.25961538461538464
0 0.06009615384615385 0.47115384615384615 0.1201923076923077 0.24519230769230768
0 0.07091346153846154 0.7536057692307693 0.10576923076923077 0.23317307692307693
0 0.21514423076923078 0.18870192307692307 0.3004807692307692 0.27163461538461536
0 0.23918269230769232 0.42788461538461536 0.2860576923076923 0.2668269230769231
0 0.47596153846153844 0.14423076923076922 0.28846153846153844 0.28365384615384615
0 0.5036057692307693 0.3762019230769231 0.28125 0.2644230769230769
0 0.25721153846153844 0.6814903846153846 0.28125 0.25961538461538464
0 0.515625 0.6213942307692307 0.2692307692307692 0.2620192307692308
0 0.7716346153846154 0.5721153846153846 0.2980769230769231 0.27163461538461536
0 0.265625 0.8978365384615384 0.2644230769230769 0.16826923076923078
0 0.5396634615384616 0.8353365384615384 0.27163461538461536 0.18269230769230768
0 0.7259615384615384 0.1141826923076923 0.28846153846153844 0.2283653846153846
0 0.7415865384615384 0.3401442307692308 0.27403846153846156 0.2644230769230769
0 0.78125 0.7668269230769231 0.2932692307692308 0.25240384615384615