4 0.06341463414634146 0.13414634146341464 0.12682926829268293 0.24390243902439024
4 0.05609756097560976 0.39390243902439026 0.11219512195121951 0.23170731707317074
4 0.032926829268292684 0.6804878048780488 0.06585365853658537 0.22926829268292684
4 0.275609756097561 0.14146341463414633 0.2682926829268293 0.23170731707317074
4 0.2573170731707317 0.38414634146341464 0.25365853658536586 0.22926829268292684
4 0.5439024390243903 0.14268292682926828 0.25365853658536586 0.24634146341463414
4 0.5304878048780488 0.37926829268292683 0.24878048780487805 0.22926829268292684
4 0.2304878048780488 0.6414634146341464 0.25121951219512195 0.22439024390243903
4 0.49878048780487805 0.6268292682926829 0.23658536585365852 0.22926829268292684
4 0.7634146341463415 0.6219512195121951 0.2658536585365854 0.23414634146341465
4 0.20121951219512196 0.8585365853658536 0.24878048780487805 0.12926829268292683
4 0.4853658536585366 0.8439024390243902 0.25365853658536586 0.14390243902439023
4 0.802439024390244 0.1353658536585366 0.25609756097560976 0.23414634146341465
4 0.774390243902439 0.3853658536585366 0.24146341463414633 0.22926829268292684
4 0.7390243902439024 0.8182926829268292 0.2658536585365854 0.2121951219512195