0 0.051682692307692304 0.18629807692307693 0.10336538461538461 0.25240384615384615
0 0.057692307692307696 0.4387019230769231 0.11538461538461539 0.23798076923076922
0 0.054086538461538464 0.7235576923076923 0.09134615384615384 0.23076923076923078
0 0.23798076923076922 0.16947115384615385 0.2860576923076923 0.2548076923076923
0 0.24519230769230768 0.4098557692307692 0.27163461538461536 0.25
0 0.5012019230769231 0.14302884615384615 0.27403846153846156 0.2668269230769231
0 0.5120192307692307 0.3762019230769231 0.2668269230769231 0.25
0 0.24519230769230768 0.6646634615384616 0.2692307692307692 0.24519230769230768
0 0.5072115384615384 0.6225961538461539 0.2548076923076923 0.25
0 0.765625 0.5901442307692307 0.28365384615384615 0.25721153846153844
0 0.23918269230769232 0.8798076923076923 0.25721153846153844 0.15144230769230768
0 0.515625 0.8365384615384616 0.2644230769230769 0.16826923076923078
0 0.7524038461538461 0.11778846153846154 0.27403846153846156 0.23557692307692307
0 0.7524038461538461 0.35697115384615385 0.25961538461538464 0.25
0 0.7620192307692307 0.7860576923076923 0.28125 0.23557692307692307