4 0.06467661691542288 0.12189054726368159 0.12935323383084577 0.24378109452736318
4 0.05721393034825871 0.3843283582089552 0.11442786069651742 0.236318407960199
4 0.033582089552238806 0.6766169154228856 0.06716417910447761 0.23383084577114427
4 0.2810945273631841 0.12686567164179105 0.2736318407960199 0.236318407960199
4 0.26243781094527363 0.3743781094527363 0.25870646766169153 0.23383084577114427
4 0.554726368159204 0.1281094527363184 0.25870646766169153 0.2512437810945274
4 0.5410447761194029 0.3694029850746269 0.2537313432835821 0.23383084577114427
4 0.23507462686567165 0.6368159203980099 0.2562189054726368 0.22885572139303484
4 0.5087064676616916 0.6218905472636815 0.24129353233830847 0.23383084577114427
4 0.7786069651741293 0.6169154228855721 0.27114427860696516 0.23880597014925373
4 0.20522388059701493 0.8582089552238806 0.2537313432835821 0.1318407960199005
4 0.49502487562189057 0.8432835820895522 0.25870646766169153 0.14676616915422885
4 0.818407960199005 0.12064676616915423 0.26119402985074625 0.23880597014925373
4 0.7898009950248757 0.3756218905472637 0.2462686567164179 0.23383084577114427
4 0.753731343283582 0.8171641791044776 0.27114427860696516 0.21641791044776118