4 0.06447368421052632 0.10394736842105264 0.12894736842105264 0.20789473684210527
4 0.056578947368421055 0.35657894736842105 0.11315789473684211 0.25
4 0.031578947368421054 0.6657894736842105 0.06315789473684211 0.24736842105263157
4 0.2894736842105263 0.10394736842105264 0.2894736842105263 0.20789473684210527
4 0.26973684210526316 0.3460526315789474 0.2736842105263158 0.24736842105263157
4 0.5789473684210527 0.10921052631578948 0.2736842105263158 0.21842105263157896
4 0.5644736842105263 0.34078947368421053 0.26842105263157895 0.24736842105263157
4 0.24078947368421053 0.6236842105263158 0.2710526315789474 0.24210526315789474
4 0.5302631578947369 0.6078947368421053 0.25526315789473686 0.24736842105263157
4 0.8157894736842105 0.6026315789473684 0.2868421052631579 0.25263157894736843
4 0.20921052631578949 0.8578947368421053 0.26842105263157895 0.1394736842105263
4 0.5157894736842106 0.8421052631578947 0.2736842105263158 0.15526315789473685
4 0.8565789473684211 0.1013157894736842 0.27631578947368424 0.2026315789473684
4 0.8276315789473684 0.3473684210526316 0.26052631578947366 0.24736842105263157
4 0.7894736842105263 0.8144736842105263 0.2868421052631579 0.22894736842105262