0 0.05889423076923077 0.15384615384615385 0.11778846153846154 0.24519230769230768
0 0.056490384615384616 0.4074519230769231 0.11298076923076923 0.23317307692307693
0 0.039663461538461536 0.6911057692307693 0.07451923076923077 0.2283653846153846
0 0.2620192307692308 0.15264423076923078 0.27163461538461536 0.23798076923076922
0 0.25240384615384615 0.3918269230769231 0.25721153846153844 0.23557692307692307
0 0.5264423076923077 0.14423076923076922 0.25721153846153844 0.25240384615384615
0 0.5204326923076923 0.37740384615384615 0.25240384615384615 0.23557692307692307
0 0.234375 0.6466346153846154 0.2548076923076923 0.23076923076923078
0 0.4987980769230769 0.6225961538461539 0.2403846153846154 0.23317307692307693
0 0.7584134615384616 0.609375 0.2692307692307692 0.2403846153846154
0 0.2127403846153846 0.8617788461538461 0.25 0.13701923076923078
0 0.49278846153846156 0.8365384615384616 0.2548076923076923 0.15144230769230768
0 0.7800480769230769 0.12860576923076922 0.25961538461538464 0.2403846153846154
0 0.7620192307692307 0.375 0.24519230769230768 0.23317307692307693
0 0.7415865384615384 0.8028846153846154 0.2692307692307692 0.21875