4 0.04838709677419355 0.12768817204301075 0.0967741935483871 0.2553763440860215
4 0.04032258064516129 0.40725806451612906 0.08064516129032258 0.2553763440860215
4 0.01478494623655914 0.7231182795698925 0.02956989247311828 0.25268817204301075
4 0.260752688172043 0.12903225806451613 0.2956989247311828 0.2553763440860215
4 0.24059139784946237 0.396505376344086 0.27956989247311825 0.25268817204301075
4 0.5564516129032258 0.13306451612903225 0.27956989247311825 0.2661290322580645
4 0.5416666666666666 0.3911290322580645 0.27419354838709675 0.25268817204301075
4 0.2110215053763441 0.6801075268817204 0.2768817204301075 0.24731182795698925
4 0.5067204301075269 0.6639784946236559 0.260752688172043 0.25268817204301075
4 0.7983870967741935 0.6586021505376344 0.29301075268817206 0.25806451612903225
4 0.17876344086021506 0.9193548387096774 0.27419354838709675 0.1424731182795699
4 0.49193548387096775 0.9032258064516129 0.27956989247311825 0.1586021505376344
4 0.8400537634408602 0.125 0.28225806451612906 0.25
4 0.8104838709677419 0.3978494623655914 0.2661290322580645 0.25268817204301075
4 0.771505376344086 0.875 0.29301075268817206 0.23387096774193547