4 0.061197916666666664 0.13020833333333334 0.12239583333333333 0.2604166666666667
4 0.053385416666666664 0.4075520833333333 0.10677083333333333 0.24739583333333334
4 0.028645833333333332 0.7135416666666666 0.057291666666666664 0.24479166666666666
4 0.28125 0.13802083333333334 0.2864583333333333 0.24739583333333334
4 0.26171875 0.3971354166666667 0.2708333333333333 0.24479166666666666
4 0.5677083333333334 0.13932291666666666 0.2708333333333333 0.2630208333333333
4 0.5533854166666666 0.3919270833333333 0.265625 0.24479166666666666
4 0.23307291666666666 0.671875 0.2682291666666667 0.23958333333333334
4 0.51953125 0.65625 0.2526041666666667 0.24479166666666666
4 0.8020833333333334 0.6510416666666666 0.2838541666666667 0.25
4 0.20182291666666666 0.9036458333333334 0.265625 0.13802083333333334
4 0.5052083333333334 0.8880208333333334 0.2708333333333333 0.15364583333333334
4 0.84375 0.13151041666666666 0.2734375 0.25
4 0.8138020833333334 0.3984375 0.2578125 0.24479166666666666
4 0.7760416666666666 0.8606770833333334 0.2838541666666667 0.2265625