4 0.6675257731958762 0.7809278350515464 0.16494845360824742 0.2912371134020619
4 0.28865979381443296 0.7010309278350515 0.0979381443298969 0.21649484536082475
4 0.39304123711340205 0.5115979381443299 0.11855670103092783 0.22938144329896906
4 0.28865979381443296 0.49871134020618557 0.0979381443298969 0.19845360824742267
4 0.19716494845360824 0.49355670103092786 0.08762886597938144 0.18814432989690721
4 0.19458762886597938 0.6842783505154639 0.07989690721649484 0.2036082474226804
4 0.6662371134020618 0.5309278350515464 0.16752577319587628 0.2706185567010309
4 0.5193298969072165 0.5219072164948454 0.13917525773195877 0.23711340206185566
4 0.5154639175257731 0.7525773195876289 0.13659793814432988 0.27319587628865977
4 0.3904639175257732 0.7229381443298969 0.11597938144329897 0.23195876288659795
4 0.5914948453608248 0.2757731958762887 0.15979381443298968 0.25
4 0.4536082474226804 0.29381443298969073 0.13402061855670103 0.211340206185567
4 0.33634020618556704 0.3002577319587629 0.11082474226804123 0.20876288659793815
4 0.23711340206185566 0.30670103092783507 0.09536082474226804 0.18814432989690721
4 0.47809278350515466 0.09664948453608248 0.13144329896907217 0.19329896907216496
4 0.3646907216494845 0.09664948453608248 0.1056701030927835 0.19329896907216496
4 0.26417525773195877 0.11211340206185567 0.09536082474226804 0.20618556701030927