4 0.6893203883495146 0.779126213592233 0.1553398058252427 0.27427184466019416
4 0.3325242718446602 0.7038834951456311 0.09223300970873786 0.20388349514563106
4 0.4308252427184466 0.5254854368932039 0.11165048543689321 0.21601941747572814
4 0.3325242718446602 0.5133495145631068 0.09223300970873786 0.18689320388349515
4 0.24635922330097088 0.508495145631068 0.0825242718446602 0.17718446601941748
4 0.24393203883495146 0.6881067961165048 0.07524271844660194 0.19174757281553398
4 0.6881067961165048 0.5436893203883495 0.15776699029126215 0.25485436893203883
4 0.5497572815533981 0.5351941747572816 0.13106796116504854 0.22330097087378642
4 0.5461165048543689 0.7524271844660194 0.12864077669902912 0.25728155339805825
4 0.42839805825242716 0.7245145631067961 0.10922330097087378 0.21844660194174756
4 0.6177184466019418 0.30339805825242716 0.15048543689320387 0.2354368932038835
4 0.4878640776699029 0.32038834951456313 0.1262135922330097 0.19902912621359223
4 0.3774271844660194 0.32645631067961167 0.10436893203883495 0.1966019417475728
4 0.28398058252427183 0.3325242718446602 0.08980582524271845 0.17718446601941748
4 0.5109223300970874 0.11286407766990292 0.12378640776699029 0.22572815533980584
4 0.4053398058252427 0.12864077669902912 0.09951456310679611 0.1941747572815534
4 0.3094660194174757 0.14927184466019416 0.08980582524271845 0.1941747572815534