4 0.6905940594059405 0.7846534653465347 0.15841584158415842 0.27970297029702973
4 0.32673267326732675 0.7079207920792079 0.09405940594059406 0.2079207920792079
4 0.42698019801980197 0.525990099009901 0.11386138613861387 0.2202970297029703
4 0.32673267326732675 0.5136138613861386 0.09405940594059406 0.1905940594059406
4 0.23886138613861385 0.5086633663366337 0.08415841584158416 0.1806930693069307
4 0.23638613861386137 0.6918316831683168 0.07673267326732673 0.19554455445544555
4 0.6893564356435643 0.5445544554455446 0.1608910891089109 0.2599009900990099
4 0.5482673267326733 0.5358910891089109 0.13366336633663367 0.22772277227722773
4 0.5445544554455446 0.7574257425742574 0.1311881188118812 0.2623762376237624
4 0.4245049504950495 0.7289603960396039 0.11138613861386139 0.22277227722772278
4 0.6175742574257426 0.2995049504950495 0.15346534653465346 0.2400990099009901
4 0.48514851485148514 0.31683168316831684 0.12871287128712872 0.20297029702970298
4 0.3725247524752475 0.32301980198019803 0.10643564356435643 0.2004950495049505
4 0.27722772277227725 0.3292079207920792 0.09158415841584158 0.1806930693069307
4 0.5086633663366337 0.11014851485148515 0.12623762376237624 0.2202970297029703
4 0.400990099009901 0.12128712871287128 0.10148514851485149 0.19801980198019803
4 0.3032178217821782 0.14232673267326731 0.09158415841584158 0.19801980198019803