0 0.6598557692307693 0.7920673076923077 0.1778846153846154 0.28365384615384615
0 0.31490384615384615 0.6862980769230769 0.10817307692307693 0.2091346153846154
0 0.4266826923076923 0.5192307692307693 0.12980769230769232 0.22355769230769232
0 0.3317307692307692 0.4987980769230769 0.10817307692307693 0.19230769230769232
0 0.24639423076923078 0.48677884615384615 0.09615384615384616 0.18269230769230768
0 0.2283653846153846 0.6634615384615384 0.09134615384615384 0.19471153846153846
0 0.6790865384615384 0.5588942307692307 0.1778846153846154 0.2644230769230769
0 0.5432692307692307 0.5384615384615384 0.14903846153846154 0.23076923076923078
0 0.5216346153846154 0.7524038461538461 0.14903846153846154 0.2644230769230769
0 0.4074519230769231 0.7151442307692307 0.12740384615384615 0.22596153846153846
0 0.6310096153846154 0.3161057692307692 0.16826923076923078 0.24519230769230768
0 0.5012019230769231 0.32211538461538464 0.14182692307692307 0.20673076923076922
0 0.3918269230769231 0.31850961538461536 0.1201923076923077 0.20192307692307693
0 0.29927884615384615 0.3161057692307692 0.10336538461538461 0.18269230769230768
0 0.5432692307692307 0.11778846153846154 0.14182692307692307 0.23557692307692307
0 0.4362980769230769 0.125 0.11538461538461539 0.19951923076923078
0 0.3401442307692308 0.13701923076923078 0.10576923076923077 0.19951923076923078