0 0.6706730769230769 0.7860576923076923 0.16826923076923078 0.27884615384615385
0 0.32091346153846156 0.6923076923076923 0.10096153846153846 0.20673076923076922
0 0.42788461538461536 0.5216346153846154 0.12259615384615384 0.21875
0 0.3317307692307692 0.5048076923076923 0.10096153846153846 0.18990384615384615
0 0.24639423076923078 0.4951923076923077 0.09134615384615384 0.18028846153846154
0 0.234375 0.6730769230769231 0.08413461538461539 0.19471153846153846
0 0.6814903846153846 0.5528846153846154 0.16826923076923078 0.25961538461538464
0 0.5444711538461539 0.5372596153846154 0.14182692307692307 0.2283653846153846
0 0.5300480769230769 0.7524038461538461 0.13942307692307693 0.2620192307692308
0 0.41466346153846156 0.71875 0.1201923076923077 0.22115384615384615
0 0.6237980769230769 0.3112980769230769 0.16105769230769232 0.2403846153846154
0 0.4951923076923077 0.32211538461538464 0.1346153846153846 0.20432692307692307
0 0.3858173076923077 0.32211538461538464 0.11298076923076923 0.19951923076923078
0 0.2920673076923077 0.3233173076923077 0.0985576923076923 0.18028846153846154
0 0.5300480769230769 0.11658653846153846 0.1346153846153846 0.23317307692307693
0 0.4230769230769231 0.12740384615384615 0.10817307692307693 0.1971153846153846
0 0.3269230769230769 0.14302884615384615 0.0985576923076923 0.1971153846153846