0 0.6850961538461539 0.7764423076923077 0.15384615384615385 0.27163461538461536
0 0.3317307692307692 0.7019230769230769 0.09134615384615384 0.20192307692307693
0 0.42908653846153844 0.5252403846153846 0.11057692307692307 0.21394230769230768
0 0.3317307692307692 0.5132211538461539 0.09134615384615384 0.18509615384615385
0 0.24639423076923078 0.5084134615384616 0.08173076923076923 0.17548076923076922
0 0.2439903846153846 0.6862980769230769 0.07451923076923077 0.18990384615384615
0 0.6838942307692307 0.5432692307692307 0.15625 0.25240384615384615
0 0.546875 0.5348557692307693 0.12980769230769232 0.22115384615384615
0 0.5432692307692307 0.75 0.12740384615384615 0.2548076923076923
0 0.4266826923076923 0.7223557692307693 0.10817307692307693 0.21634615384615385
0 0.6141826923076923 0.30528846153846156 0.14903846153846154 0.23317307692307693
0 0.4855769230769231 0.32211538461538464 0.125 0.1971153846153846
0 0.3762019230769231 0.328125 0.10336538461538461 0.19471153846153846
0 0.28365384615384615 0.33413461538461536 0.0889423076923077 0.17548076923076922
0 0.5096153846153846 0.11538461538461539 0.12259615384615384 0.22596153846153846
0 0.40384615384615385 0.13221153846153846 0.0985576923076923 0.19230769230769232
0 0.3088942307692308 0.15264423076923078 0.0889423076923077 0.19230769230769232