0 0.6069711538461539 0.8149038461538461 0.21875 0.30288461538461536
0 0.2848557692307692 0.6514423076923077 0.13942307692307693 0.21875
0 0.4254807692307692 0.5060096153846154 0.16105769230769232 0.23557692307692307
0 0.33413461538461536 0.46875 0.13701923076923078 0.20192307692307693
0 0.25240384615384615 0.4423076923076923 0.125 0.18990384615384615
0 0.20432692307692307 0.6141826923076923 0.1201923076923077 0.20192307692307693
0 0.6658653846153846 0.5889423076923077 0.21634615384615385 0.28365384615384615
0 0.5360576923076923 0.5456730769230769 0.18269230769230768 0.24759615384615385
0 0.47716346153846156 0.7524038461538461 0.18990384615384615 0.27884615384615385
0 0.3713942307692308 0.6959134615384616 0.16105769230769232 0.23798076923076922
0 0.6610576923076923 0.34134615384615385 0.20432692307692307 0.2644230769230769
0 0.5324519230769231 0.3245192307692308 0.17067307692307693 0.22355769230769232
0 0.4254807692307692 0.3016826923076923 0.14903846153846154 0.21394230769230768
0 0.33413461538461536 0.28365384615384615 0.13221153846153846 0.19230769230769232
0 0.609375 0.1310096153846154 0.1778846153846154 0.25
0 0.5024038461538461 0.1201923076923077 0.14423076923076922 0.21153846153846154
0 0.4050480769230769 0.11538461538461539 0.1346153846153846 0.2091346153846154