0 0.1466346153846154 0.12620192307692307 0.25961538461538464 0.25240384615384615
0 0.4026442307692308 0.14423076923076922 0.28125 0.28846153846153844
0 0.12980769230769232 0.4026442307692308 0.25961538461538464 0.34375
0 0.3798076923076923 0.4338942307692308 0.28365384615384615 0.3293269230769231
0 0.6766826923076923 0.16706730769230768 0.2956730769230769 0.3293269230769231
0 0.9074519230769231 0.16466346153846154 0.18509615384615385 0.2860576923076923
0 0.6586538461538461 0.4831730769230769 0.3076923076923077 0.3605769230769231
0 0.8990384615384616 0.4639423076923077 0.20192307692307693 0.34615384615384615
0 0.1141826923076923 0.7175480769230769 0.2283653846153846 0.3293269230769231
0 0.36658653846153844 0.7463942307692307 0.27884615384615385 0.3293269230769231
0 0.6454326923076923 0.7944711538461539 0.30288461538461536 0.30288461538461536
0 0.8870192307692307 0.7896634615384616 0.2091346153846154 0.3317307692307692