4 0.10353535353535354 0.1388888888888889 0.20707070707070707 0.2777777777777778
4 0.34974747474747475 0.14898989898989898 0.27525252525252525 0.29797979797979796
4 0.10479797979797979 0.44696969696969696 0.20959595959595959 0.3434343434343434
4 0.3484848484848485 0.4595959595959596 0.27525252525252525 0.3282828282828283
4 0.6388888888888888 0.16035353535353536 0.2878787878787879 0.3207070707070707
4 0.8977272727272727 0.14015151515151514 0.20454545454545456 0.2803030303030303
4 0.6452020202020202 0.4911616161616162 0.29797979797979796 0.35858585858585856
4 0.9015151515151515 0.4532828282828283 0.19696969696969696 0.351010101010101
4 0.10101010101010101 0.7777777777777778 0.20202020202020202 0.3282828282828283
4 0.35858585858585856 0.7878787878787878 0.2702020202020202 0.3282828282828283
4 0.6540404040404041 0.8181818181818182 0.29797979797979796 0.29797979797979796
4 0.9040404040404041 0.7941919191919192 0.1919191919191919 0.33585858585858586