4 0.1213235294117647 0.13480392156862744 0.2426470588235294 0.2696078431372549
4 0.38112745098039214 0.14460784313725492 0.26715686274509803 0.28921568627450983
4 0.12254901960784313 0.4338235294117647 0.24509803921568626 0.3333333333333333
4 0.3799019607843137 0.44607843137254904 0.26715686274509803 0.31862745098039214
4 0.6617647058823529 0.1556372549019608 0.27941176470588236 0.3112745098039216
4 0.9068627450980392 0.13602941176470587 0.18627450980392157 0.27205882352941174
4 0.6678921568627451 0.47671568627450983 0.28921568627450983 0.3480392156862745
4 0.9105392156862745 0.43995098039215685 0.17892156862745098 0.34068627450980393
4 0.11887254901960784 0.7549019607843137 0.23774509803921567 0.31862745098039214
4 0.3897058823529412 0.7647058823529411 0.2622549019607843 0.31862745098039214
4 0.6764705882352942 0.7941176470588235 0.28921568627450983 0.28921568627450983
4 0.9129901960784313 0.7708333333333334 0.17401960784313725 0.32598039215686275