4 0.11951219512195121 0.13170731707317074 0.23902439024390243 0.2634146341463415
4 0.37682926829268293 0.14146341463414633 0.2658536585365854 0.28292682926829266
4 0.12073170731707317 0.4268292682926829 0.24146341463414633 0.33170731707317075
4 0.375609756097561 0.43902439024390244 0.2658536585365854 0.3170731707317073
4 0.6560975609756098 0.1524390243902439 0.2780487804878049 0.3048780487804878
4 0.9036585365853659 0.1329268292682927 0.1926829268292683 0.2658536585365854
4 0.6621951219512195 0.4695121951219512 0.28780487804878047 0.3463414634146341
4 0.9073170731707317 0.4329268292682927 0.18536585365853658 0.33902439024390246
4 0.11707317073170732 0.7463414634146341 0.23414634146341465 0.3170731707317073
4 0.3853658536585366 0.7560975609756098 0.26097560975609757 0.3170731707317073
4 0.6707317073170732 0.7853658536585366 0.28780487804878047 0.28780487804878047
4 0.9097560975609756 0.7621951219512195 0.18048780487804877 0.32439024390243903