0 0.1141826923076923 0.15504807692307693 0.2283653846153846 0.28125
0 0.359375 0.15144230769230768 0.2764423076923077 0.30288461538461536
0 0.12379807692307693 0.45072115384615385 0.24759615384615385 0.3389423076923077
0 0.37259615384615385 0.4495192307692308 0.27884615384615385 0.3269230769230769
0 0.6334134615384616 0.15504807692307693 0.29086538461538464 0.31009615384615385
0 0.8810096153846154 0.12740384615384615 0.21394230769230768 0.2548076923076923
0 0.65625 0.4639423076923077 0.3004807692307692 0.3557692307692308
0 0.8978365384615384 0.41466346153846156 0.20432692307692307 0.34375
0 0.1310096153846154 0.765625 0.25240384615384615 0.3245192307692308
0 0.39783653846153844 0.7608173076923077 0.27403846153846156 0.3245192307692308
0 0.6802884615384616 0.7740384615384616 0.2980769230769231 0.2980769230769231
0 0.9086538461538461 0.7391826923076923 0.18269230769230768 0.3293269230769231