4 0.09871794871794871 0.1358974358974359 0.19743589743589743 0.2717948717948718
4 0.3423076923076923 0.14615384615384616 0.2794871794871795 0.2923076923076923
4 0.1 0.44358974358974357 0.2 0.3487179487179487
4 0.34102564102564104 0.4564102564102564 0.2794871794871795 0.3333333333333333
4 0.6358974358974359 0.1576923076923077 0.2923076923076923 0.3153846153846154
4 0.8974358974358975 0.1371794871794872 0.20512820512820512 0.2743589743589744
4 0.6423076923076924 0.48846153846153845 0.30256410256410254 0.3641025641025641
4 0.9012820512820513 0.45 0.19743589743589743 0.3564102564102564
4 0.09615384615384616 0.7794871794871795 0.19230769230769232 0.3333333333333333
4 0.35128205128205126 0.7897435897435897 0.2743589743589744 0.3333333333333333
4 0.6512820512820513 0.8205128205128205 0.30256410256410254 0.30256410256410254
4 0.9038461538461539 0.7961538461538461 0.19230769230769232 0.34102564102564104