4 0.11734693877551021 0.13392857142857142 0.23469387755102042 0.26785714285714285
4 0.3788265306122449 0.1441326530612245 0.2780612244897959 0.288265306122449
4 0.11862244897959184 0.4387755102040816 0.2372448979591837 0.3469387755102041
4 0.37755102040816324 0.45153061224489793 0.2780612244897959 0.33163265306122447
4 0.6709183673469388 0.1556122448979592 0.29081632653061223 0.3112244897959184
4 0.9145408163265306 0.13520408163265307 0.17091836734693877 0.27040816326530615
4 0.6772959183673469 0.48341836734693877 0.3010204081632653 0.3622448979591837
4 0.9183673469387755 0.4451530612244898 0.16326530612244897 0.35459183673469385
4 0.11479591836734694 0.7729591836734694 0.22959183673469388 0.33163265306122447
4 0.3877551020408163 0.7831632653061225 0.2729591836734694 0.33163265306122447
4 0.6862244897959183 0.8137755102040817 0.3010204081632653 0.3010204081632653
4 0.9209183673469388 0.7895408163265306 0.15816326530612246 0.3392857142857143