0 0.109375 0.6310096153846154 0.21875 0.29086538461538464
0 0.1658653846153846 0.8725961538461539 0.22596153846153846 0.2548076923076923
0 0.22235576923076922 0.34134615384615385 0.25721153846153844 0.3125
0 0.3798076923076923 0.09375 0.23557692307692307 0.1875
0 0.5865384615384616 0.07451923076923077 0.2403846153846154 0.14903846153846154
0 0.78125 0.04447115384615385 0.23557692307692307 0.0889423076923077
0 0.4254807692307692 0.29086538461538464 0.2668269230769231 0.3004807692307692
0 0.6274038461538461 0.24639423076923078 0.2548076923076923 0.2860576923076923
0 0.8317307692307693 0.19230769230769232 0.25721153846153844 0.2980769230769231
0 0.28725961538461536 0.5913461538461539 0.25721153846153844 0.3004807692307692
0 0.49038461538461536 0.5408653846153846 0.25721153846153844 0.3004807692307692
0 0.6899038461538461 0.49158653846153844 0.2548076923076923 0.30528846153846156
0 0.8810096153846154 0.4483173076923077 0.23798076923076922 0.30528846153846156
0 0.34615384615384615 0.8365384615384616 0.24759615384615385 0.27884615384615385
0 0.5480769230769231 0.78125 0.25 0.2764423076923077
0 0.7475961538461539 0.7403846153846154 0.25721153846153844 0.28125
0 0.9110576923076923 0.6911057692307693 0.1778846153846154 0.28125