0 0.10096153846153846 0.6009615384615384 0.20192307692307693 0.28365384615384615
0 0.140625 0.8557692307692307 0.21153846153846154 0.25961538461538464
0 0.234375 0.32211538461538464 0.24278846153846154 0.30288461538461536
0 0.4098557692307692 0.08653846153846154 0.2283653846153846 0.17307692307692307
0 0.6177884615384616 0.07451923076923077 0.23076923076923078 0.14903846153846154
0 0.8161057692307693 0.051682692307692304 0.2283653846153846 0.10336538461538461
0 0.4411057692307692 0.28725961538461536 0.25240384615384615 0.29086538461538464
0 0.6454326923076923 0.25600961538461536 0.2403846153846154 0.2764423076923077
0 0.8521634615384616 0.21634615384615385 0.24278846153846154 0.28846153846153844
0 0.2824519230769231 0.5757211538461539 0.24278846153846154 0.29086538461538464
0 0.4879807692307692 0.5396634615384616 0.24278846153846154 0.29086538461538464
0 0.6899038461538461 0.5048076923076923 0.23798076923076922 0.2956730769230769
0 0.8870192307692307 0.47716346153846156 0.22596153846153846 0.2956730769230769
0 0.32211538461538464 0.8245192307692307 0.23557692307692307 0.2692307692307692
0 0.5276442307692307 0.7836538461538461 0.23557692307692307 0.2668269230769231
0 0.7307692307692307 0.7572115384615384 0.24519230769230768 0.2692307692307692
0 0.9074519230769231 0.7223557692307693 0.18509615384615385 0.27163461538461536