4 0.07526881720430108 0.5134408602150538 0.15053763440860216 0.2903225806451613
4 0.07795698924731183 0.8010752688172043 0.15591397849462366 0.26344086021505375
4 0.2540322580645161 0.2271505376344086 0.22580645161290322 0.3064516129032258
4 0.489247311827957 0.038978494623655914 0.23118279569892472 0.07795698924731183
4 0.7244623655913979 0.04435483870967742 0.23387096774193547 0.08870967741935484
4 0.9166666666666666 0.036290322580645164 0.16666666666666666 0.07258064516129033
4 0.4879032258064516 0.22446236559139784 0.239247311827957 0.2903225806451613
4 0.7190860215053764 0.22580645161290322 0.22849462365591397 0.2768817204301075
4 0.9193548387096774 0.21774193548387097 0.16129032258064516 0.2903225806451613
4 0.2620967741935484 0.5161290322580645 0.22849462365591397 0.29301075268817206
4 0.4959677419354839 0.5120967741935484 0.22849462365591397 0.29301075268817206
4 0.7244623655913979 0.5094086021505376 0.22311827956989247 0.29838709677419356
4 0.9206989247311828 0.5147849462365591 0.1586021505376344 0.29838709677419356
4 0.26344086021505375 0.7983870967741935 0.22311827956989247 0.26881720430107525
4 0.49731182795698925 0.7889784946236559 0.22580645161290322 0.2661290322580645
4 0.7258064516129032 0.7943548387096774 0.23387096774193547 0.26881720430107525
4 0.9220430107526881 0.7916666666666666 0.15591397849462366 0.271505376344086