4 0.0874384236453202 0.5320197044334976 0.1748768472906404 0.2660098522167488
4 0.08990147783251232 0.7955665024630542 0.17980295566502463 0.2413793103448276
4 0.2697044334975369 0.2697044334975369 0.20689655172413793 0.28078817733990147
4 0.4852216748768473 0.0665024630541872 0.21182266009852216 0.1330049261083744
4 0.7007389162561576 0.07142857142857142 0.21428571428571427 0.14285714285714285
4 0.9002463054187192 0.06403940886699508 0.19950738916256158 0.12807881773399016
4 0.4839901477832512 0.2672413793103448 0.21921182266009853 0.2660098522167488
4 0.6958128078817734 0.2684729064039409 0.20935960591133004 0.2536945812807882
4 0.9027093596059114 0.26108374384236455 0.19458128078817735 0.2660098522167488
4 0.2770935960591133 0.5344827586206896 0.20935960591133004 0.2684729064039409
4 0.49137931034482757 0.5307881773399015 0.20935960591133004 0.2684729064039409
4 0.7007389162561576 0.5283251231527094 0.2044334975369458 0.2733990147783251
4 0.9039408866995073 0.5332512315270936 0.1921182266009852 0.2733990147783251
4 0.27832512315270935 0.7931034482758621 0.2044334975369458 0.24630541871921183
4 0.49261083743842365 0.7844827586206896 0.20689655172413793 0.2438423645320197
4 0.7019704433497537 0.7894088669950738 0.21428571428571427 0.24630541871921183
4 0.9051724137931034 0.7869458128078818 0.1896551724137931 0.24876847290640394