4 0.05263157894736842 0.5210526315789473 0.10526315789473684 0.28421052631578947
4 0.05526315789473684 0.8026315789473685 0.11052631578947368 0.2578947368421053
4 0.20657894736842106 0.24078947368421053 0.22105263157894736 0.3
4 0.4368421052631579 0.04736842105263158 0.22631578947368422 0.09473684210526316
4 0.6671052631578948 0.05263157894736842 0.22894736842105262 0.10526315789473684
4 0.8868421052631579 0.04473684210526316 0.22631578947368422 0.08947368421052632
4 0.4355263157894737 0.2381578947368421 0.23421052631578948 0.28421052631578947
4 0.6618421052631579 0.2394736842105263 0.2236842105263158 0.2710526315789474
4 0.8894736842105263 0.23157894736842105 0.22105263157894736 0.28421052631578947
4 0.21447368421052632 0.5236842105263158 0.2236842105263158 0.2868421052631579
4 0.44342105263157894 0.5197368421052632 0.2236842105263158 0.2868421052631579
4 0.6671052631578948 0.5171052631578947 0.21842105263157896 0.29210526315789476
4 0.8907894736842106 0.5223684210526316 0.21842105263157896 0.29210526315789476
4 0.21578947368421053 0.8 0.21842105263157896 0.2631578947368421
4 0.44473684210526315 0.7907894736842105 0.22105263157894736 0.26052631578947366
4 0.6684210526315789 0.7960526315789473 0.22894736842105262 0.2631578947368421
4 0.8921052631578947 0.7934210526315789 0.21578947368421053 0.2657894736842105