4 0.08414634146341464 0.5365853658536586 0.16829268292682928 0.2634146341463415
4 0.08658536585365853 0.7975609756097561 0.17317073170731706 0.23902439024390243
4 0.2621951219512195 0.27682926829268295 0.2048780487804878 0.2780487804878049
4 0.47560975609756095 0.07073170731707316 0.2097560975609756 0.14146341463414633
4 0.6890243902439024 0.07560975609756097 0.2121951219512195 0.15121951219512195
4 0.8939024390243903 0.06829268292682927 0.2121951219512195 0.13658536585365855
4 0.474390243902439 0.27439024390243905 0.21707317073170732 0.2634146341463415
4 0.6841463414634147 0.275609756097561 0.2073170731707317 0.25121951219512195
4 0.8963414634146342 0.2682926829268293 0.2073170731707317 0.2634146341463415
4 0.26951219512195124 0.5390243902439025 0.2073170731707317 0.2658536585365854
4 0.4817073170731707 0.5353658536585366 0.2073170731707317 0.2658536585365854
4 0.6890243902439024 0.5329268292682927 0.20243902439024392 0.2707317073170732
4 0.8975609756097561 0.5378048780487805 0.2048780487804878 0.2707317073170732
4 0.2707317073170732 0.7951219512195122 0.20243902439024392 0.24390243902439024
4 0.48292682926829267 0.7865853658536586 0.2048780487804878 0.24146341463414633
4 0.6902439024390243 0.7914634146341464 0.2121951219512195 0.24390243902439024
4 0.8987804878048781 0.7890243902439025 0.20243902439024392 0.24634146341463414