4 0.0821078431372549 0.5367647058823529 0.1642156862745098 0.2647058823529412
4 0.08455882352941177 0.7990196078431373 0.16911764705882354 0.24019607843137256
4 0.25857843137254904 0.2757352941176471 0.20588235294117646 0.27941176470588236
4 0.4730392156862745 0.06985294117647059 0.2107843137254902 0.13970588235294118
4 0.6875 0.07475490196078431 0.21323529411764705 0.14950980392156862
4 0.8933823529411765 0.06740196078431372 0.21323529411764705 0.13480392156862744
4 0.47181372549019607 0.27328431372549017 0.2181372549019608 0.2647058823529412
4 0.6825980392156863 0.27450980392156865 0.20833333333333334 0.25245098039215685
4 0.8958333333333334 0.26715686274509803 0.20833333333333334 0.2647058823529412
4 0.2659313725490196 0.5392156862745098 0.20833333333333334 0.26715686274509803
4 0.4791666666666667 0.5355392156862745 0.20833333333333334 0.26715686274509803
4 0.6875 0.5330882352941176 0.2034313725490196 0.27205882352941174
4 0.8970588235294118 0.5379901960784313 0.20588235294117646 0.27205882352941174
4 0.26715686274509803 0.7965686274509803 0.2034313725490196 0.24509803921568626
4 0.4803921568627451 0.7879901960784313 0.20588235294117646 0.2426470588235294
4 0.6887254901960784 0.7928921568627451 0.21323529411764705 0.24509803921568626
4 0.8982843137254902 0.7904411764705882 0.2034313725490196 0.24754901960784315