0 0.09134615384615384 0.5600961538461539 0.18269230769230768 0.2692307692307692
0 0.1045673076923077 0.8173076923076923 0.18990384615384615 0.24519230769230768
0 0.2548076923076923 0.29447115384615385 0.21634615384615385 0.28365384615384615
0 0.453125 0.078125 0.21394230769230768 0.15625
0 0.6634615384615384 0.07692307692307693 0.21634615384615385 0.15384615384615385
0 0.8653846153846154 0.06490384615384616 0.21634615384615385 0.12980769230769232
0 0.46274038461538464 0.28125 0.2283653846153846 0.27163461538461536
0 0.6694711538461539 0.27163461538461536 0.21634615384615385 0.25721153846153844
0 0.8798076923076923 0.2548076923076923 0.21875 0.2692307692307692
0 0.27524038461538464 0.5528846153846154 0.21875 0.27163461538461536
0 0.484375 0.5384615384615384 0.21875 0.27163461538461536
0 0.6875 0.5252403846153846 0.21394230769230768 0.2764423076923077
0 0.8930288461538461 0.5180288461538461 0.21394230769230768 0.2764423076923077
0 0.28966346153846156 0.8052884615384616 0.21153846153846154 0.25
0 0.49759615384615385 0.7848557692307693 0.21394230769230768 0.24759615384615385
0 0.7019230769230769 0.7800480769230769 0.22115384615384615 0.25
0 0.9014423076923077 0.765625 0.1971153846153846 0.25240384615384615