4 0.06349206349206349 0.023809523809523808 0.12698412698412698 0.047619047619047616
4 0.23015873015873015 0.017195767195767195 0.21164021164021163 0.03439153439153439
4 0.43915343915343913 0.018518518518518517 0.20105820105820105 0.037037037037037035
4 0.626984126984127 0.047619047619047616 0.18518518518518517 0.09523809523809523
4 0.828042328042328 0.03835978835978836 0.19047619047619047 0.07671957671957672
4 0.05555555555555555 0.18386243386243387 0.1111111111111111 0.2724867724867725
4 0.20238095238095238 0.17724867724867724 0.20105820105820105 0.2698412698412698
4 0.9642857142857143 0.04894179894179894 0.07142857142857142 0.09788359788359788
4 0.9417989417989417 0.22486772486772486 0.1164021164021164 0.24338624338624337
4 0.3994708994708995 0.1865079365079365 0.20634920634920634 0.2751322751322751
4 0.5912698412698413 0.24074074074074073 0.18783068783068782 0.2830687830687831
4 0.7804232804232805 0.2222222222222222 0.18783068783068782 0.29365079365079366
4 0.03968253968253968 0.45634920634920634 0.07936507936507936 0.23015873015873015
4 0.17195767195767195 0.44576719576719576 0.1984126984126984 0.2566137566137566
4 0.3558201058201058 0.45634920634920634 0.19576719576719576 0.23015873015873015
4 0.548941798941799 0.5105820105820106 0.19047619047619047 0.2566137566137566
4 0.7380952380952381 0.5 0.19047619047619047 0.2619047619047619
4 0.9153439153439153 0.47883597883597884 0.1693121693121693 0.2698412698412698
4 0.015873015873015872 0.6984126984126984 0.031746031746031744 0.2328042328042328
4 0.12301587301587301 0.7103174603174603 0.18783068783068782 0.2566137566137566
4 0.3055555555555556 0.7129629629629629 0.18253968253968253 0.24338624338624337
4 0.4894179894179894 0.7380952380952381 0.18253968253968253 0.21428571428571427
4 0.6759259259259259 0.7354497354497355 0.18783068783068782 0.21428571428571427
4 0.8571428571428571 0.7208994708994709 0.17989417989417988 0.21957671957671956
4 0.9748677248677249 0.7116402116402116 0.05026455026455026 0.2328042328042328