4 0.07196969696969698 0.03787878787878788 0.14393939393939395 0.07575757575757576
4 0.24242424242424243 0.03156565656565657 0.20202020202020202 0.06313131313131314
4 0.44191919191919193 0.03282828282828283 0.1919191919191919 0.06565656565656566
4 0.6212121212121212 0.06060606060606061 0.17676767676767677 0.12121212121212122
4 0.8131313131313131 0.05176767676767677 0.18181818181818182 0.10353535353535354
4 0.06439393939393939 0.2058080808080808 0.12878787878787878 0.2601010101010101
4 0.2159090909090909 0.1994949494949495 0.1919191919191919 0.25757575757575757
4 0.9545454545454546 0.06186868686868687 0.09090909090909091 0.12373737373737374
4 0.9330808080808081 0.24494949494949494 0.13383838383838384 0.23232323232323232
4 0.40404040404040403 0.20833333333333334 0.19696969696969696 0.26262626262626265
4 0.5871212121212122 0.2601010101010101 0.17929292929292928 0.2702020202020202
4 0.7676767676767676 0.24242424242424243 0.17929292929292928 0.2803030303030303
4 0.04924242424242424 0.4659090909090909 0.09848484848484848 0.2196969696969697
4 0.18686868686868688 0.45580808080808083 0.1893939393939394 0.24494949494949494
4 0.36237373737373735 0.4659090909090909 0.18686868686868688 0.2196969696969697
4 0.5467171717171717 0.5176767676767676 0.18181818181818182 0.24494949494949494
4 0.7272727272727273 0.5075757575757576 0.18181818181818182 0.25
4 0.9053030303030303 0.48737373737373735 0.17929292929292928 0.25757575757575757
4 0.026515151515151516 0.696969696969697 0.05303030303030303 0.2222222222222222
4 0.14015151515151514 0.7083333333333334 0.17929292929292928 0.24494949494949494
4 0.3143939393939394 0.7108585858585859 0.17424242424242425 0.23232323232323232
4 0.4898989898989899 0.7348484848484849 0.17424242424242425 0.20454545454545456
4 0.6679292929292929 0.7323232323232324 0.17929292929292928 0.20454545454545456
4 0.8409090909090909 0.7184343434343434 0.1717171717171717 0.20959595959595959
4 0.9646464646464646 0.7095959595959596 0.0707070707070707 0.2222222222222222