0 0.0625 0.10576923076923077 0.125 0.125
0 0.2127403846153846 0.07932692307692307 0.20192307692307693 0.11538461538461539
0 0.39903846153846156 0.057692307692307696 0.19230769230769232 0.11538461538461539
0 0.5709134615384616 0.0733173076923077 0.18509615384615385 0.1466346153846154
0 0.7524038461538461 0.052884615384615384 0.1875 0.10576923076923077
0 0.06971153846153846 0.28365384615384615 0.13942307692307693 0.2644230769230769
0 0.20793269230769232 0.25721153846153844 0.21153846153846154 0.2668269230769231
0 0.8930288461538461 0.052884615384615384 0.11778846153846154 0.10576923076923077
0 0.8978365384615384 0.21754807692307693 0.16826923076923078 0.23798076923076922
0 0.3858173076923077 0.2439903846153846 0.21634615384615385 0.27163461538461536
0 0.5649038461538461 0.27163461538461536 0.20192307692307693 0.2764423076923077
0 0.7331730769230769 0.234375 0.20192307692307693 0.2860576923076923
0 0.06971153846153846 0.5300480769230769 0.13942307692307693 0.22355769230769232
0 0.2091346153846154 0.5024038461538461 0.20673076923076922 0.25240384615384615
0 0.3762019230769231 0.49158653846153844 0.20192307692307693 0.2283653846153846
0 0.5564903846153846 0.5192307692307693 0.19951923076923078 0.25240384615384615
0 0.7259615384615384 0.4891826923076923 0.20192307692307693 0.25721153846153844
0 0.8918269230769231 0.4495192307692308 0.19951923076923078 0.2644230769230769
0 0.06971153846153846 0.7524038461538461 0.10817307692307693 0.22115384615384615
0 0.19471153846153846 0.7463942307692307 0.1971153846153846 0.25240384615384615
0 0.359375 0.7295673076923077 0.19230769230769232 0.2403846153846154
0 0.5288461538461539 0.7319711538461539 0.1875 0.21394230769230768
0 0.6959134615384616 0.7079326923076923 0.19230769230769232 0.21394230769230768
0 0.8581730769230769 0.6754807692307693 0.1875 0.21875
0 0.9639423076923077 0.6502403846153846 0.07211538461538461 0.21875