0 0.19591346153846154 0.020432692307692308 0.18990384615384615 0.040865384615384616
0 0.3737980769230769 0.036057692307692304 0.2091346153846154 0.07211538461538461
0 0.5564903846153846 0.057692307692307696 0.19951923076923078 0.11538461538461539
0 0.7175480769230769 0.11298076923076923 0.1971153846153846 0.18269230769230768
0 0.8990384615384616 0.1466346153846154 0.19951923076923078 0.16826923076923078
0 0.14903846153846154 0.14302884615384615 0.2091346153846154 0.2764423076923077
0 0.3076923076923077 0.171875 0.23317307692307693 0.27884615384615385
0 0.9831730769230769 0.18629807692307693 0.03365384615384615 0.17067307692307693
0 0.9375 0.36899038461538464 0.125 0.24759615384615385
0 0.4807692307692308 0.21995192307692307 0.23798076923076922 0.2860576923076923
0 0.6394230769230769 0.3076923076923077 0.22355769230769232 0.28846153846153844
0 0.8100961538461539 0.33052884615384615 0.22596153846153846 0.2980769230769231
0 0.0829326923076923 0.3786057692307692 0.1658653846153846 0.23317307692307693
0 0.22596153846153846 0.40384615384615385 0.2283653846153846 0.2668269230769231
0 0.3870192307692308 0.45072115384615385 0.22115384615384615 0.24278846153846154
0 0.546875 0.5384615384615384 0.22115384615384615 0.2668269230769231
0 0.7163461538461539 0.5673076923076923 0.22115384615384615 0.27163461538461536
0 0.8858173076923077 0.5865384615384616 0.22115384615384615 0.2764423076923077
0 0.037259615384615384 0.5889423076923077 0.07451923076923077 0.22596153846153846
0 0.12860576923076922 0.6274038461538461 0.21875 0.2644230769230769
0 0.28966346153846156 0.6670673076923077 0.21153846153846154 0.25240384615384615
0 0.44711538461538464 0.7271634615384616 0.20432692307692307 0.22596153846153846
0 0.6129807692307693 0.7632211538461539 0.2091346153846154 0.2283653846153846
0 0.7764423076923077 0.7872596153846154 0.20432692307692307 0.23076923076923078
0 0.9002403846153846 0.8064903846153846 0.12740384615384615 0.22355769230769232