4 0.07835820895522388 0.04228855721393035 0.15671641791044777 0.0845771144278607
4 0.2537313432835821 0.036069651741293535 0.19900497512437812 0.07213930348258707
4 0.4502487562189055 0.03731343283582089 0.1890547263681592 0.07462686567164178
4 0.6268656716417911 0.06467661691542288 0.17412935323383086 0.12935323383084577
4 0.8159203980099502 0.055970149253731345 0.1791044776119403 0.11194029850746269
4 0.0708955223880597 0.2126865671641791 0.1417910447761194 0.2562189054726368
4 0.22761194029850745 0.2064676616915423 0.1890547263681592 0.2537313432835821
4 0.9552238805970149 0.06592039800995025 0.08955223880597014 0.1318407960199005
4 0.9340796019900498 0.2512437810945274 0.1318407960199005 0.22885572139303484
4 0.4129353233830846 0.21517412935323382 0.19402985074626866 0.25870646766169153
4 0.5932835820895522 0.26616915422885573 0.17661691542288557 0.26616915422885573
4 0.7711442786069652 0.24875621890547264 0.17661691542288557 0.27611940298507465
4 0.055970149253731345 0.4689054726368159 0.11194029850746269 0.21641791044776118
4 0.19900497512437812 0.458955223880597 0.1865671641791045 0.24129353233830847
4 0.3718905472636816 0.4689054726368159 0.18407960199004975 0.21641791044776118
4 0.5534825870646766 0.5199004975124378 0.1791044776119403 0.24129353233830847
4 0.7313432835820896 0.5099502487562189 0.1791044776119403 0.2462686567164179
4 0.9067164179104478 0.4900497512437811 0.17661691542288557 0.2537313432835821
4 0.033582089552238806 0.6965174129353234 0.06716417910447761 0.21890547263681592
4 0.15298507462686567 0.7077114427860697 0.17661691542288557 0.24129353233830847
4 0.3246268656716418 0.7101990049751243 0.17164179104477612 0.22885572139303484
4 0.4975124378109453 0.7338308457711443 0.17164179104477612 0.20149253731343283
4 0.6728855721393034 0.7313432835820896 0.17661691542288557 0.20149253731343283
4 0.8432835820895522 0.7176616915422885 0.1691542288557214 0.2064676616915423
4 0.9651741293532339 0.7089552238805971 0.06965174129353234 0.21890547263681592