4 0.07731958762886598 0.03350515463917526 0.15463917525773196 0.06701030927835051
4 0.2551546391752577 0.027061855670103094 0.20618556701030927 0.05412371134020619
4 0.4587628865979381 0.028350515463917526 0.1958762886597938 0.05670103092783505
4 0.6417525773195877 0.05670103092783505 0.18041237113402062 0.1134020618556701
4 0.8376288659793815 0.04768041237113402 0.18556701030927836 0.09536082474226804
4 0.06958762886597938 0.19974226804123713 0.13917525773195877 0.2654639175257732
4 0.22809278350515463 0.19329896907216496 0.1958762886597938 0.26288659793814434
4 0.9677835051546392 0.05798969072164949 0.06443298969072164 0.11597938144329897
4 0.9458762886597938 0.23969072164948454 0.10824742268041238 0.23711340206185566
4 0.42010309278350516 0.20231958762886598 0.20103092783505155 0.26804123711340205
4 0.6069587628865979 0.2551546391752577 0.18298969072164947 0.2757731958762887
4 0.7912371134020618 0.23711340206185566 0.18298969072164947 0.2860824742268041
4 0.05412371134020619 0.4652061855670103 0.10824742268041238 0.22422680412371135
4 0.19845360824742267 0.45489690721649484 0.19329896907216496 0.25
4 0.37757731958762886 0.4652061855670103 0.19072164948453607 0.22422680412371135
4 0.5657216494845361 0.5180412371134021 0.18556701030927836 0.25
4 0.75 0.5077319587628866 0.18556701030927836 0.2551546391752577
4 0.9201030927835051 0.48711340206185566 0.15979381443298968 0.26288659793814434
4 0.030927835051546393 0.7010309278350515 0.061855670103092786 0.2268041237113402
4 0.15077319587628865 0.7126288659793815 0.18298969072164947 0.25
4 0.3286082474226804 0.7152061855670103 0.17783505154639176 0.23711340206185566
4 0.5077319587628866 0.7396907216494846 0.17783505154639176 0.20876288659793815
4 0.6894329896907216 0.7371134020618557 0.18298969072164947 0.20876288659793815
4 0.865979381443299 0.7229381443298969 0.17525773195876287 0.21391752577319587
4 0.9780927835051546 0.7139175257731959 0.04381443298969072 0.2268041237113402