0 0.09375 0.04927884615384615 0.17307692307692307 0.0985576923076923
0 0.27283653846153844 0.04567307692307692 0.19471153846153846 0.09134615384615384
0 0.46274038461538464 0.04807692307692308 0.18509615384615385 0.09615384615384616
0 0.6322115384615384 0.07692307692307693 0.17067307692307693 0.15144230769230768
0 0.8161057692307693 0.07211538461538461 0.17548076923076922 0.1346153846153846
0 0.0829326923076923 0.22355769230769232 0.16105769230769232 0.25
0 0.2439903846153846 0.21875 0.1875 0.24759615384615385
0 0.9519230769230769 0.08413461538461539 0.09615384615384616 0.15384615384615385
0 0.9290865384615384 0.27524038461538464 0.14182692307692307 0.22355769230769232
0 0.4230769230769231 0.23076923076923078 0.19230769230769232 0.25240384615384615
0 0.5961538461538461 0.2824519230769231 0.17548076923076922 0.25961538461538464
0 0.7680288461538461 0.2692307692307692 0.17548076923076922 0.2692307692307692
0 0.06490384615384616 0.46875 0.12980769230769232 0.21153846153846154
0 0.2127403846153846 0.46274038461538464 0.18509615384615385 0.23557692307692307
0 0.3786057692307692 0.47475961538461536 0.18269230769230768 0.21153846153846154
0 0.5540865384615384 0.5276442307692307 0.1778846153846154 0.23557692307692307
0 0.7259615384615384 0.5204326923076923 0.1778846153846154 0.2403846153846154
0 0.8954326923076923 0.5048076923076923 0.17548076923076922 0.24759615384615385
0 0.040865384615384616 0.6887019230769231 0.08173076923076923 0.21394230769230768
0 0.16346153846153846 0.7019230769230769 0.17548076923076922 0.23557692307692307
0 0.3293269230769231 0.7079326923076923 0.17067307692307693 0.22355769230769232
0 0.4963942307692308 0.7331730769230769 0.16826923076923078 0.1971153846153846
0 0.6658653846153846 0.7331730769230769 0.17307692307692307 0.1971153846153846
0 0.8305288461538461 0.7235576923076923 0.1658653846153846 0.20192307692307693
0 0.9555288461538461 0.7175480769230769 0.08653846153846154 0.21394230769230768