0 0.04807692307692308 0.14903846153846154 0.09615384615384616 0.13942307692307693
0 0.17668269230769232 0.10576923076923077 0.20673076923076922 0.13221153846153846
0 0.36177884615384615 0.0673076923076923 0.19951923076923078 0.13221153846153846
0 0.5324519230769231 0.0733173076923077 0.19471153846153846 0.1466346153846154
0 0.7115384615384616 0.046875 0.1971153846153846 0.09375
0 0.06610576923076923 0.3245192307692308 0.13221153846153846 0.27403846153846156
0 0.1875 0.28365384615384615 0.23076923076923078 0.27884615384615385
0 0.8509615384615384 0.037259615384615384 0.12980769230769232 0.07451923076923077
0 0.8713942307692307 0.18389423076923078 0.18509615384615385 0.24519230769230768
0 0.3641826923076923 0.2548076923076923 0.23557692307692307 0.28365384615384615
0 0.5444711538461539 0.2668269230769231 0.22115384615384615 0.2860576923076923
0 0.7091346153846154 0.21514423076923078 0.22355769230769232 0.2956730769230769
0 0.07572115384615384 0.5673076923076923 0.15144230769230768 0.23076923076923078
0 0.21153846153846154 0.5276442307692307 0.22596153846153846 0.2644230769230769
0 0.3762019230769231 0.5024038461538461 0.21634615384615385 0.2403846153846154
0 0.5588942307692307 0.5144230769230769 0.21875 0.2644230769230769
0 0.7247596153846154 0.4699519230769231 0.21875 0.2692307692307692
0 0.8858173076923077 0.41586538461538464 0.21875 0.2764423076923077
0 0.09375 0.7896634615384616 0.12740384615384615 0.22355769230769232
0 0.21754807692307693 0.7728365384615384 0.21634615384615385 0.2644230769230769
0 0.3798076923076923 0.7403846153846154 0.2091346153846154 0.25
0 0.5480769230769231 0.7283653846153846 0.20192307692307693 0.22596153846153846
0 0.7139423076923077 0.6899038461538461 0.20673076923076922 0.22596153846153846
0 0.8725961538461539 0.6430288461538461 0.20192307692307693 0.2283653846153846
0 0.9651442307692307 0.609375 0.06971153846153846 0.22355769230769232