0 0.1346153846153846 0.04807692307692308 0.13942307692307693 0.09615384615384616
0 0.2824519230769231 0.06370192307692307 0.19951923076923078 0.12740384615384615
0 0.10216346153846154 0.19230769230769232 0.1466346153846154 0.23317307692307693
0 0.056490384615384616 0.41225961538461536 0.11298076923076923 0.22355769230769232
0 0.038461538461538464 0.6298076923076923 0.07692307692307693 0.23557692307692307
0 0.24879807692307693 0.2247596153846154 0.21394230769230768 0.25721153846153844
0 0.20673076923076922 0.44471153846153844 0.21153846153846154 0.24759615384615385
0 0.46153846153846156 0.08653846153846154 0.20673076923076922 0.17307692307692307
0 0.4266826923076923 0.25600961538461536 0.21153846153846154 0.24759615384615385
0 0.38461538461538464 0.47475961538461536 0.20673076923076922 0.24278846153846154
0 0.65625 0.09975961538461539 0.20673076923076922 0.1875
0 0.8689903846153846 0.13822115384615385 0.21153846153846154 0.18990384615384615
0 0.6129807692307693 0.28966346153846156 0.22355769230769232 0.25
0 0.8088942307692307 0.3317307692307692 0.22115384615384615 0.2548076923076923
0 0.9747596153846154 0.16826923076923078 0.05048076923076923 0.18269230769230768
0 0.9495192307692307 0.3605769230769231 0.10096153846153846 0.23557692307692307
0 0.9194711538461539 0.5853365384615384 0.16105769230769232 0.23798076923076922
0 0.7572115384615384 0.5492788461538461 0.22355769230769232 0.2548076923076923
0 0.5661057692307693 0.5084134615384616 0.21634615384615385 0.25
0 0.15745192307692307 0.6550480769230769 0.21153846153846154 0.2548076923076923
0 0.3293269230769231 0.6899038461538461 0.20673076923076922 0.24759615384615385
0 0.5228365384615384 0.7295673076923077 0.21394230769230768 0.25240384615384615
0 0.7055288461538461 0.7716346153846154 0.22596153846153846 0.2644230769230769
0 0.875 0.8076923076923077 0.18269230769230768 0.24278846153846154