4 0.04924242424242424 0.08207070707070707 0.09848484848484848 0.16414141414141414
4 0.19570707070707072 0.08207070707070707 0.18434343434343434 0.16414141414141414
4 0.047979797979797977 0.27525252525252525 0.09595959595959595 0.22727272727272727
4 0.03535353535353535 0.5126262626262627 0.0707070707070707 0.2222222222222222
4 0.036616161616161616 0.7462121212121212 0.07323232323232323 0.23484848484848486
4 0.19444444444444445 0.2840909090909091 0.18434343434343434 0.24242424242424243
4 0.1919191919191919 0.5189393939393939 0.18434343434343434 0.23232323232323232
4 0.38762626262626265 0.08964646464646464 0.1893939393939394 0.17929292929292928
4 0.3851010101010101 0.2840909090909091 0.18434343434343434 0.23232323232323232
4 0.3813131313131313 0.5176767676767676 0.17929292929292928 0.22727272727272727
4 0.5934343434343434 0.08207070707070707 0.1919191919191919 0.16414141414141414
4 0.8207070707070707 0.08207070707070707 0.19696969696969696 0.16414141414141414
4 0.5833333333333334 0.2840909090909091 0.19696969696969696 0.23232323232323232
4 0.7941919191919192 0.2916666666666667 0.19444444444444445 0.23737373737373738
4 0.9621212121212122 0.08712121212121213 0.07575757575757576 0.17424242424242425
4 0.9558080808080808 0.2916666666666667 0.08838383838383838 0.2297979797979798
4 0.9444444444444444 0.5340909090909091 0.1111111111111111 0.2297979797979798
4 0.7803030303030303 0.5265151515151515 0.19696969696969696 0.23737373737373738
4 0.5744949494949495 0.5189393939393939 0.1893939393939394 0.23232323232323232
4 0.17929292929292928 0.7449494949494949 0.18434343434343434 0.2398989898989899
4 0.36363636363636365 0.75 0.17929292929292928 0.23232323232323232
4 0.5707070707070707 0.7563131313131313 0.18686868686868688 0.23737373737373738
4 0.7676767676767676 0.7664141414141414 0.19696969696969696 0.2474747474747475
4 0.9356060606060606 0.7727272727272727 0.12878787878787878 0.23232323232323232