0 0.07091346153846154 0.07211538461538461 0.11778846153846154 0.14423076923076922
0 0.21995192307692307 0.07572115384615384 0.18028846153846154 0.15144230769230768
0 0.06370192307692307 0.25 0.11778846153846154 0.22115384615384615
0 0.04447115384615385 0.47475961538461536 0.0889423076923077 0.21394230769230768
0 0.042067307692307696 0.6971153846153846 0.08413461538461539 0.22596153846153846
0 0.2127403846153846 0.26322115384615385 0.18269230769230768 0.23557692307692307
0 0.20192307692307693 0.4855769230769231 0.18269230769230768 0.22596153846153846
0 0.4026442307692308 0.08653846153846154 0.18509615384615385 0.17307692307692307
0 0.3942307692307692 0.2692307692307692 0.18269230769230768 0.22596153846153846
0 0.38221153846153844 0.49158653846153844 0.1778846153846154 0.22115384615384615
0 0.5985576923076923 0.0829326923076923 0.1875 0.1658653846153846
0 0.8149038461538461 0.09014423076923077 0.19230769230769232 0.1658653846153846
0 0.5829326923076923 0.27524038461538464 0.19471153846153846 0.2283653846153846
0 0.7824519230769231 0.28966346153846156 0.19230769230769232 0.23317307692307693
0 0.9555288461538461 0.09975961538461539 0.0889423076923077 0.17067307692307693
0 0.9447115384615384 0.29447115384615385 0.11057692307692307 0.22355769230769232
0 0.9302884615384616 0.5252403846153846 0.13942307692307693 0.22355769230769232
0 0.7620192307692307 0.5132211538461539 0.19471153846153846 0.23317307692307693
0 0.5661057692307693 0.4987980769230769 0.1875 0.2283653846153846
0 0.18269230769230768 0.7007211538461539 0.18269230769230768 0.23317307692307693
0 0.3581730769230769 0.7115384615384616 0.1778846153846154 0.22596153846153846
0 0.5552884615384616 0.7247596153846154 0.18509615384615385 0.23317307692307693
0 0.7415865384615384 0.7403846153846154 0.19471153846153846 0.24278846153846154
0 0.9146634615384616 0.7524038461538461 0.15384615384615385 0.22596153846153846