4 0.05172413793103448 0.07512315270935961 0.10344827586206896 0.15024630541871922
4 0.19827586206896552 0.07512315270935961 0.17980295566502463 0.15024630541871922
4 0.050492610837438424 0.25862068965517243 0.10098522167487685 0.22167487684729065
4 0.038177339901477834 0.49014778325123154 0.07635467980295567 0.21674876847290642
4 0.03940886699507389 0.7179802955665024 0.07881773399014778 0.229064039408867
4 0.19704433497536947 0.2672413793103448 0.17980295566502463 0.23645320197044334
4 0.19458128078817735 0.4963054187192118 0.17980295566502463 0.22660098522167488
4 0.3854679802955665 0.08251231527093596 0.18472906403940886 0.16502463054187191
4 0.3830049261083744 0.2672413793103448 0.17980295566502463 0.22660098522167488
4 0.3793103448275862 0.49507389162561577 0.1748768472906404 0.22167487684729065
4 0.5862068965517241 0.07512315270935961 0.18719211822660098 0.15024630541871922
4 0.8078817733990148 0.07512315270935961 0.1921182266009852 0.15024630541871922
4 0.5763546798029556 0.2672413793103448 0.1921182266009852 0.22660098522167488
4 0.7820197044334976 0.2746305418719212 0.1896551724137931 0.2315270935960591
4 0.9544334975369458 0.08004926108374384 0.09113300492610837 0.16009852216748768
4 0.9482758620689655 0.2746305418719212 0.10344827586206896 0.22413793103448276
4 0.937192118226601 0.5110837438423645 0.12561576354679804 0.22413793103448276
4 0.7684729064039408 0.5036945812807881 0.1921182266009852 0.2315270935960591
4 0.5677339901477833 0.4963054187192118 0.18472906403940886 0.22660098522167488
4 0.18226600985221675 0.7167487684729064 0.17980295566502463 0.23399014778325122
4 0.3620689655172414 0.7216748768472906 0.1748768472906404 0.22660098522167488
4 0.5640394088669951 0.7278325123152709 0.18226600985221675 0.2315270935960591
4 0.7561576354679803 0.7376847290640394 0.1921182266009852 0.2413793103448276
4 0.9285714285714286 0.7438423645320197 0.14285714285714285 0.22660098522167488