4 0.05614973262032086 0.08823529411764706 0.11229946524064172 0.17647058823529413
4 0.21524064171122995 0.08823529411764706 0.19518716577540107 0.17647058823529413
4 0.05481283422459893 0.29411764705882354 0.10962566844919786 0.24064171122994651
4 0.04144385026737968 0.5454545454545454 0.08288770053475936 0.23529411764705882
4 0.0427807486631016 0.7927807486631016 0.0855614973262032 0.24866310160427807
4 0.21390374331550802 0.303475935828877 0.19518716577540107 0.25668449197860965
4 0.21122994652406418 0.5521390374331551 0.19518716577540107 0.24598930481283424
4 0.4197860962566845 0.0962566844919786 0.20053475935828877 0.1925133689839572
4 0.4157754010695187 0.303475935828877 0.19518716577540107 0.24598930481283424
4 0.4117647058823529 0.5508021390374331 0.18983957219251338 0.24064171122994651
4 0.6363636363636364 0.08823529411764706 0.20320855614973263 0.17647058823529413
4 0.8770053475935828 0.08823529411764706 0.20855614973262032 0.17647058823529413
4 0.6256684491978609 0.303475935828877 0.20855614973262032 0.24598930481283424
4 0.8489304812834224 0.3114973262032086 0.20588235294117646 0.25133689839572193
4 0.9866310160427807 0.3114973262032086 0.026737967914438502 0.24331550802139038
4 0.9745989304812834 0.5681818181818182 0.05080213903743316 0.24331550802139038
4 0.8342245989304813 0.5601604278074866 0.20855614973262032 0.25133689839572193
4 0.6163101604278075 0.5521390374331551 0.20053475935828877 0.24598930481283424
4 0.19786096256684493 0.7914438502673797 0.19518716577540107 0.2540106951871658
4 0.393048128342246 0.7967914438502673 0.18983957219251338 0.24598930481283424
4 0.6122994652406417 0.803475935828877 0.19786096256684493 0.25133689839572193
4 0.820855614973262 0.8141711229946524 0.20855614973262032 0.2620320855614973
4 0.9652406417112299 0.820855614973262 0.06951871657754011 0.24598930481283424