4 0.05510752688172043 0.04838709677419355 0.11021505376344086 0.0967741935483871
4 0.21370967741935484 0.04838709677419355 0.19623655913978494 0.0967741935483871
4 0.053763440860215055 0.21505376344086022 0.10752688172043011 0.24193548387096775
4 0.04032258064516129 0.46774193548387094 0.08064516129032258 0.23655913978494625
4 0.041666666666666664 0.7163978494623656 0.08333333333333333 0.25
4 0.21236559139784947 0.22446236559139784 0.19623655913978494 0.25806451612903225
4 0.20967741935483872 0.47446236559139787 0.19623655913978494 0.24731182795698925
4 0.41801075268817206 0.056451612903225805 0.20161290322580644 0.11290322580645161
4 0.4153225806451613 0.22446236559139784 0.19623655913978494 0.24731182795698925
4 0.4112903225806452 0.4731182795698925 0.19086021505376344 0.24193548387096775
4 0.6370967741935484 0.04838709677419355 0.20430107526881722 0.0967741935483871
4 0.8790322580645161 0.04838709677419355 0.20967741935483872 0.0967741935483871
4 0.6263440860215054 0.22446236559139784 0.20967741935483872 0.24731182795698925
4 0.8508064516129032 0.2325268817204301 0.20698924731182797 0.25268817204301075
4 0.9758064516129032 0.4905913978494624 0.04838709677419355 0.2446236559139785
4 0.8360215053763441 0.4825268817204301 0.20967741935483872 0.25268817204301075
4 0.6169354838709677 0.47446236559139787 0.20161290322580644 0.24731182795698925
4 0.19623655913978494 0.7150537634408602 0.19623655913978494 0.2553763440860215
4 0.3924731182795699 0.7204301075268817 0.19086021505376344 0.24731182795698925
4 0.6129032258064516 0.7271505376344086 0.1989247311827957 0.25268817204301075
4 0.8225806451612904 0.7379032258064516 0.20967741935483872 0.26344086021505375
4 0.9663978494623656 0.7446236559139785 0.06720430107526881 0.24731182795698925