4 0.041025641025641026 0.057692307692307696 0.08205128205128205 0.11538461538461539
4 0.18076923076923077 0.057692307692307696 0.18717948717948718 0.11538461538461539
4 0.03974358974358974 0.2282051282051282 0.07948717948717948 0.23076923076923078
4 0.026923076923076925 0.46923076923076923 0.05384615384615385 0.22564102564102564
4 0.028205128205128206 0.7064102564102565 0.05641025641025641 0.23846153846153847
4 0.1794871794871795 0.23717948717948717 0.18717948717948718 0.24615384615384617
4 0.17692307692307693 0.4756410256410256 0.18717948717948718 0.2358974358974359
4 0.37564102564102564 0.06538461538461539 0.19230769230769232 0.13076923076923078
4 0.3730769230769231 0.23717948717948717 0.18717948717948718 0.2358974358974359
4 0.36923076923076925 0.47435897435897434 0.18205128205128204 0.23076923076923078
4 0.5846153846153846 0.057692307692307696 0.19487179487179487 0.11538461538461539
4 0.8153846153846154 0.057692307692307696 0.2 0.11538461538461539
4 0.5743589743589743 0.23717948717948717 0.2 0.2358974358974359
4 0.7884615384615384 0.24487179487179486 0.19743589743589743 0.24102564102564103
4 0.9602564102564103 0.06282051282051282 0.07948717948717948 0.12564102564102564
4 0.9538461538461539 0.24487179487179486 0.09230769230769231 0.23333333333333334
4 0.9423076923076923 0.491025641025641 0.11538461538461539 0.23333333333333334
4 0.7743589743589744 0.48333333333333334 0.2 0.24102564102564103
4 0.5653846153846154 0.4756410256410256 0.19230769230769232 0.2358974358974359
4 0.1641025641025641 0.7051282051282052 0.18717948717948718 0.24358974358974358
4 0.35128205128205126 0.7102564102564103 0.18205128205128204 0.2358974358974359
4 0.5615384615384615 0.7166666666666667 0.18974358974358974 0.24102564102564103
4 0.7615384615384615 0.7269230769230769 0.2 0.2512820512820513
4 0.9333333333333333 0.7333333333333333 0.13333333333333333 0.2358974358974359