4 0.11910994764397906 0.13089005235602094 0.21204188481675393 0.2617801047120419
4 0.331151832460733 0.13350785340314136 0.21204188481675393 0.2670157068062827
4 0.5431937172774869 0.12172774869109948 0.20680628272251309 0.24345549738219896
4 0.7539267015706806 0.12303664921465969 0.21465968586387435 0.24607329842931938
4 0.93717277486911 0.11649214659685864 0.1256544502617801 0.23298429319371727
4 0.1387434554973822 0.4096858638743455 0.20680628272251309 0.2905759162303665
4 0.36387434554973824 0.3887434554973822 0.21465968586387435 0.2801047120418848
4 0.5719895287958116 0.39528795811518325 0.20680628272251309 0.2931937172774869
4 0.7774869109947644 0.39267015706806285 0.19895287958115182 0.2931937172774869
4 0.9450261780104712 0.38612565445026176 0.1099476439790576 0.2905759162303665
4 0.14397905759162305 0.6963350785340314 0.20157068062827224 0.2931937172774869
4 0.01963350785340314 0.6976439790575916 0.03926701570680628 0.28534031413612565
4 0.006544502617801047 0.12827225130890052 0.013089005235602094 0.25654450261780104
4 0.014397905759162303 0.40575916230366493 0.028795811518324606 0.2931937172774869
4 0.3586387434554974 0.6845549738219895 0.21204188481675393 0.29581151832460734
4 0.5759162303664922 0.6884816753926701 0.19895287958115182 0.3089005235602094
4 0.7787958115183246 0.6858638743455497 0.19895287958115182 0.2931937172774869
4 0.9489528795811518 0.6675392670157068 0.10209424083769633 0.2879581151832461
4 0.17801047120418848 0.8926701570680629 0.193717277486911 0.11518324607329843
4 0.3769633507853403 0.8926701570680629 0.20157068062827224 0.12041884816753927
4 0.5929319371727748 0.8952879581151832 0.20418848167539266 0.12041884816753927
4 0.7905759162303665 0.8848167539267016 0.20680628272251309 0.11780104712041885
4 0.9463350785340314 0.8808900523560209 0.10732984293193717 0.1387434554973822
4 0.03664921465968586 0.8926701570680629 0.07329842931937172 0.1099476439790576