4 0.12995049504950495 0.12995049504950495 0.2004950495049505 0.2599009900990099
4 0.33044554455445546 0.13242574257425743 0.2004950495049505 0.26485148514851486
4 0.530940594059406 0.12128712871287128 0.19554455445544555 0.24257425742574257
4 0.7301980198019802 0.12252475247524752 0.20297029702970298 0.24504950495049505
4 0.9220297029702971 0.11633663366336634 0.15594059405940594 0.23267326732673269
4 0.1485148514851485 0.3997524752475248 0.19554455445544555 0.2747524752475248
4 0.3613861386138614 0.37995049504950495 0.20297029702970298 0.26485148514851486
4 0.5581683168316832 0.38613861386138615 0.19554455445544555 0.27722772277227725
4 0.7524752475247525 0.38366336633663367 0.18811881188118812 0.27722772277227725
4 0.9294554455445545 0.3774752475247525 0.14108910891089108 0.2747524752475248
4 0.15346534653465346 0.6707920792079208 0.1905940594059406 0.27722772277227725
4 0.027227722772277228 0.6720297029702971 0.054455445544554455 0.2698019801980198
4 0.01485148514851485 0.12747524752475248 0.0297029702970297 0.25495049504950495
4 0.022277227722772276 0.39603960396039606 0.04455445544554455 0.27722772277227725
4 0.3564356435643564 0.6596534653465347 0.2004950495049505 0.27970297029702973
4 0.5618811881188119 0.6633663366336634 0.18811881188118812 0.29207920792079206
4 0.7537128712871287 0.6608910891089109 0.18811881188118812 0.27722772277227725
4 0.9331683168316832 0.6435643564356436 0.13366336633663367 0.2722772277227723
4 0.18564356435643564 0.8564356435643564 0.18316831683168316 0.10891089108910891
4 0.37376237623762376 0.8564356435643564 0.1905940594059406 0.11386138613861387
4 0.5779702970297029 0.8589108910891089 0.19306930693069307 0.11386138613861387
4 0.7648514851485149 0.849009900990099 0.19554455445544555 0.11138613861386139
4 0.9306930693069307 0.8452970297029703 0.13861386138613863 0.1311881188118812
4 0.043316831683168314 0.8564356435643564 0.08663366336633663 0.10396039603960396