0 0.09975961538461539 0.22596153846153846 0.19951923076923078 0.3125
0 0.2644230769230769 0.18629807692307693 0.25240384615384615 0.3173076923076923
0 0.45072115384615385 0.13942307692307693 0.24278846153846154 0.27884615384615385
0 0.6394230769230769 0.11899038461538461 0.25 0.23798076923076922
0 0.8233173076923077 0.0889423076923077 0.21394230769230768 0.1778846153846154
0 0.15264423076923078 0.49038461538461536 0.24519230769230768 0.30288461538461536
0 0.34975961538461536 0.4254807692307692 0.25 0.2956730769230769
0 0.5372596153846154 0.38822115384615385 0.24519230769230768 0.30528846153846156
0 0.7199519230769231 0.3425480769230769 0.23798076923076922 0.30288461538461536
0 0.890625 0.296875 0.20192307692307693 0.2932692307692308
0 0.21634615384615385 0.7451923076923077 0.2403846153846154 0.30288461538461536
0 0.08774038461538461 0.7776442307692307 0.12980769230769232 0.27163461538461536
0 0.042067307692307696 0.515625 0.08413461538461539 0.2764423076923077
0 0.40625 0.6911057692307693 0.25 0.3076923076923077
0 0.6009615384615384 0.6490384615384616 0.24278846153846154 0.3173076923076923
0 0.7824519230769231 0.6045673076923077 0.23798076923076922 0.30288461538461536
0 0.9278846153846154 0.5480769230769231 0.14423076923076922 0.28846153846153844
0 0.28725961538461536 0.9146634615384616 0.1971153846153846 0.14423076923076922
0 0.4651442307692308 0.8725961538461539 0.20432692307692307 0.14903846153846154
0 0.6586538461538461 0.8305288461538461 0.20673076923076922 0.14903846153846154
0 0.8341346153846154 0.78125 0.2091346153846154 0.14903846153846154
0 0.9555288461538461 0.7415865384615384 0.0889423076923077 0.15625
0 0.14423076923076922 0.9435096153846154 0.1201923076923077 0.11298076923076923