4 0.15494791666666666 0.12109375 0.2109375 0.2421875
4 0.3658854166666667 0.12369791666666667 0.2109375 0.24739583333333334
4 0.5768229166666666 0.11197916666666667 0.20572916666666666 0.22395833333333334
4 0.7864583333333334 0.11328125 0.21354166666666666 0.2265625
4 0.953125 0.10677083333333333 0.09375 0.21354166666666666
4 0.17447916666666666 0.3893229166666667 0.20572916666666666 0.2890625
4 0.3984375 0.3684895833333333 0.21354166666666666 0.2786458333333333
4 0.60546875 0.375 0.20572916666666666 0.2916666666666667
4 0.8098958333333334 0.3723958333333333 0.19791666666666666 0.2916666666666667
4 0.9609375 0.3658854166666667 0.078125 0.2890625
4 0.1796875 0.6744791666666666 0.20052083333333334 0.2916666666666667
4 0.037760416666666664 0.67578125 0.07552083333333333 0.2838541666666667
4 0.024739583333333332 0.11848958333333333 0.049479166666666664 0.23697916666666666
4 0.032552083333333336 0.3854166666666667 0.06510416666666667 0.2916666666666667
4 0.3932291666666667 0.6627604166666666 0.2109375 0.2942708333333333
4 0.609375 0.6666666666666666 0.19791666666666666 0.3072916666666667
4 0.8111979166666666 0.6640625 0.19791666666666666 0.2916666666666667
4 0.96484375 0.6458333333333334 0.0703125 0.2864583333333333
4 0.21354166666666666 0.8697916666666666 0.19270833333333334 0.11458333333333333
4 0.4114583333333333 0.8697916666666666 0.20052083333333334 0.11979166666666667
4 0.6263020833333334 0.8723958333333334 0.203125 0.11979166666666667
4 0.8229166666666666 0.8619791666666666 0.20572916666666666 0.1171875
4 0.9622395833333334 0.8580729166666666 0.07552083333333333 0.13802083333333334
4 0.0546875 0.87109375 0.109375 0.109375