0 0.171875 0.12860576923076922 0.21394230769230768 0.25721153846153844
0 0.36658653846153844 0.13942307692307693 0.21394230769230768 0.27884615384615385
0 0.5600961538461539 0.1346153846153846 0.20673076923076922 0.2692307692307692
0 0.7536057692307693 0.14783653846153846 0.21394230769230768 0.27403846153846156
0 0.9278846153846154 0.15384615384615385 0.14423076923076922 0.25961538461538464
0 0.17067307692307693 0.3894230769230769 0.2091346153846154 0.27884615384615385
0 0.37740384615384615 0.38461538461538464 0.21394230769230768 0.2692307692307692
0 0.5685096153846154 0.40384615384615385 0.2091346153846154 0.28125
0 0.7560096153846154 0.41466346153846156 0.20192307692307693 0.28125
0 0.9242788461538461 0.41947115384615385 0.15144230769230768 0.2764423076923077
0 0.15625 0.6514423076923077 0.20432692307692307 0.28125
0 0.03485576923076923 0.6454326923076923 0.06971153846153846 0.2668269230769231
0 0.05048076923076923 0.1201923076923077 0.0673076923076923 0.2403846153846154
0 0.039663461538461536 0.375 0.07932692307692307 0.27403846153846156
0 0.3545673076923077 0.6550480769230769 0.21394230769230768 0.28365384615384615
0 0.5528846153846154 0.671875 0.20192307692307693 0.2956730769230769
0 0.7391826923076923 0.6826923076923077 0.20192307692307693 0.28125
0 0.9182692307692307 0.6790865384615384 0.15865384615384615 0.27403846153846156
0 0.17548076923076922 0.8341346153846154 0.18509615384615385 0.11778846153846154
0 0.3581730769230769 0.8461538461538461 0.19230769230769232 0.12259615384615384
0 0.5552884615384616 0.8629807692307693 0.19471153846153846 0.12259615384615384
0 0.7367788461538461 0.8665865384615384 0.1971153846153846 0.1201923076923077
0 0.9026442307692307 0.875 0.15384615384615385 0.13701923076923078
0 0.040865384615384616 0.8233173076923077 0.08173076923076923 0.10817307692307693