0 0.20673076923076922 0.11899038461538461 0.23557692307692307 0.23798076923076922
0 0.39903846153846156 0.13701923076923078 0.23557692307692307 0.27403846153846156
0 0.5925480769230769 0.140625 0.2283653846153846 0.28125
0 0.7836538461538461 0.171875 0.23557692307692307 0.28846153846153844
0 0.9375 0.1935096153846154 0.125 0.27163461538461536
0 0.1814903846153846 0.3605769230769231 0.2283653846153846 0.2932692307692308
0 0.38822115384615385 0.3737980769230769 0.23557692307692307 0.2860576923076923
0 0.5769230769230769 0.4098557692307692 0.23076923076923078 0.2956730769230769
0 0.7632211538461539 0.4375 0.22355769230769232 0.2956730769230769
0 0.921875 0.4579326923076923 0.15625 0.2860576923076923
0 0.14543269230769232 0.6213942307692307 0.22596153846153846 0.2956730769230769
0 0.03485576923076923 0.6033653846153846 0.06971153846153846 0.2692307692307692
0 0.08533653846153846 0.10216346153846154 0.0889423076923077 0.20432692307692307
0 0.051682692307692304 0.33653846153846156 0.10336538461538461 0.2764423076923077
0 0.34134615384615385 0.6418269230769231 0.23557692307692307 0.2980769230769231
0 0.5372596153846154 0.6766826923076923 0.22596153846153846 0.3076923076923077
0 0.7223557692307693 0.703125 0.22355769230769232 0.2956730769230769
0 0.9014423076923077 0.7139423076923077 0.1778846153846154 0.28365384615384615
0 0.14783653846153846 0.8040865384615384 0.19230769230769232 0.13221153846153846
0 0.328125 0.8329326923076923 0.19951923076923078 0.13701923076923078
0 0.5240384615384616 0.8665865384615384 0.20192307692307693 0.13942307692307693
0 0.7043269230769231 0.8858173076923077 0.20432692307692307 0.13701923076923078
0 0.8689903846153846 0.9086538461538461 0.16346153846153846 0.14903846153846154
0 0.030048076923076924 0.78125 0.06009615384615385 0.11538461538461539