4 0.14713541666666666 0.1484375 0.2109375 0.296875
4 0.3580729166666667 0.15104166666666666 0.2109375 0.3020833333333333
4 0.5690104166666666 0.13932291666666666 0.20572916666666666 0.2786458333333333
4 0.7786458333333334 0.140625 0.21354166666666666 0.28125
4 0.94921875 0.13411458333333334 0.1015625 0.2682291666666667
4 0.16666666666666666 0.4440104166666667 0.20572916666666666 0.2890625
4 0.390625 0.4231770833333333 0.21354166666666666 0.2786458333333333
4 0.59765625 0.4296875 0.20572916666666666 0.2916666666666667
4 0.8020833333333334 0.4270833333333333 0.19791666666666666 0.2916666666666667
4 0.95703125 0.4205729166666667 0.0859375 0.2890625
4 0.171875 0.7291666666666666 0.20052083333333334 0.2916666666666667
4 0.033854166666666664 0.73046875 0.06770833333333333 0.2838541666666667
4 0.020833333333333332 0.14583333333333334 0.041666666666666664 0.2916666666666667
4 0.028645833333333332 0.4401041666666667 0.057291666666666664 0.2916666666666667
4 0.3854166666666667 0.7174479166666666 0.2109375 0.2942708333333333
4 0.6015625 0.7213541666666666 0.19791666666666666 0.3072916666666667
4 0.8033854166666666 0.71875 0.19791666666666666 0.2916666666666667
4 0.9609375 0.7005208333333334 0.078125 0.2864583333333333
4 0.20572916666666666 0.9244791666666666 0.19270833333333334 0.11458333333333333
4 0.4036458333333333 0.9244791666666666 0.20052083333333334 0.11979166666666667
4 0.6184895833333334 0.9270833333333334 0.203125 0.11979166666666667
4 0.8151041666666666 0.9166666666666666 0.20572916666666666 0.1171875
4 0.9583333333333334 0.9127604166666666 0.08333333333333333 0.13802083333333334
4 0.05078125 0.9244791666666666 0.1015625 0.109375