4 0.10263157894736842 0.07105263157894737 0.20526315789473684 0.14210526315789473
4 0.32105263157894737 0.06710526315789474 0.23157894736842105 0.13421052631578947
4 0.55 0.06842105263157895 0.22631578947368422 0.1368421052631579
4 0.7855263157894737 0.06842105263157895 0.23421052631578948 0.1368421052631579
4 0.9526315789473684 0.06710526315789474 0.09473684210526316 0.13421052631578947
4 0.10526315789473684 0.2381578947368421 0.21052631578947367 0.19736842105263158
4 0.34078947368421053 0.2355263157894737 0.22631578947368422 0.18947368421052632
4 0.8052631578947368 0.23421052631578948 0.22894736842105262 0.19736842105263158
4 0.9592105263157895 0.23289473684210527 0.08157894736842106 0.19736842105263158
4 0.5697368421052632 0.23289473684210527 0.22894736842105262 0.18947368421052632
4 0.5394736842105263 0.5039473684210526 0.24210526315789474 0.19736842105263158
4 0.7842105263157895 0.5026315789473684 0.2394736842105263 0.19736842105263158
4 0.9605263157894737 0.5039473684210526 0.07894736842105263 0.19736842105263158
4 0.0881578947368421 0.7105263157894737 0.1763157894736842 0.2
4 0.3013157894736842 0.7092105263157895 0.24736842105263157 0.2
4 0.55 0.7065789473684211 0.23684210526315788 0.20789473684210527
4 0.7960526315789473 0.7078947368421052 0.24736842105263157 0.2131578947368421
4 0.9578947368421052 0.7065789473684211 0.08421052631578947 0.19736842105263158
4 0.08947368421052632 0.8960526315789473 0.17894736842105263 0.16578947368421051
4 0.30526315789473685 0.8947368421052632 0.24210526315789474 0.1763157894736842
4 0.5473684210526316 0.8934210526315789 0.24210526315789474 0.1736842105263158
4 0.7907894736842105 0.8947368421052632 0.24736842105263157 0.1763157894736842
4 0.9552631578947368 0.8921052631578947 0.08947368421052632 0.17894736842105263
4 0.10921052631578948 0.4263157894736842 0.21842105263157896 0.18947368421052632
4 0.325 0.4236842105263158 0.19210526315789472 0.18947368421052632