0 0.23798076923076922 0.04927884615384615 0.24519230769230768 0.0985576923076923
0 0.44711538461538464 0.07091346153846154 0.2403846153846154 0.14182692307692307
0 0.6490384615384616 0.0985576923076923 0.23557692307692307 0.19471153846153846
0 0.859375 0.15144230769230768 0.24278846153846154 0.1971153846153846
0 0.9735576923076923 0.18990384615384615 0.052884615384615384 0.17307692307692307
0 0.20793269230769232 0.1622596153846154 0.24759615384615385 0.22596153846153846
0 0.42427884615384615 0.2127403846153846 0.24278846153846154 0.21875
0 0.8365384615384616 0.3137019230769231 0.24759615384615385 0.22596153846153846
0 0.9567307692307693 0.35096153846153844 0.08653846153846154 0.20192307692307693
0 0.6274038461538461 0.2608173076923077 0.24519230769230768 0.21875
0 0.5408653846153846 0.49399038461538464 0.25721153846153844 0.2283653846153846
0 0.7584134615384616 0.546875 0.2548076923076923 0.2283653846153846
0 0.9278846153846154 0.5913461538461539 0.14423076923076922 0.20192307692307693
0 0.09735576923076923 0.5733173076923077 0.19471153846153846 0.2283653846153846
0 0.2848557692307692 0.6237980769230769 0.2644230769230769 0.23076923076923078
0 0.5060096153846154 0.6754807692307693 0.2548076923076923 0.23557692307692307
0 0.7235576923076923 0.7319711538461539 0.2668269230769231 0.24278846153846154
0 0.8858173076923077 0.7716346153846154 0.15625 0.20192307692307693
0 0.07692307692307693 0.7355769230769231 0.15384615384615385 0.1971153846153846
0 0.24759615384615385 0.7884615384615384 0.25240384615384615 0.2091346153846154
0 0.46153846153846156 0.8413461538461539 0.25240384615384615 0.20673076923076922
0 0.6766826923076923 0.8954326923076923 0.25721153846153844 0.2091346153846154
0 0.84375 0.9206730769230769 0.15865384615384615 0.15865384615384615
0 0.17307692307692307 0.33052884615384615 0.24278846153846154 0.21875
0 0.36899038461538464 0.3762019230769231 0.21153846153846154 0.21153846153846154