4 0.082010582010582 0.08465608465608465 0.164021164021164 0.1693121693121693
4 0.28174603174603174 0.08068783068783068 0.2328042328042328 0.16137566137566137
4 0.5105820105820106 0.082010582010582 0.2275132275132275 0.164021164021164
4 0.7486772486772487 0.082010582010582 0.23544973544973544 0.164021164021164
4 0.9338624338624338 0.08068783068783068 0.13227513227513227 0.16137566137566137
4 0.08465608465608465 0.26587301587301587 0.1693121693121693 0.1984126984126984
4 0.3002645502645503 0.26322751322751325 0.2275132275132275 0.19047619047619047
4 0.7671957671957672 0.2619047619047619 0.23015873015873015 0.1984126984126984
4 0.9404761904761905 0.2605820105820106 0.11904761904761904 0.1984126984126984
4 0.5304232804232805 0.2605820105820106 0.23015873015873015 0.19047619047619047
4 0.5 0.533068783068783 0.24338624338624337 0.1984126984126984
4 0.746031746031746 0.5317460317460317 0.24074074074074073 0.1984126984126984
4 0.9417989417989417 0.533068783068783 0.1164021164021164 0.1984126984126984
4 0.06746031746031746 0.7407407407407407 0.1349206349206349 0.20105820105820105
4 0.2605820105820106 0.7394179894179894 0.24867724867724866 0.20105820105820105
4 0.5105820105820106 0.7367724867724867 0.23809523809523808 0.20899470899470898
4 0.7579365079365079 0.7380952380952381 0.24867724867724866 0.21428571428571427
4 0.9391534391534392 0.7367724867724867 0.12169312169312169 0.1984126984126984
4 0.06878306878306878 0.921957671957672 0.13756613756613756 0.15608465608465608
4 0.26455026455026454 0.917989417989418 0.24338624338624337 0.164021164021164
4 0.5079365079365079 0.917989417989418 0.24338624338624337 0.164021164021164
4 0.7513227513227513 0.917989417989418 0.24867724867724866 0.164021164021164
4 0.9365079365079365 0.9166666666666666 0.12698412698412698 0.16666666666666666
4 0.08862433862433862 0.455026455026455 0.17724867724867724 0.19047619047619047
4 0.2843915343915344 0.4523809523809524 0.1931216931216931 0.19047619047619047