0 0.11899038461538461 0.0829326923076923 0.21634615384615385 0.15865384615384615
0 0.3329326923076923 0.07572115384615384 0.21394230769230768 0.15144230769230768
0 0.5396634615384616 0.07451923076923077 0.2091346153846154 0.14903846153846154
0 0.7572115384615384 0.0733173076923077 0.21634615384615385 0.1466346153846154
0 0.9278846153846154 0.06971153846153846 0.12980769230769232 0.13942307692307693
0 0.12980769230769232 0.24879807692307693 0.21153846153846154 0.18509615384615385
0 0.35216346153846156 0.24158653846153846 0.2091346153846154 0.17548076923076922
0 0.7764423076923077 0.23317307692307693 0.21153846153846154 0.18509615384615385
0 0.9375 0.22956730769230768 0.11778846153846154 0.18269230769230768
0 0.5612980769230769 0.23557692307692307 0.21153846153846154 0.1778846153846154
0 0.5384615384615384 0.4831730769230769 0.22355769230769232 0.18509615384615385
0 0.7620192307692307 0.47836538461538464 0.22115384615384615 0.18509615384615385
0 0.9423076923076923 0.47596153846153844 0.11538461538461539 0.18269230769230768
0 0.10697115384615384 0.6814903846153846 0.2091346153846154 0.18509615384615385
0 0.3245192307692308 0.6754807692307693 0.2283653846153846 0.1875
0 0.5504807692307693 0.6682692307692307 0.21875 0.19471153846153846
0 0.7752403846153846 0.6658653846153846 0.2283653846153846 0.19951923076923078
0 0.9411057692307693 0.6634615384615384 0.11778846153846154 0.18269230769230768
0 0.11057692307692307 0.8497596153846154 0.21153846153846154 0.15625
0 0.33052884615384615 0.8449519230769231 0.22355769230769232 0.1658653846153846
0 0.5516826923076923 0.8389423076923077 0.22355769230769232 0.16346153846153846
0 0.7740384615384616 0.8365384615384616 0.2283653846153846 0.1658653846153846
0 0.9411057692307693 0.8305288461538461 0.11778846153846154 0.1658653846153846
0 0.140625 0.4206730769230769 0.2091346153846154 0.17548076923076922
0 0.34134615384615385 0.41346153846153844 0.1778846153846154 0.17548076923076922