0 0.078125 0.18028846153846154 0.15625 0.20192307692307693
0 0.24158653846153846 0.125 0.2403846153846154 0.19230769230769232
0 0.4423076923076923 0.08653846153846154 0.23557692307692307 0.17307692307692307
0 0.6526442307692307 0.06009615384615385 0.24278846153846154 0.1201923076923077
0 0.8197115384615384 0.03365384615384615 0.15865384615384615 0.0673076923076923
0 0.10336538461538461 0.3389423076923077 0.20673076923076922 0.22596153846153846
0 0.2980769230769231 0.28125 0.24278846153846154 0.21875
0 0.7091346153846154 0.1778846153846154 0.24759615384615385 0.22596153846153846
0 0.8653846153846154 0.13701923076923078 0.15625 0.20192307692307693
0 0.5 0.2283653846153846 0.24519230769230768 0.21875
0 0.5336538461538461 0.47596153846153844 0.25721153846153844 0.2283653846153846
0 0.75 0.4206730769230769 0.2548076923076923 0.2283653846153846
0 0.9242788461538461 0.37740384615384615 0.15144230769230768 0.20192307692307693
0 0.15745192307692307 0.765625 0.24519230769230768 0.2283653846153846
0 0.36778846153846156 0.7103365384615384 0.2644230769230769 0.23076923076923078
0 0.5877403846153846 0.6526442307692307 0.2548076923076923 0.23557692307692307
0 0.8064903846153846 0.5997596153846154 0.2668269230769231 0.24278846153846154
0 0.9447115384615384 0.5576923076923077 0.11057692307692307 0.20192307692307693
0 0.19951923076923078 0.9146634615384616 0.2403846153846154 0.17067307692307693
0 0.41225961538461536 0.8737980769230769 0.25240384615384615 0.2091346153846154
0 0.6262019230769231 0.8185096153846154 0.25240384615384615 0.20673076923076922
0 0.8425480769230769 0.7668269230769231 0.25721153846153844 0.21153846153846154
0 0.9639423076923077 0.7211538461538461 0.07211538461538461 0.1875
0 0.13221153846153846 0.5036057692307693 0.24278846153846154 0.21875
0 0.32572115384615385 0.4519230769230769 0.21153846153846154 0.21153846153846154