4 0.11945812807881774 0.07758620689655173 0.21921182266009853 0.15517241379310345
4 0.3374384236453202 0.07389162561576355 0.21674876847290642 0.1477832512315271
4 0.5517241379310345 0.07512315270935961 0.21182266009852216 0.15024630541871922
4 0.7721674876847291 0.07512315270935961 0.21921182266009853 0.15024630541871922
4 0.9421182266009852 0.07389162561576355 0.11576354679802955 0.1477832512315271
4 0.12807881773399016 0.24630541871921183 0.21428571428571427 0.18472906403940886
4 0.35591133004926107 0.24261083743842365 0.21182266009852216 0.17733990147783252
4 0.7906403940886699 0.2413793103448276 0.21428571428571427 0.18472906403940886
4 0.9482758620689655 0.24014778325123154 0.10344827586206896 0.18472906403940886
4 0.5701970443349754 0.24014778325123154 0.21428571428571427 0.17733990147783252
4 0.541871921182266 0.4938423645320197 0.22660098522167488 0.18472906403940886
4 0.770935960591133 0.49261083743842365 0.22413793103448276 0.18472906403940886
4 0.9495073891625616 0.4938423645320197 0.10098522167487685 0.18472906403940886
4 0.10098522167487685 0.687192118226601 0.2019704433497537 0.18719211822660098
4 0.31896551724137934 0.6859605911330049 0.2315270935960591 0.18719211822660098
4 0.5517241379310345 0.6834975369458128 0.22167487684729065 0.19458128078817735
4 0.7820197044334976 0.6847290640394089 0.2315270935960591 0.19950738916256158
4 0.9470443349753694 0.6834975369458128 0.10591133004926108 0.18472906403940886
4 0.1022167487684729 0.8608374384236454 0.2044334975369458 0.15517241379310345
4 0.3226600985221675 0.8596059113300493 0.22660098522167488 0.16502463054187191
4 0.5492610837438424 0.8583743842364532 0.22660098522167488 0.1625615763546798
4 0.7770935960591133 0.8596059113300493 0.2315270935960591 0.16502463054187191
4 0.9445812807881774 0.8571428571428571 0.11083743842364532 0.16748768472906403
4 0.1354679802955665 0.4224137931034483 0.21182266009852216 0.17733990147783252
4 0.3411330049261084 0.4187192118226601 0.17980295566502463 0.17733990147783252