4 0.13005050505050506 0.06313131313131314 0.22474747474747475 0.12626262626262627
4 0.35353535353535354 0.059343434343434344 0.2222222222222222 0.11868686868686869
4 0.5732323232323232 0.06060606060606061 0.21717171717171718 0.12121212121212122
4 0.7992424242424242 0.06060606060606061 0.22474747474747475 0.12121212121212122
4 0.9570707070707071 0.059343434343434344 0.08585858585858586 0.11868686868686869
4 0.1388888888888889 0.2196969696969697 0.2196969696969697 0.1893939393939394
4 0.37247474747474746 0.2159090909090909 0.21717171717171718 0.18181818181818182
4 0.8181818181818182 0.21464646464646464 0.2196969696969697 0.1893939393939394
4 0.9633838383838383 0.21338383838383837 0.07323232323232323 0.1893939393939394
4 0.5921717171717171 0.21338383838383837 0.2196969696969697 0.18181818181818182
4 0.5631313131313131 0.4734848484848485 0.23232323232323232 0.1893939393939394
4 0.797979797979798 0.4722222222222222 0.2297979797979798 0.1893939393939394
4 0.9646464646464646 0.4734848484848485 0.0707070707070707 0.1893939393939394
4 0.10732323232323232 0.6717171717171717 0.21464646464646464 0.1919191919191919
4 0.3345959595959596 0.6704545454545454 0.23737373737373738 0.1919191919191919
4 0.5732323232323232 0.6679292929292929 0.22727272727272727 0.1994949494949495
4 0.8093434343434344 0.6691919191919192 0.23737373737373738 0.20454545454545456
4 0.9621212121212122 0.6679292929292929 0.07575757575757576 0.1893939393939394
4 0.10858585858585859 0.8497474747474747 0.21717171717171718 0.1590909090909091
4 0.3383838383838384 0.8484848484848485 0.23232323232323232 0.1691919191919192
4 0.5707070707070707 0.8472222222222222 0.23232323232323232 0.16666666666666666
4 0.8042929292929293 0.8484848484848485 0.23737373737373738 0.1691919191919192
4 0.9595959595959596 0.8459595959595959 0.08080808080808081 0.1717171717171717
4 0.14646464646464646 0.40025252525252525 0.21717171717171718 0.18181818181818182
4 0.3573232323232323 0.39646464646464646 0.18434343434343434 0.18181818181818182