0 0.1971153846153846 0.057692307692307696 0.23557692307692307 0.11538461538461539
0 0.40865384615384615 0.07091346153846154 0.23076923076923078 0.14182692307692307
0 0.6141826923076923 0.0889423076923077 0.2283653846153846 0.1778846153846154
0 0.828125 0.12139423076923077 0.23557692307692307 0.18028846153846154
0 0.9615384615384616 0.14543269230769232 0.07692307692307693 0.1658653846153846
0 0.17908653846153846 0.18870192307692307 0.23557692307692307 0.21153846153846154
0 0.39903846153846156 0.21995192307692307 0.23076923076923078 0.20432692307692307
0 0.8185096153846154 0.2848557692307692 0.23557692307692307 0.21153846153846154
0 0.953125 0.3076923076923077 0.09375 0.1971153846153846
0 0.6069711538461539 0.25 0.23317307692307693 0.20432692307692307
0 0.5408653846153846 0.49038461538461536 0.24759615384615385 0.21153846153846154
0 0.7620192307692307 0.5240384615384616 0.24519230769230768 0.21153846153846154
0 0.9350961538461539 0.5540865384615384 0.12980769230769232 0.19471153846153846
0 0.0985576923076923 0.609375 0.1971153846153846 0.21394230769230768
0 0.2956730769230769 0.6418269230769231 0.25240384615384615 0.21634615384615385
0 0.5204326923076923 0.6754807692307693 0.24278846153846154 0.22115384615384615
0 0.7427884615384616 0.7115384615384616 0.2548076923076923 0.2283653846153846
0 0.9074519230769231 0.7379807692307693 0.14182692307692307 0.1971153846153846
0 0.08533653846153846 0.7764423076923077 0.17067307692307693 0.18269230769230768
0 0.27283653846153844 0.8100961538461539 0.24278846153846154 0.19471153846153846
0 0.49158653846153844 0.8425480769230769 0.24278846153846154 0.19230769230769232
0 0.7115384615384616 0.8786057692307693 0.24759615384615385 0.19471153846153846
0 0.8798076923076923 0.9038461538461539 0.1466346153846154 0.18028846153846154
0 0.15985576923076922 0.359375 0.23076923076923078 0.20432692307692307
0 0.3581730769230769 0.3870192307692308 0.19951923076923078 0.19951923076923078