0 0.6490384615384616 0.3076923076923077 0.3245192307692308 0.3269230769230769
0 0.5997596153846154 0.8353365384615384 0.30288461538461536 0.18990384615384615
0 0.90625 0.3605769230769231 0.1875 0.28846153846153844
0 0.8990384615384616 0.6430288461538461 0.20192307692307693 0.30528846153846156
0 0.8810096153846154 0.8629807692307693 0.18990384615384615 0.16105769230769232
0 0.6262019230769231 0.5997596153846154 0.3245192307692308 0.32211538461538464
0 0.0889423076923077 0.08774038461538461 0.125 0.17548076923076922
0 0.13822115384615385 0.3088942307692308 0.1466346153846154 0.28125
0 0.23076923076923078 0.10697115384615384 0.13942307692307693 0.21394230769230768
0 0.2980769230769231 0.34615384615384615 0.13942307692307693 0.2668269230769231
0 0.04807692307692308 0.5697115384615384 0.09615384615384616 0.27884615384615385
0 0.18990384615384615 0.5865384615384616 0.14182692307692307 0.27163461538461536
0 0.08533653846153846 0.7884615384615384 0.14182692307692307 0.1778846153846154
0 0.25 0.8076923076923077 0.12980769230769232 0.1778846153846154
0 0.39783653846153844 0.11658653846153846 0.13701923076923078 0.23317307692307693