4 0.6084656084656085 0.24074074074074073 0.328042328042328 0.3333333333333333
4 0.6044973544973545 0.8240740740740741 0.31746031746031744 0.18253968253968253
4 0.9034391534391535 0.2724867724867725 0.1931216931216931 0.30158730158730157
4 0.9087301587301587 0.5833333333333334 0.18253968253968253 0.3201058201058201
4 0.9087301587301587 0.8267195767195767 0.18253968253968253 0.16137566137566137
4 0.6111111111111112 0.5634920634920635 0.3306878306878307 0.328042328042328
4 0.056878306878306875 0.2896825396825397 0.11375661375661375 0.29894179894179895
4 0.12962962962962962 0.0873015873015873 0.13227513227513227 0.1746031746031746
4 0.2261904761904762 0.31613756613756616 0.12962962962962962 0.2830687830687831
4 0.13095238095238096 0.58994708994709 0.13227513227513227 0.28835978835978837
4 0.05291005291005291 0.8201058201058201 0.10582010582010581 0.18518518518518517
4 0.21825396825396826 0.8267195767195767 0.12698412698412698 0.18518518518518517
4 0.3134920634920635 0.08862433862433862 0.12962962962962962 0.17724867724867724