4 0.6021505376344086 0.29301075268817206 0.3333333333333333 0.3387096774193548
4 0.5981182795698925 0.885752688172043 0.3225806451612903 0.18548387096774194
4 0.9018817204301075 0.32526881720430106 0.19623655913978494 0.3064516129032258
4 0.907258064516129 0.6411290322580645 0.18548387096774194 0.32526881720430106
4 0.907258064516129 0.8884408602150538 0.18548387096774194 0.1639784946236559
4 0.6048387096774194 0.6209677419354839 0.33602150537634407 0.3333333333333333
4 0.04973118279569892 0.34274193548387094 0.09946236559139784 0.30376344086021506
4 0.11559139784946236 0.11290322580645161 0.13440860215053763 0.22580645161290322
4 0.21370967741935484 0.3696236559139785 0.13172043010752688 0.28763440860215056
4 0.11693548387096774 0.6478494623655914 0.13440860215053763 0.29301075268817206
4 0.0456989247311828 0.8817204301075269 0.0913978494623656 0.1881720430107527
4 0.2056451612903226 0.8884408602150538 0.12903225806451613 0.1881720430107527
4 0.3024193548387097 0.11424731182795698 0.13172043010752688 0.22849462365591397