4 0.6331658291457286 0.2814070351758794 0.31155778894472363 0.3165829145728643
4 0.6293969849246231 0.835427135678392 0.3015075376884422 0.17336683417085427
4 0.9108040201005025 0.31155778894472363 0.17839195979899497 0.2864321608040201
4 0.9158291457286433 0.6067839195979899 0.16834170854271358 0.30402010050251255
4 0.9158291457286433 0.8379396984924623 0.16834170854271358 0.15326633165829145
4 0.635678391959799 0.5879396984924623 0.314070351758794 0.31155778894472363
4 0.04271356783919598 0.09547738693467336 0.08542713567839195 0.19095477386934673
4 0.10050251256281408 0.32914572864321606 0.12814070351758794 0.28391959798994976
4 0.17839195979899497 0.1092964824120603 0.12562814070351758 0.2185929648241206
4 0.2701005025125628 0.3530150753768844 0.12311557788944724 0.26884422110552764
4 0.035175879396984924 0.6092964824120602 0.07035175879396985 0.28391959798994976
4 0.17964824120603015 0.6130653266331658 0.12562814070351758 0.27386934673366836
4 0.08919597989949749 0.8329145728643216 0.13316582914572864 0.17587939698492464
4 0.26256281407035176 0.8379396984924623 0.12060301507537688 0.17587939698492464
4 0.3530150753768844 0.11055276381909548 0.12311557788944724 0.22110552763819097