4 0.6522842639593909 0.2817258883248731 0.3147208121827411 0.3197969543147208
4 0.6484771573604061 0.8413705583756346 0.30456852791878175 0.1751269035532995
4 0.9213197969543148 0.31218274111675126 0.15736040609137056 0.2893401015228426
4 0.9263959390862944 0.6104060913705583 0.14720812182741116 0.30710659898477155
4 0.9263959390862944 0.8439086294416244 0.14720812182741116 0.1548223350253807
4 0.6548223350253807 0.5913705583756346 0.31725888324873097 0.3147208121827411
4 0.04949238578680203 0.09517766497461928 0.09898477157360407 0.19035532994923857
4 0.11421319796954314 0.3299492385786802 0.12944162436548223 0.2868020304568528
4 0.19289340101522842 0.10913705583756345 0.12690355329949238 0.2182741116751269
4 0.28553299492385786 0.35406091370558374 0.12436548223350254 0.2715736040609137
4 0.04187817258883249 0.6129441624365483 0.08375634517766498 0.2868020304568528
4 0.19416243654822335 0.616751269035533 0.12690355329949238 0.2766497461928934
4 0.10279187817258884 0.8388324873096447 0.13451776649746192 0.17766497461928935
4 0.2779187817258883 0.8439086294416244 0.1218274111675127 0.17766497461928935
4 0.36928934010152287 0.11040609137055837 0.12436548223350254 0.22081218274111675