4 0.6894736842105263 0.2631578947368421 0.3263157894736842 0.33157894736842103
4 0.6855263157894737 0.843421052631579 0.3157894736842105 0.18157894736842106
4 0.9434210526315789 0.29473684210526313 0.11315789473684211 0.3
4 0.9486842105263158 0.6039473684210527 0.10263157894736842 0.31842105263157894
4 0.9486842105263158 0.8460526315789474 0.10263157894736842 0.16052631578947368
4 0.6921052631578948 0.5842105263157895 0.32894736842105265 0.3263157894736842
4 0.05789473684210526 0.08421052631578947 0.11578947368421053 0.16842105263157894
4 0.13157894736842105 0.3131578947368421 0.13421052631578947 0.29736842105263156
4 0.2131578947368421 0.09868421052631579 0.13157894736842105 0.19736842105263158
4 0.3092105263157895 0.3381578947368421 0.12894736842105264 0.28157894736842104
4 0.05 0.6065789473684211 0.1 0.29736842105263156
4 0.21447368421052632 0.6105263157894737 0.13157894736842105 0.2868421052631579
4 0.11973684210526316 0.8407894736842105 0.1394736842105263 0.18421052631578946
4 0.3013157894736842 0.8460526315789474 0.12631578947368421 0.18421052631578946
4 0.3960526315789474 0.1 0.12894736842105264 0.2