0 0.39663461538461536 0.28365384615384615 0.14903846153846154 0.1346153846153846
0 0.5384615384615384 0.056490384615384616 0.15384615384615385 0.11298076923076923
0 0.5408653846153846 0.15745192307692307 0.15384615384615385 0.1201923076923077
0 0.5444711538461539 0.2800480769230769 0.15384615384615385 0.13221153846153846
0 0.6923076923076923 0.04567307692307692 0.15865384615384615 0.09134615384615384
0 0.8569711538461539 0.026442307692307692 0.15625 0.052884615384615384
0 0.6971153846153846 0.13341346153846154 0.15625 0.12740384615384615
0 0.8473557692307693 0.1141826923076923 0.15865384615384615 0.14182692307692307
0 0.7055288461538461 0.2536057692307692 0.15625 0.13701923076923078
0 0.8497596153846154 0.23677884615384615 0.15384615384615385 0.1346153846153846
0 0.39903846153846156 0.40384615384615385 0.15144230769230768 0.12259615384615384
0 0.5456730769230769 0.39903846153846156 0.14903846153846154 0.12980769230769232
0 0.6983173076923077 0.37259615384615385 0.16105769230769232 0.12740384615384615
0 0.8509615384615384 0.35697115384615385 0.15865384615384615 0.125
0 0.5552884615384616 0.5228365384615384 0.15625 0.13701923076923078
0 0.7019230769230769 0.49278846153846156 0.15625 0.12980769230769232
0 0.8581730769230769 0.47836538461538464 0.15144230769230768 0.12980769230769232
0 0.9567307692307693 0.11658653846153846 0.04567307692307692 0.13221153846153846
0 0.9555288461538461 0.24519230769230768 0.06490384615384616 0.125
0 0.9651442307692307 0.3629807692307692 0.06009615384615385 0.11778846153846154
0 0.9639423076923077 0.47716346153846156 0.07211538461538461 0.10336538461538461
0 0.004807692307692308 0.09254807692307693 0.009615384615384616 0.11778846153846154
0 0.009615384615384616 0.2091346153846154 0.019230769230769232 0.125
0 0.013221153846153846 0.3269230769230769 0.026442307692307692 0.1201923076923077
0 0.021634615384615384 0.4423076923076923 0.04326923076923077 0.1201923076923077
0 0.028846153846153848 0.5600961538461539 0.057692307692307696 0.11298076923076923
0 0.037259615384615384 0.6670673076923077 0.06009615384615385 0.10817307692307693
0 0.046875 0.78125 0.06490384615384616 0.12259615384615384
0 0.055288461538461536 0.8930288461538461 0.06490384615384616 0.11057692307692307
0 0.5625 0.640625 0.15625 0.12740384615384615
0 0.28365384615384615 0.7680288461538461 0.14182692307692307 0.1201923076923077
0 0.4206730769230769 0.7512019230769231 0.14903846153846154 0.125
0 0.5685096153846154 0.7463942307692307 0.14903846153846154 0.11538461538461539
0 0.7175480769230769 0.6141826923076923 0.15144230769230768 0.1346153846153846
0 0.8653846153846154 0.5985576923076923 0.16105769230769232 0.12980769230769232
0 0.9675480769230769 0.5853365384615384 0.06490384615384616 0.12259615384615384
0 0.71875 0.734375 0.15625 0.12740384615384615
0 0.8653846153846154 0.7151442307692307 0.15625 0.13221153846153846
0 0.96875 0.7019230769230769 0.0625 0.1201923076923077
0 0.2956730769230769 0.875 0.1466346153846154 0.11298076923076923
0 0.4326923076923077 0.8641826923076923 0.1466346153846154 0.1201923076923077
0 0.578125 0.8509615384615384 0.1466346153846154 0.125
0 0.7175480769230769 0.8425480769230769 0.15144230769230768 0.11538461538461539
0 0.8653846153846154 0.8353365384615384 0.15865384615384615 0.11538461538461539
0 0.9675480769230769 0.8197115384615384 0.06490384615384616 0.11538461538461539
0 0.08533653846153846 0.07572115384615384 0.15144230769230768 0.10576923076923077
0 0.39302884615384615 0.1622596153846154 0.15384615384615385 0.13701923076923078
0 0.38461538461538464 0.056490384615384616 0.15144230769230768 0.10817307692307693
0 0.23317307692307693 0.06971153846153846 0.15625 0.11298076923076923
0 0.234375 0.16826923076923078 0.15865384615384615 0.16105769230769232
0 0.24879807692307693 0.28725961538461536 0.15865384615384615 0.14903846153846154
0 0.2512019230769231 0.40384615384615385 0.15384615384615385 0.14423076923076922
0 0.2536057692307692 0.5240384615384616 0.15144230769230768 0.14903846153846154
0 0.2644230769230769 0.6430288461538461 0.14903846153846154 0.1466346153846154
0 0.41947115384615385 0.6370192307692307 0.15144230769230768 0.12259615384615384
0 0.4110576923076923 0.5216346153846154 0.15144230769230768 0.13701923076923078
0 0.09134615384615384 0.18629807692307693 0.14903846153846154 0.1346153846153846
0 0.10336538461538461 0.3088942307692308 0.15144230769230768 0.13221153846153846
0 0.109375 0.4254807692307692 0.14182692307692307 0.12740384615384615
0 0.11899038461538461 0.5456730769230769 0.14423076923076922 0.13221153846153846
0 0.1310096153846154 0.6586538461538461 0.13942307692307693 0.12259615384615384
0 0.14302884615384615 0.7680288461538461 0.14182692307692307 0.12740384615384615
0 0.15264423076923078 0.8798076923076923 0.1466346153846154 0.11538461538461539