0 0.43149038461538464 0.2692307692307692 0.15144230769230768 0.13701923076923078
0 0.609375 0.06490384615384616 0.15625 0.125
0 0.59375 0.16826923076923078 0.15625 0.12259615384615384
0 0.578125 0.28966346153846156 0.15625 0.1346153846153846
0 0.7644230769230769 0.07211538461538461 0.15865384615384615 0.11298076923076923
0 0.9254807692307693 0.07211538461538461 0.14903846153846154 0.08653846153846154
0 0.7524038461538461 0.16826923076923078 0.15865384615384615 0.12980769230769232
0 0.9038461538461539 0.17307692307692307 0.16105769230769232 0.14423076923076922
0 0.7415865384615384 0.28846153846153844 0.15625 0.13942307692307693
0 0.8870192307692307 0.29447115384615385 0.15625 0.13701923076923078
0 0.41586538461538464 0.3894230769230769 0.15384615384615385 0.125
0 0.5612980769230769 0.4074519230769231 0.15144230769230768 0.13221153846153846
0 0.7163461538461539 0.4050480769230769 0.16346153846153846 0.12980769230769232
0 0.8689903846153846 0.41466346153846156 0.16105769230769232 0.12740384615384615
0 0.5516826923076923 0.53125 0.15625 0.13942307692307693
0 0.7007211538461539 0.5252403846153846 0.15865384615384615 0.13221153846153846
0 0.8581730769230769 0.5348557692307693 0.15384615384615385 0.13221153846153846
0 0.9927884615384616 0.19110576923076922 0.014423076923076924 0.13221153846153846
0 0.9783653846153846 0.31850961538461536 0.04326923076923077 0.12740384615384615
0 0.9747596153846154 0.4375 0.05048076923076923 0.1201923076923077
0 0.9627403846153846 0.5492788461538461 0.07451923076923077 0.10336538461538461
0 0.05889423076923077 0.037259615384615384 0.04567307692307692 0.07451923076923077
0 0.04807692307692308 0.1346153846153846 0.04567307692307692 0.125
0 0.038461538461538464 0.25240384615384615 0.04567307692307692 0.1201923076923077
0 0.03245192307692308 0.36899038461538464 0.055288461538461536 0.1201923076923077
0 0.026442307692307692 0.4855769230769231 0.052884615384615384 0.11538461538461539
0 0.02403846153846154 0.5913461538461539 0.04807692307692308 0.11057692307692307
0 0.020432692307692308 0.7055288461538461 0.040865384615384616 0.12259615384615384
0 0.015625 0.8173076923076923 0.03125 0.11057692307692307
0 0.5396634615384616 0.6478365384615384 0.15865384615384615 0.12980769230769232
0 0.2439903846153846 0.7307692307692307 0.14423076923076922 0.12259615384615384
0 0.38341346153846156 0.7355769230769231 0.15144230769230768 0.12740384615384615
0 0.5300480769230769 0.7548076923076923 0.15144230769230768 0.11778846153846154
0 0.6971153846153846 0.6466346153846154 0.15384615384615385 0.13701923076923078
0 0.8461538461538461 0.6550480769230769 0.16346153846153846 0.13221153846153846
0 0.9543269230769231 0.6574519230769231 0.07692307692307693 0.12259615384615384
0 0.6790865384615384 0.765625 0.15865384615384615 0.12980769230769232
0 0.8269230769230769 0.7704326923076923 0.15865384615384615 0.1346153846153846
0 0.9399038461538461 0.7752403846153846 0.08413461538461539 0.12259615384615384
0 0.2403846153846154 0.8377403846153846 0.14903846153846154 0.11538461538461539
0 0.3762019230769231 0.8485576923076923 0.14903846153846154 0.12259615384615384
0 0.5216346153846154 0.859375 0.14903846153846154 0.12740384615384615
0 0.6622596153846154 0.8725961538461539 0.15384615384615385 0.11778846153846154
0 0.8088942307692307 0.8894230769230769 0.16105769230769232 0.11778846153846154
0 0.9254807692307693 0.890625 0.09375 0.11778846153846154
0 0.15504807692307693 0.03485576923076923 0.15144230769230768 0.06971153846153846
0 0.44711538461538464 0.14903846153846154 0.15384615384615385 0.13942307692307693
0 0.45552884615384615 0.04927884615384615 0.15144230769230768 0.0985576923076923
0 0.30288461538461536 0.04447115384615385 0.15865384615384615 0.0889423076923077
0 0.28966346153846156 0.1310096153846154 0.16105769230769232 0.16346153846153846
0 0.2848557692307692 0.2512019230769231 0.16105769230769232 0.15144230769230768
0 0.2692307692307692 0.36658653846153844 0.15625 0.1466346153846154
0 0.25240384615384615 0.4855769230769231 0.15384615384615385 0.15144230769230768
0 0.24519230769230768 0.6045673076923077 0.15144230769230768 0.14903846153846154
0 0.39903846153846156 0.6225961538461539 0.15384615384615385 0.125
0 0.40865384615384615 0.5072115384615384 0.15144230769230768 0.13942307692307693
0 0.14543269230769232 0.12620192307692307 0.15144230769230768 0.13701923076923078
0 0.13822115384615385 0.24879807692307693 0.15384615384615385 0.1346153846153846
0 0.12620192307692307 0.3641826923076923 0.14423076923076922 0.12980769230769232
0 0.11658653846153846 0.4855769230769231 0.1466346153846154 0.1346153846153846
0 0.11177884615384616 0.5985576923076923 0.14182692307692307 0.125
0 0.10576923076923077 0.7091346153846154 0.14423076923076922 0.12980769230769232
0 0.09735576923076923 0.8209134615384616 0.14903846153846154 0.11778846153846154