0 0.46033653846153844 0.26322115384615385 0.1658653846153846 0.15144230769230768
0 0.6610576923076923 0.08052884615384616 0.1658653846153846 0.14182692307692307
0 0.6334134615384616 0.1814903846153846 0.1658653846153846 0.13942307692307693
0 0.6033653846153846 0.3004807692307692 0.16826923076923078 0.15144230769230768
0 0.8149038461538461 0.10697115384615384 0.16826923076923078 0.12980769230769232
0 0.9483173076923077 0.12860576923076922 0.10336538461538461 0.10336538461538461
0 0.7908653846153846 0.20192307692307693 0.17067307692307693 0.1466346153846154
0 0.9266826923076923 0.2247596153846154 0.1466346153846154 0.16105769230769232
0 0.765625 0.31971153846153844 0.17067307692307693 0.15625
0 0.9086538461538461 0.34375 0.16826923076923078 0.15384615384615385
0 0.43028846153846156 0.3798076923076923 0.16346153846153846 0.13942307692307693
0 0.5721153846153846 0.41586538461538464 0.16346153846153846 0.1466346153846154
0 0.7259615384615384 0.4326923076923077 0.17548076923076922 0.1466346153846154
0 0.8774038461538461 0.46033653846153844 0.17307692307692307 0.14423076923076922
0 0.546875 0.5372596153846154 0.17067307692307693 0.15625
0 0.6959134615384616 0.5492788461538461 0.17067307692307693 0.14903846153846154
0 0.8509615384615384 0.578125 0.1658653846153846 0.1466346153846154
0 0.984375 0.38100961538461536 0.03125 0.13221153846153846
0 0.9735576923076923 0.4951923076923077 0.052884615384615384 0.125
0 0.9543269230769231 0.6057692307692307 0.08653846153846154 0.11057692307692307
0 0.11899038461538461 0.013221153846153846 0.06009615384615385 0.026442307692307692
0 0.09615384615384616 0.0829326923076923 0.06009615384615385 0.12740384615384615
0 0.07211538461538461 0.1971153846153846 0.06009615384615385 0.12259615384615384
0 0.051682692307692304 0.3125 0.06971153846153846 0.125
0 0.03245192307692308 0.4266826923076923 0.06490384615384616 0.11778846153846154
0 0.02283653846153846 0.5336538461538461 0.04567307692307692 0.11538461538461539
0 0.014423076923076924 0.6454326923076923 0.028846153846153848 0.12740384615384615
0 0.5216346153846154 0.6526442307692307 0.17067307692307693 0.1466346153846154
0 0.21875 0.6983173076923077 0.15384615384615385 0.13701923076923078
0 0.3545673076923077 0.7199519230769231 0.16346153846153846 0.14182692307692307
0 0.4987980769230769 0.7560096153846154 0.16105769230769232 0.13221153846153846
0 0.6778846153846154 0.6694711538461539 0.16826923076923078 0.15144230769230768
0 0.8245192307692307 0.6959134615384616 0.17548076923076922 0.14903846153846154
0 0.9314903846153846 0.7127403846153846 0.09134615384615384 0.12980769230769232
0 0.6454326923076923 0.7848557692307693 0.17067307692307693 0.1466346153846154
0 0.7920673076923077 0.8076923076923077 0.17067307692307693 0.15144230769230768
0 0.9038461538461539 0.8269230769230769 0.09615384615384616 0.12740384615384615
0 0.20072115384615385 0.8040865384615384 0.15865384615384615 0.12980769230769232
0 0.33533653846153844 0.8305288461538461 0.15865384615384615 0.13701923076923078
0 0.47716346153846156 0.859375 0.16105769230769232 0.14182692307692307
0 0.6153846153846154 0.8894230769230769 0.16346153846153846 0.1346153846153846
0 0.7584134615384616 0.9230769230769231 0.17067307692307693 0.1346153846153846
0 0.875 0.9387019230769231 0.10576923076923077 0.12259615384615384
0 0.21754807692307693 0.020432692307692308 0.16105769230769232 0.040865384615384616
0 0.49038461538461536 0.14543269230769232 0.16826923076923078 0.15384615384615385
0 0.5108173076923077 0.052884615384615384 0.16105769230769232 0.10576923076923077
0 0.3629807692307692 0.038461538461538464 0.16826923076923078 0.07692307692307693
0 0.33653846153846156 0.10817307692307693 0.1778846153846154 0.18028846153846154
0 0.3173076923076923 0.22596153846153846 0.17548076923076922 0.16826923076923078
0 0.28725961538461536 0.3389423076923077 0.16826923076923078 0.16105769230769232
0 0.25600961538461536 0.45552884615384615 0.16826923076923078 0.1658653846153846
0 0.234375 0.5721153846153846 0.1658653846153846 0.16346153846153846
0 0.38461538461538464 0.609375 0.16346153846153846 0.13942307692307693
0 0.40865384615384615 0.4963942307692308 0.1658653846153846 0.15384615384615385
0 0.1935096153846154 0.08533653846153846 0.1658653846153846 0.15144230769230768
0 0.171875 0.20673076923076922 0.1658653846153846 0.14903846153846154
0 0.14543269230769232 0.31971153846153844 0.15625 0.14423076923076922
0 0.12139423076923077 0.4387019230769231 0.15865384615384615 0.14903846153846154
0 0.10216346153846154 0.5504807692307693 0.15384615384615385 0.13701923076923078
0 0.0829326923076923 0.6598557692307693 0.15625 0.14423076923076922
0 0.06971153846153846 0.7680288461538461 0.13942307692307693 0.13221153846153846