4 0.39676616915422885 0.26865671641791045 0.14676616915422885 0.12935323383084577
4 0.5609452736318408 0.04975124378109453 0.1517412935323383 0.09950248756218906
4 0.554726368159204 0.14925373134328357 0.1517412935323383 0.11442786069651742
4 0.5497512437810945 0.27611940298507465 0.1517412935323383 0.12686567164179105
4 0.7201492537313433 0.043532338308457715 0.15671641791044777 0.08706467661691543
4 0.8917910447761194 0.029850746268656716 0.15671641791044777 0.05970149253731343
4 0.7176616915422885 0.13557213930348258 0.15422885572139303 0.12189054726368159
4 0.8743781094527363 0.12686567164179105 0.15422885572139303 0.13681592039800994
4 0.7176616915422885 0.2599502487562189 0.1517412935323383 0.1318407960199005
4 0.8681592039800995 0.2537313432835821 0.1517412935323383 0.12935323383084577
4 0.39054726368159204 0.39303482587064675 0.14925373134328357 0.11691542288557213
4 0.5422885572139303 0.39925373134328357 0.14676616915422885 0.12437810945273632
4 0.7014925373134329 0.38308457711442784 0.15920398009950248 0.12189054726368159
4 0.8606965174129353 0.3781094527363184 0.15671641791044777 0.11940298507462686
4 0.5435323383084577 0.527363184079602 0.1517412935323383 0.1318407960199005
4 0.6965174129353234 0.5074626865671642 0.15422885572139303 0.12437810945273632
4 0.8594527363184079 0.503731343283582 0.14925373134328357 0.12437810945273632
4 0.9838308457711443 0.13681592039800994 0.03233830845771144 0.13432835820895522
4 0.9738805970149254 0.26990049751243783 0.05223880597014925 0.12686567164179105
4 0.9751243781094527 0.39054726368159204 0.04975124378109453 0.11940298507462686
4 0.9676616915422885 0.5087064676616916 0.06467661691542288 0.10199004975124377
4 0.0037313432835820895 0.16293532338308458 0.007462686567164179 0.12686567164179105
4 0.0037313432835820895 0.2848258706467662 0.007462686567164179 0.12189054726368159
4 0.008706467661691543 0.40671641791044777 0.017412935323383085 0.12189054726368159
4 0.011194029850746268 0.527363184079602 0.022388059701492536 0.11442786069651742
4 0.012437810945273632 0.6393034825870647 0.024875621890547265 0.10945273631840796
4 0.014925373134328358 0.7574626865671642 0.029850746268656716 0.12189054726368159
4 0.014925373134328358 0.8731343283582089 0.029850746268656716 0.10945273631840796
4 0.5422885572139303 0.6492537313432836 0.15422885572139303 0.12189054726368159
4 0.24502487562189054 0.7611940298507462 0.13930348258706468 0.11442786069651742
4 0.3880597014925373 0.753731343283582 0.14676616915422885 0.11940298507462686
4 0.5410447761194029 0.7599502487562189 0.14676616915422885 0.10945273631840796
4 0.7039800995024875 0.6330845771144279 0.14925373134328357 0.12935323383084577
4 0.8582089552238806 0.6281094527363185 0.15920398009950248 0.12437810945273632
4 0.9676616915422885 0.6206467661691543 0.06467661691542288 0.12189054726368159
4 0.6965174129353234 0.7574626865671642 0.15422885572139303 0.12189054726368159
4 0.849502487562189 0.7487562189054726 0.15422885572139303 0.12686567164179105
4 0.9639303482587065 0.7437810945273632 0.07213930348258707 0.11940298507462686
4 0.25 0.8718905472636815 0.14427860696517414 0.10696517412935323
4 0.3917910447761194 0.8706467661691543 0.14427860696517414 0.11442786069651742
4 0.5422885572139303 0.8681592039800995 0.14427860696517414 0.11940298507462686
4 0.6878109452736318 0.8694029850746269 0.14925373134328357 0.10945273631840796
4 0.8407960199004975 0.8731343283582089 0.15671641791044777 0.10945273631840796
4 0.9589552238805971 0.8631840796019901 0.08208955223880597 0.11442786069651742
4 0.08955223880597014 0.041044776119402986 0.14925373134328357 0.08208955223880597
4 0.4017412935323383 0.14303482587064675 0.14925373134328357 0.1318407960199005
4 0.40049751243781095 0.04228855721393035 0.14925373134328357 0.0845771144278607
4 0.24378109452736318 0.04477611940298507 0.15422885572139303 0.08955223880597014
4 0.23756218905472637 0.13805970149253732 0.15422885572139303 0.15671641791044777
4 0.24378109452736318 0.26243781094527363 0.15422885572139303 0.14427860696517414
4 0.23756218905472637 0.38308457711442784 0.14925373134328357 0.13930348258706468
4 0.23134328358208955 0.5074626865671642 0.14676616915422885 0.14427860696517414
4 0.23383084577114427 0.6305970149253731 0.14427860696517414 0.1417910447761194
4 0.39427860696517414 0.6355721393034826 0.14925373134328357 0.11691542288557213
4 0.39427860696517414 0.5161691542288557 0.14676616915422885 0.1318407960199005
4 0.08830845771144279 0.14676616915422885 0.14676616915422885 0.12935323383084577
4 0.09203980099502487 0.2736318407960199 0.14925373134328357 0.12686567164179105
4 0.08955223880597014 0.39427860696517414 0.13930348258706468 0.12189054726368159
4 0.09079601990049752 0.5199004975124378 0.1417910447761194 0.12686567164179105
4 0.09577114427860696 0.6368159203980099 0.13681592039800994 0.11691542288557213
4 0.09950248756218906 0.7512437810945274 0.13930348258706468 0.12189054726368159
4 0.10199004975124377 0.8669154228855721 0.14427860696517414 0.10945273631840796