0 0.3713942307692308 0.296875 0.16346153846153846 0.14903846153846154
0 0.484375 0.06009615384615385 0.1658653846153846 0.1201923076923077
0 0.4987980769230769 0.15504807692307693 0.1658653846153846 0.13701923076923078
0 0.5180288461538461 0.2764423076923077 0.16826923076923078 0.14903846153846154
0 0.6346153846153846 0.039663461538461536 0.16826923076923078 0.07932692307692307
0 0.7956730769230769 0.010817307692307692 0.16346153846153846 0.021634615384615384
0 0.6514423076923077 0.11177884615384616 0.16826923076923078 0.14423076923076922
0 0.796875 0.07692307692307693 0.17067307692307693 0.15384615384615385
0 0.6742788461538461 0.22956730769230768 0.16826923076923078 0.15384615384615385
0 0.8161057692307693 0.19591346153846154 0.16826923076923078 0.15144230769230768
0 0.38822115384615385 0.41586538461538464 0.16346153846153846 0.13942307692307693
0 0.5336538461538461 0.3942307692307692 0.16105769230769232 0.14423076923076922
0 0.6814903846153846 0.34975961538461536 0.17307692307692307 0.14423076923076922
0 0.8317307692307693 0.3161057692307692 0.17067307692307693 0.14182692307692307
0 0.5576923076923077 0.515625 0.16826923076923078 0.15384615384615385
0 0.6995192307692307 0.46875 0.16826923076923078 0.1466346153846154
0 0.8533653846153846 0.43509615384615385 0.16346153846153846 0.1466346153846154
0 0.9050480769230769 0.06490384615384616 0.06009615384615385 0.12980769230769232
0 0.9206730769230769 0.19110576923076922 0.07692307692307693 0.12980769230769232
0 0.9447115384615384 0.30649038461538464 0.07451923076923077 0.12259615384615384
0 0.9579326923076923 0.4206730769230769 0.08413461538461539 0.11057692307692307
0 0.008413461538461538 0.38822115384615385 0.016826923076923076 0.12259615384615384
0 0.02403846153846154 0.5024038461538461 0.04807692307692308 0.125
0 0.039663461538461536 0.6177884615384616 0.06971153846153846 0.11778846153846154
0 0.06129807692307692 0.7223557692307693 0.07211538461538461 0.11298076923076923
0 0.08533653846153846 0.8341346153846154 0.07932692307692307 0.12740384615384615
0 0.10576923076923077 0.9423076923076923 0.07692307692307693 0.11538461538461539
0 0.5793269230769231 0.6310096153846154 0.16826923076923078 0.14423076923076922
0 0.31850961538461536 0.7920673076923077 0.15384615384615385 0.1346153846153846
0 0.4519230769230769 0.7596153846153846 0.16105769230769232 0.13942307692307693
0 0.5985576923076923 0.7367788461538461 0.15865384615384615 0.12980769230769232
0 0.7295673076923077 0.5865384615384616 0.1658653846153846 0.14903846153846154
0 0.875 0.5528846153846154 0.17307692307692307 0.1466346153846154
0 0.9675480769230769 0.5252403846153846 0.06490384615384616 0.12740384615384615
0 0.7451923076923077 0.7055288461538461 0.16826923076923078 0.14423076923076922
0 0.8894230769230769 0.6694711538461539 0.17067307692307693 0.14903846153846154
0 0.9747596153846154 0.6430288461538461 0.05048076923076923 0.12740384615384615
0 0.34375 0.8966346153846154 0.15625 0.12740384615384615
0 0.47716346153846156 0.8689903846153846 0.15865384615384615 0.1346153846153846
0 0.6201923076923077 0.8389423076923077 0.15865384615384615 0.13942307692307693
0 0.7584134615384616 0.8137019230769231 0.16105769230769232 0.13221153846153846
0 0.9038461538461539 0.7884615384615384 0.16826923076923078 0.13221153846153846
0 0.9819711538461539 0.7572115384615384 0.036057692307692304 0.125
0 0.057692307692307696 0.12860576923076922 0.11538461538461539 0.12259615384615384
0 0.35336538461538464 0.17668269230769232 0.1658653846153846 0.15144230769230768
0 0.3317307692307692 0.0733173076923077 0.16105769230769232 0.125
0 0.18269230769230768 0.1045673076923077 0.1658653846153846 0.12980769230769232
0 0.19591346153846154 0.203125 0.17548076923076922 0.1778846153846154
0 0.2247596153846154 0.31971153846153844 0.17307692307692307 0.1658653846153846
0 0.24158653846153846 0.43509615384615385 0.16826923076923078 0.15865384615384615
0 0.25841346153846156 0.5540865384615384 0.1658653846153846 0.16346153846153846
0 0.28365384615384615 0.6706730769230769 0.16346153846153846 0.16105769230769232
0 0.4362980769230769 0.6454326923076923 0.16346153846153846 0.13942307692307693
0 0.41466346153846156 0.5324519230769231 0.16346153846153846 0.15144230769230768
0 0.06850961538461539 0.23798076923076922 0.13701923076923078 0.14903846153846154
0 0.0829326923076923 0.3581730769230769 0.1658653846153846 0.14903846153846154
0 0.10336538461538461 0.4735576923076923 0.15384615384615385 0.14182692307692307
0 0.12740384615384615 0.5925480769230769 0.15865384615384615 0.1466346153846154
0 0.15384615384615385 0.7019230769230769 0.15144230769230768 0.13701923076923078
0 0.1778846153846154 0.8100961538461539 0.15384615384615385 0.14182692307692307
0 0.20192307692307693 0.9194711538461539 0.15625 0.12980769230769232