4 0.40125 0.2625 0.1475 0.13
4 0.56625 0.04625 0.1525 0.0925
4 0.56 0.1425 0.1525 0.115
4 0.555 0.27 0.1525 0.1275
4 0.72625 0.04 0.1575 0.08
4 0.89875 0.02625 0.1575 0.0525
4 0.72375 0.12875 0.155 0.1225
4 0.88125 0.12 0.155 0.1375
4 0.72375 0.25375 0.1525 0.1325
4 0.875 0.2475 0.1525 0.13
4 0.395 0.3875 0.15 0.1175
4 0.5475 0.39375 0.1475 0.125
4 0.7075 0.3775 0.16 0.1225
4 0.8675 0.3725 0.1575 0.12
4 0.54875 0.5225 0.1525 0.1325
4 0.7025 0.5025 0.155 0.125
4 0.86625 0.49875 0.15 0.125
4 0.9875 0.13 0.025 0.135
4 0.9775 0.26375 0.045 0.1275
4 0.97875 0.385 0.0425 0.12
4 0.97125 0.50375 0.0575 0.1025
4 0.005 0.0475 0.01 0.095
4 0.005 0.15625 0.01 0.1275
4 0.005 0.27875 0.01 0.1225
4 0.01 0.40125 0.02 0.1225
4 0.0125 0.5225 0.025 0.115
4 0.01375 0.635 0.0275 0.11
4 0.01625 0.75375 0.0325 0.1225
4 0.01625 0.87 0.0325 0.11
4 0.5475 0.645 0.155 0.1225
4 0.24875 0.7575 0.14 0.115
4 0.3925 0.75 0.1475 0.12
4 0.54625 0.75625 0.1475 0.11
4 0.71 0.62875 0.15 0.13
4 0.865 0.62375 0.16 0.125
4 0.97125 0.61625 0.0575 0.1225
4 0.7025 0.75375 0.155 0.1225
4 0.85625 0.745 0.155 0.1275
4 0.9675 0.74 0.065 0.12
4 0.25375 0.86875 0.145 0.1075
4 0.39625 0.8675 0.145 0.115
4 0.5475 0.865 0.145 0.12
4 0.69375 0.86625 0.15 0.11
4 0.8475 0.87 0.1575 0.11
4 0.9625 0.86 0.075 0.115
4 0.0925 0.0375 0.15 0.075
4 0.40625 0.13625 0.15 0.1325
4 0.405 0.03875 0.15 0.0775
4 0.2475 0.04125 0.155 0.0825
4 0.24125 0.13125 0.155 0.1575
4 0.2475 0.25625 0.155 0.145
4 0.24125 0.3775 0.15 0.14
4 0.235 0.5025 0.1475 0.145
4 0.2375 0.62625 0.145 0.1425
4 0.39875 0.63125 0.15 0.1175
4 0.39875 0.51125 0.1475 0.1325
4 0.09125 0.14 0.1475 0.13
4 0.095 0.2675 0.15 0.1275
4 0.0925 0.38875 0.14 0.1225
4 0.09375 0.515 0.1425 0.1275
4 0.09875 0.6325 0.1375 0.1175
4 0.1025 0.7475 0.14 0.1225
4 0.105 0.86375 0.145 0.11