4 0.4108040201005025 0.2889447236180904 0.14824120603015076 0.1306532663316583
4 0.5766331658291457 0.059045226130653265 0.15326633165829145 0.11809045226130653
4 0.5703517587939698 0.16834170854271358 0.15326633165829145 0.11557788944723618
4 0.5653266331658291 0.2964824120603015 0.15326633165829145 0.12814070351758794
4 0.7386934673366834 0.052763819095477386 0.15829145728643215 0.10552763819095477
4 0.9120603015075377 0.038944723618090454 0.15829145728643215 0.07788944723618091
4 0.7349246231155779 0.15452261306532664 0.15577889447236182 0.12311557788944724
4 0.8932160804020101 0.1457286432160804 0.15577889447236182 0.13819095477386933
4 0.7349246231155779 0.28015075376884424 0.15326633165829145 0.13316582914572864
4 0.8869346733668342 0.27386934673366836 0.15326633165829145 0.1306532663316583
4 0.4045226130653266 0.41457286432160806 0.1507537688442211 0.11809045226130653
4 0.5577889447236181 0.42085427135678394 0.14824120603015076 0.12562814070351758
4 0.7185929648241206 0.4045226130653266 0.16080402010050251 0.12311557788944724
4 0.8793969849246231 0.39949748743718594 0.15829145728643215 0.12060301507537688
4 0.5590452261306532 0.550251256281407 0.15326633165829145 0.13316582914572864
4 0.7135678391959799 0.5301507537688442 0.15577889447236182 0.12562814070351758
4 0.878140703517588 0.5263819095477387 0.1507537688442211 0.12562814070351758
4 0.9937185929648241 0.15577889447236182 0.01256281407035176 0.135678391959799
4 0.9836683417085427 0.29020100502512564 0.032663316582914576 0.12814070351758794
4 0.9849246231155779 0.4120603015075377 0.03015075376884422 0.12060301507537688
4 0.9773869346733668 0.5314070351758794 0.04522613065326633 0.10301507537688442
4 0.008793969849246231 0.06030150753768844 0.017587939698492462 0.12060301507537688
4 0.008793969849246231 0.18216080402010051 0.017587939698492462 0.12814070351758794
4 0.008793969849246231 0.30527638190954776 0.017587939698492462 0.12311557788944724
4 0.013819095477386936 0.42839195979899497 0.02763819095477387 0.12311557788944724
4 0.016331658291457288 0.550251256281407 0.032663316582914576 0.11557788944723618
4 0.017587939698492462 0.6633165829145728 0.035175879396984924 0.11055276381909548
4 0.020100502512562814 0.7826633165829145 0.04020100502512563 0.12311557788944724
4 0.020100502512562814 0.8994974874371859 0.04020100502512563 0.11055276381909548
4 0.5577889447236181 0.6733668341708543 0.15577889447236182 0.12311557788944724
4 0.25753768844221103 0.7864321608040201 0.1407035175879397 0.11557788944723618
4 0.4020100502512563 0.7788944723618091 0.14824120603015076 0.12060301507537688
4 0.5565326633165829 0.785175879396985 0.14824120603015076 0.11055276381909548
4 0.7211055276381909 0.657035175879397 0.1507537688442211 0.1306532663316583
4 0.8768844221105527 0.6520100502512562 0.16080402010050251 0.12562814070351758
4 0.9773869346733668 0.6444723618090452 0.04522613065326633 0.12311557788944724
4 0.7135678391959799 0.7826633165829145 0.15577889447236182 0.12311557788944724
4 0.8680904522613065 0.7738693467336684 0.15577889447236182 0.12814070351758794
4 0.9736180904522613 0.7688442211055276 0.052763819095477386 0.12060301507537688
4 0.26256281407035176 0.8982412060301508 0.1457286432160804 0.10804020100502512
4 0.4057788944723618 0.8969849246231156 0.1457286432160804 0.11557788944723618
4 0.5577889447236181 0.8944723618090452 0.1457286432160804 0.12060301507537688
4 0.7047738693467337 0.8957286432160804 0.1507537688442211 0.11055276381909548
4 0.8592964824120602 0.8994974874371859 0.15829145728643215 0.11055276381909548
4 0.9685929648241206 0.8894472361809045 0.06281407035175879 0.11557788944723618
4 0.10050251256281408 0.05025125628140704 0.1507537688442211 0.10050251256281408
4 0.4158291457286432 0.1620603015075377 0.1507537688442211 0.13316582914572864
4 0.41457286432160806 0.05150753768844221 0.1507537688442211 0.10301507537688442
4 0.2562814070351759 0.05402010050251256 0.15577889447236182 0.10804020100502512
4 0.25 0.157035175879397 0.15577889447236182 0.15829145728643215
4 0.2562814070351759 0.28266331658291455 0.15577889447236182 0.1457286432160804
4 0.25 0.4045226130653266 0.1507537688442211 0.1407035175879397
4 0.24371859296482412 0.5301507537688442 0.14824120603015076 0.1457286432160804
4 0.24623115577889448 0.6545226130653267 0.1457286432160804 0.14321608040201006
4 0.4082914572864322 0.6595477386934674 0.1507537688442211 0.11809045226130653
4 0.4082914572864322 0.5389447236180904 0.14824120603015076 0.13316582914572864
4 0.0992462311557789 0.1658291457286432 0.14824120603015076 0.1306532663316583
4 0.10301507537688442 0.29396984924623115 0.1507537688442211 0.12814070351758794
4 0.10050251256281408 0.4158291457286432 0.1407035175879397 0.12311557788944724
4 0.10175879396984924 0.542713567839196 0.14321608040201006 0.12814070351758794
4 0.10678391959798995 0.6608040201005025 0.13819095477386933 0.11809045226130653
4 0.11055276381909548 0.7763819095477387 0.1407035175879397 0.12311557788944724
4 0.11306532663316583 0.8932160804020101 0.1457286432160804 0.11055276381909548