4 0.034574468085106384 0.03590425531914894 0.06914893617021277 0.07180851063829788
4 0.1768617021276596 0.03590425531914894 0.21010638297872342 0.07180851063829788
4 0.3949468085106383 0.034574468085106384 0.21010638297872342 0.06914893617021277
4 0.6143617021276596 0.03590425531914894 0.2127659574468085 0.07180851063829788
4 0.8164893617021277 0.031914893617021274 0.18085106382978725 0.06382978723404255
4 0.9574468085106383 0.03324468085106383 0.0851063829787234 0.06648936170212766
4 0.017287234042553192 0.19946808510638298 0.034574468085106384 0.26063829787234044
4 0.125 0.20212765957446807 0.1622340425531915 0.2632978723404255
4 0.2859042553191489 0.20345744680851063 0.1675531914893617 0.26063829787234044
4 0.45478723404255317 0.20212765957446807 0.1595744680851064 0.2632978723404255
4 0.6170212765957447 0.19946808510638298 0.15691489361702127 0.2579787234042553
4 0.7779255319148937 0.19680851063829788 0.15691489361702127 0.2579787234042553
4 0.9321808510638298 0.19547872340425532 0.1356382978723404 0.2579787234042553
4 0.0398936170212766 0.4627659574468085 0.0797872340425532 0.26595744680851063
4 0.20611702127659576 0.4654255319148936 0.21010638297872342 0.26861702127659576
4 0.425531914893617 0.46675531914893614 0.2074468085106383 0.2579787234042553
4 0.6422872340425532 0.4640957446808511 0.21010638297872342 0.2579787234042553
4 0.8590425531914894 0.4587765957446808 0.19946808510638298 0.2553191489361702
4 0.022606382978723406 0.7300531914893617 0.04521276595744681 0.2579787234042553
4 0.1356382978723404 0.7327127659574468 0.1595744680851064 0.2632978723404255
4 0.2992021276595745 0.7273936170212766 0.15159574468085107 0.2553191489361702
4 0.46941489361702127 0.726063829787234 0.15691489361702127 0.25
4 0.6303191489361702 0.726063829787234 0.15425531914893617 0.2553191489361702
4 0.7898936170212766 0.714095744680851 0.15159574468085107 0.24468085106382978
4 0.9375 0.7074468085106383 0.125 0.2553191489361702