4 0.05392156862745098 0.049019607843137254 0.10784313725490197 0.09803921568627451
4 0.20710784313725492 0.049019607843137254 0.19362745098039216 0.09803921568627451
4 0.40808823529411764 0.04779411764705882 0.19362745098039216 0.09558823529411764
4 0.6102941176470589 0.049019607843137254 0.19607843137254902 0.09803921568627451
4 0.7965686274509803 0.04534313725490196 0.16666666666666666 0.09068627450980392
4 0.9436274509803921 0.04656862745098039 0.11274509803921569 0.09313725490196079
4 0.03799019607843137 0.21568627450980393 0.07598039215686274 0.24019607843137256
4 0.15931372549019607 0.2181372549019608 0.14950980392156862 0.2426470588235294
4 0.3075980392156863 0.2193627450980392 0.15441176470588236 0.24019607843137256
4 0.4632352941176471 0.2181372549019608 0.14705882352941177 0.2426470588235294
4 0.6127450980392157 0.21568627450980393 0.14460784313725492 0.23774509803921567
4 0.7610294117647058 0.21323529411764705 0.14460784313725492 0.23774509803921567
4 0.9117647058823529 0.21323529411764705 0.14215686274509803 0.23774509803921567
4 0.058823529411764705 0.4583333333333333 0.11764705882352941 0.24509803921568626
4 0.2340686274509804 0.46078431372549017 0.19362745098039216 0.24754901960784315
4 0.4362745098039216 0.46200980392156865 0.19117647058823528 0.23774509803921567
4 0.6360294117647058 0.45955882352941174 0.19362745098039216 0.23774509803921567
4 0.8357843137254902 0.45465686274509803 0.18382352941176472 0.23529411764705882
4 0.0428921568627451 0.7046568627450981 0.0857843137254902 0.23774509803921567
4 0.16911764705882354 0.7071078431372549 0.14705882352941177 0.2426470588235294
4 0.31985294117647056 0.7022058823529411 0.13970588235294118 0.23529411764705882
4 0.47671568627450983 0.7009803921568627 0.14460784313725492 0.23039215686274508
4 0.625 0.7009803921568627 0.14215686274509803 0.23529411764705882
4 0.7720588235294118 0.6899509803921569 0.13970588235294118 0.22549019607843138
4 0.9215686274509803 0.6850490196078431 0.13970588235294118 0.23529411764705882