0 0.04927884615384615 0.06971153846153846 0.0985576923076923 0.11538461538461539
0 0.19471153846153846 0.06610576923076923 0.19471153846153846 0.11778846153846154
0 0.3918269230769231 0.057692307692307696 0.19471153846153846 0.11538461538461539
0 0.5889423076923077 0.055288461538461536 0.1971153846153846 0.11057692307692307
0 0.7728365384615384 0.04807692307692308 0.1658653846153846 0.09615384615384616
0 0.9206730769230769 0.046875 0.125 0.09375
0 0.037259615384615384 0.24158653846153846 0.07451923076923077 0.23798076923076922
0 0.15384615384615385 0.2403846153846154 0.15384615384615385 0.24278846153846154
0 0.29927884615384615 0.23677884615384615 0.15865384615384615 0.2403846153846154
0 0.4519230769230769 0.22956730769230768 0.15144230769230768 0.24278846153846154
0 0.5985576923076923 0.22235576923076922 0.14903846153846154 0.23798076923076922
0 0.7439903846153846 0.21514423076923078 0.14903846153846154 0.23798076923076922
0 0.8918269230769231 0.2091346153846154 0.1466346153846154 0.23798076923076922
0 0.0625 0.47836538461538464 0.125 0.24519230769230768
0 0.23557692307692307 0.47596153846153844 0.1971153846153846 0.25
0 0.4338942307692308 0.4699519230769231 0.19471153846153846 0.2403846153846154
0 0.6298076923076923 0.46033653846153844 0.1971153846153846 0.2403846153846154
0 0.8257211538461539 0.4495192307692308 0.1875 0.23798076923076922
0 0.052884615384615384 0.7211538461538461 0.0985576923076923 0.23557692307692307
0 0.18028846153846154 0.71875 0.15144230769230768 0.24278846153846154
0 0.328125 0.7091346153846154 0.14423076923076922 0.23557692307692307
0 0.48197115384615385 0.703125 0.14903846153846154 0.23076923076923078
0 0.6274038461538461 0.6971153846153846 0.1466346153846154 0.23557692307692307
0 0.7704326923076923 0.6814903846153846 0.14423076923076922 0.22596153846153846
0 0.9170673076923077 0.671875 0.14423076923076922 0.23557692307692307