4 0.05541871921182266 0.05541871921182266 0.11083743842364532 0.11083743842364532
4 0.2105911330049261 0.05541871921182266 0.19458128078817735 0.11083743842364532
4 0.4125615763546798 0.054187192118226604 0.19458128078817735 0.10837438423645321
4 0.6157635467980296 0.05541871921182266 0.19704433497536947 0.11083743842364532
4 0.8029556650246306 0.05172413793103448 0.16748768472906403 0.10344827586206896
4 0.9470443349753694 0.05295566502463054 0.10591133004926108 0.10591133004926108
4 0.03940886699507389 0.229064039408867 0.07881773399014778 0.2413793103448276
4 0.1625615763546798 0.2315270935960591 0.15024630541871922 0.2438423645320197
4 0.31157635467980294 0.23275862068965517 0.15517241379310345 0.2413793103448276
4 0.46798029556650245 0.2315270935960591 0.1477832512315271 0.2438423645320197
4 0.6182266009852216 0.229064039408867 0.14532019704433496 0.23891625615763548
4 0.7672413793103449 0.22660098522167488 0.14532019704433496 0.23891625615763548
4 0.9187192118226601 0.22660098522167488 0.14285714285714285 0.23891625615763548
4 0.0603448275862069 0.4729064039408867 0.1206896551724138 0.24630541871921183
4 0.2376847290640394 0.4753694581280788 0.19458128078817735 0.24876847290640394
4 0.4408866995073892 0.4766009852216749 0.1921182266009852 0.23891625615763548
4 0.6416256157635468 0.47413793103448276 0.19458128078817735 0.23891625615763548
4 0.8423645320197044 0.46921182266009853 0.18472906403940886 0.23645320197044334
4 0.04433497536945813 0.7204433497536946 0.08866995073891626 0.23891625615763548
4 0.1724137931034483 0.7229064039408867 0.1477832512315271 0.2438423645320197
4 0.32389162561576357 0.7179802955665024 0.14039408866995073 0.23645320197044334
4 0.4815270935960591 0.7167487684729064 0.14532019704433496 0.2315270935960591
4 0.6305418719211823 0.7167487684729064 0.14285714285714285 0.23645320197044334
4 0.7783251231527094 0.7056650246305419 0.14039408866995073 0.22660098522167488
4 0.9285714285714286 0.7007389162561576 0.14039408866995073 0.23645320197044334