4 0.045 0.05375 0.09 0.1075
4 0.19125 0.05375 0.1975 0.1075
4 0.39625 0.0525 0.1975 0.105
4 0.6025 0.05375 0.2 0.1075
4 0.7925 0.05 0.17 0.1
4 0.9425 0.05125 0.115 0.1025
4 0.02875 0.2275 0.0575 0.245
4 0.1425 0.23 0.1525 0.2475
4 0.29375 0.23125 0.1575 0.245
4 0.4525 0.23 0.15 0.2475
4 0.605 0.2275 0.1475 0.2425
4 0.75625 0.225 0.1475 0.2425
4 0.91 0.225 0.145 0.2425
4 0.05 0.475 0.1 0.25
4 0.21875 0.4775 0.1975 0.2525
4 0.425 0.47875 0.195 0.2425
4 0.62875 0.47625 0.1975 0.2425
4 0.8325 0.47125 0.1875 0.24
4 0.03375 0.72625 0.0675 0.2425
4 0.1525 0.72875 0.15 0.2475
4 0.30625 0.72375 0.1425 0.24
4 0.46625 0.7225 0.1475 0.235
4 0.6175 0.7225 0.145 0.24
4 0.7675 0.71125 0.1425 0.23
4 0.92 0.70625 0.1425 0.24