0 0.10096153846153846 0.28365384615384615 0.20192307692307693 0.25961538461538464
0 0.12620192307692307 0.5228365384615384 0.22115384615384615 0.25721153846153844
0 0.14783653846153846 0.7560096153846154 0.21634615384615385 0.2620192307692308
0 0.2860576923076923 0.2644230769230769 0.21875 0.24519230769230768
0 0.3112980769230769 0.5012019230769231 0.21394230769230768 0.25721153846153844
0 0.33653846153846156 0.7307692307692307 0.22115384615384615 0.25721153846153844
0 0.47596153846153844 0.24759615384615385 0.21153846153846154 0.25
0 0.49759615384615385 0.47836538461538464 0.21153846153846154 0.25240384615384615
0 0.5216346153846154 0.7055288461538461 0.2091346153846154 0.25240384615384615
0 0.6646634615384616 0.2283653846153846 0.20673076923076922 0.2548076923076923
0 0.6850961538461539 0.4567307692307692 0.20673076923076922 0.24759615384615385
0 0.7091346153846154 0.6899038461538461 0.21153846153846154 0.2548076923076923
0 0.8521634615384616 0.20192307692307693 0.2091346153846154 0.25961538461538464
0 0.8689903846153846 0.4375 0.2091346153846154 0.25721153846153844
0 0.8954326923076923 0.6694711538461539 0.2091346153846154 0.25721153846153844