4 0.11707317073170732 0.23658536585365852 0.1975609756097561 0.24146341463414633
4 0.12317073170731707 0.4817073170731707 0.1975609756097561 0.23902439024390243
4 0.11585365853658537 0.7195121951219512 0.1902439024390244 0.24390243902439024
4 0.31585365853658537 0.24146341463414633 0.1951219512195122 0.22682926829268293
4 0.3121951219512195 0.48292682926829267 0.1902439024390244 0.23902439024390243
4 0.3097560975609756 0.7170731707317073 0.1975609756097561 0.23902439024390243
4 0.5097560975609756 0.2475609756097561 0.1878048780487805 0.23170731707317074
4 0.5024390243902439 0.48292682926829267 0.1878048780487805 0.23414634146341465
4 0.49878048780487805 0.7146341463414634 0.18536585365853658 0.23414634146341465
4 0.7024390243902439 0.25121951219512195 0.18292682926829268 0.23902439024390243
4 0.6939024390243902 0.4841463414634146 0.18292682926829268 0.23170731707317074
4 0.6890243902439024 0.7219512195121951 0.1878048780487805 0.23658536585365852
4 0.8939024390243903 0.24878048780487805 0.18536585365853658 0.24146341463414633
4 0.8817073170731707 0.4878048780487805 0.18536585365853658 0.23902439024390243
4 0.8817073170731707 0.724390243902439 0.1878048780487805 0.23902439024390243