0 0.16105769230769232 0.18509615384615385 0.22596153846153846 0.2620192307692308
0 0.13341346153846154 0.4254807692307692 0.22596153846153846 0.25961538461538464
0 0.10096153846153846 0.65625 0.20192307692307693 0.2644230769230769
0 0.3545673076923077 0.21754807692307693 0.22115384615384615 0.24759615384615385
0 0.3173076923076923 0.4519230769230769 0.21875 0.25961538461538464
0 0.2824519230769231 0.6802884615384616 0.22596153846153846 0.25961538461538464
0 0.5420673076923077 0.25 0.21394230769230768 0.25240384615384615
0 0.5036057692307693 0.47836538461538464 0.21634615384615385 0.2548076923076923
0 0.4675480769230769 0.7043269230769231 0.21394230769230768 0.2548076923076923
0 0.7295673076923077 0.2800480769230769 0.21153846153846154 0.25721153846153844
0 0.6899038461538461 0.5060096153846154 0.2091346153846154 0.25240384615384615
0 0.6526442307692307 0.7379807692307693 0.21634615384615385 0.25721153846153844
0 0.9050480769230769 0.30408653846153844 0.18990384615384615 0.2620192307692308
0 0.8725961538461539 0.5348557692307693 0.21394230769230768 0.25961538461538464
0 0.8401442307692307 0.7668269230769231 0.21634615384615385 0.25961538461538464