4 0.11650485436893204 0.2354368932038835 0.1966019417475728 0.24029126213592233
4 0.12257281553398058 0.47936893203883496 0.1966019417475728 0.23786407766990292
4 0.11529126213592233 0.7160194174757282 0.18932038834951456 0.24271844660194175
4 0.3143203883495146 0.24029126213592233 0.1941747572815534 0.22572815533980584
4 0.3106796116504854 0.48058252427184467 0.18932038834951456 0.23786407766990292
4 0.308252427184466 0.7135922330097088 0.1966019417475728 0.23786407766990292
4 0.5072815533980582 0.24635922330097088 0.18689320388349515 0.23058252427184467
4 0.5 0.48058252427184467 0.18689320388349515 0.23300970873786409
4 0.4963592233009709 0.7111650485436893 0.18446601941747573 0.23300970873786409
4 0.6990291262135923 0.25 0.1820388349514563 0.23786407766990292
4 0.6905339805825242 0.4817961165048544 0.1820388349514563 0.23058252427184467
4 0.6856796116504854 0.7184466019417476 0.18689320388349515 0.2354368932038835
4 0.8895631067961165 0.24757281553398058 0.18446601941747573 0.24029126213592233
4 0.8774271844660194 0.4854368932038835 0.18446601941747573 0.23786407766990292
4 0.8774271844660194 0.720873786407767 0.18689320388349515 0.23786407766990292