4 0.07552083333333333 0.12109375 0.15104166666666666 0.21614583333333334
4 0.2421875 0.12369791666666667 0.171875 0.2109375
4 0.4140625 0.1171875 0.171875 0.22395833333333334
4 0.5859375 0.1171875 0.171875 0.21875
4 0.7591145833333334 0.125 0.171875 0.21875
4 0.92578125 0.11979166666666667 0.1484375 0.21875
4 0.07421875 0.3411458333333333 0.1484375 0.21875
4 0.2421875 0.3450520833333333 0.171875 0.2109375
4 0.4127604166666667 0.3385416666666667 0.15885416666666666 0.2109375
4 0.5807291666666666 0.34375 0.16666666666666666 0.2109375
4 0.7565104166666666 0.34765625 0.16666666666666666 0.21614583333333334
4 0.9231770833333334 0.3463541666666667 0.15364583333333334 0.21875
4 0.07421875 0.5572916666666666 0.1484375 0.21354166666666666
4 0.23828125 0.5651041666666666 0.16927083333333334 0.2109375
4 0.4140625 0.5572916666666666 0.16666666666666666 0.2109375
4 0.5859375 0.5625 0.16666666666666666 0.2109375
4 0.7604166666666666 0.5690104166666666 0.171875 0.20833333333333334
4 0.9244791666666666 0.5677083333333334 0.15104166666666666 0.22395833333333334
4 0.07421875 0.7786458333333334 0.1484375 0.20833333333333334
4 0.23828125 0.7786458333333334 0.16927083333333334 0.20572916666666666
4 0.4127604166666667 0.7786458333333334 0.16927083333333334 0.21614583333333334
4 0.58203125 0.7799479166666666 0.1640625 0.203125
4 0.7591145833333334 0.78125 0.16927083333333334 0.20572916666666666
4 0.9244791666666666 0.7825520833333334 0.15104166666666666 0.2109375