4 0.07722513089005235 0.15575916230366493 0.1544502617801047 0.21727748691099477
4 0.24607329842931938 0.15837696335078533 0.17277486910994763 0.21204188481675393
4 0.418848167539267 0.1518324607329843 0.17277486910994763 0.225130890052356
4 0.5916230366492147 0.1518324607329843 0.17277486910994763 0.2198952879581152
4 0.7657068062827225 0.15968586387434555 0.17277486910994763 0.2198952879581152
4 0.9293193717277487 0.1544502617801047 0.14136125654450263 0.2198952879581152
4 0.07591623036649214 0.3769633507853403 0.1518324607329843 0.2198952879581152
4 0.24607329842931938 0.38089005235602097 0.17277486910994763 0.21204188481675393
4 0.4175392670157068 0.3743455497382199 0.15968586387434555 0.21204188481675393
4 0.5863874345549738 0.3795811518324607 0.16753926701570682 0.21204188481675393
4 0.7630890052356021 0.38350785340314136 0.16753926701570682 0.21727748691099477
4 0.9267015706806283 0.38219895287958117 0.14659685863874344 0.2198952879581152
4 0.07591623036649214 0.5942408376963351 0.1518324607329843 0.21465968586387435
4 0.24214659685863874 0.6020942408376964 0.17015706806282724 0.21204188481675393
4 0.418848167539267 0.5942408376963351 0.16753926701570682 0.21204188481675393
4 0.5916230366492147 0.599476439790576 0.16753926701570682 0.21204188481675393
4 0.7670157068062827 0.606020942408377 0.17277486910994763 0.2094240837696335
4 0.9280104712041884 0.6047120418848168 0.14397905759162305 0.225130890052356
4 0.07591623036649214 0.8167539267015707 0.1518324607329843 0.2094240837696335
4 0.24214659685863874 0.8167539267015707 0.17015706806282724 0.20680628272251309
4 0.4175392670157068 0.8167539267015707 0.17015706806282724 0.21727748691099477
4 0.587696335078534 0.8180628272251309 0.1649214659685864 0.20418848167539266
4 0.7657068062827225 0.819371727748691 0.17015706806282724 0.20680628272251309
4 0.9280104712041884 0.8206806282722513 0.14397905759162305 0.21204188481675393