0 0.1658653846153846 0.1045673076923077 0.20192307692307693 0.2091346153846154
0 0.3293269230769231 0.12980769230769232 0.19230769230769232 0.22115384615384615
0 0.48677884615384615 0.15504807692307693 0.19471153846153846 0.23317307692307693
0 0.6418269230769231 0.18509615384615385 0.19471153846153846 0.2283653846153846
0 0.7980769230769231 0.22235576923076922 0.19471153846153846 0.2283653846153846
0 0.9314903846153846 0.24879807692307693 0.13701923076923078 0.2283653846153846
0 0.12860576923076922 0.296875 0.1971153846153846 0.2283653846153846
0 0.29086538461538464 0.33052884615384615 0.19230769230769232 0.22115384615384615
0 0.44591346153846156 0.3545673076923077 0.18028846153846154 0.21875
0 0.5973557692307693 0.3894230769230769 0.1875 0.22115384615384615
0 0.7560096153846154 0.4230769230769231 0.18990384615384615 0.22596153846153846
0 0.9086538461538461 0.453125 0.18269230769230768 0.2283653846153846
0 0.09254807692307693 0.49158653846153844 0.18509615384615385 0.22355769230769232
0 0.24759615384615385 0.5288461538461539 0.18990384615384615 0.22115384615384615
0 0.40865384615384615 0.5528846153846154 0.1875 0.22115384615384615
0 0.5637019230769231 0.5877403846153846 0.1875 0.22115384615384615
0 0.7211538461538461 0.625 0.19230769230769232 0.21875
0 0.8798076923076923 0.6550480769230769 0.19471153846153846 0.23317307692307693
0 0.0733173076923077 0.6935096153846154 0.1466346153846154 0.21875
0 0.21033653846153846 0.7223557692307693 0.18990384615384615 0.21634615384615385
0 0.36899038461538464 0.7536057692307693 0.19230769230769232 0.22596153846153846
0 0.5216346153846154 0.7848557692307693 0.18509615384615385 0.21394230769230768
0 0.6814903846153846 0.8173076923076923 0.18990384615384615 0.21634615384615385
0 0.84375 0.8509615384615384 0.1971153846153846 0.22115384615384615