0 0.0829326923076923 0.1875 0.1658653846153846 0.20673076923076922
0 0.24519230769230768 0.18269230769230768 0.16826923076923078 0.20192307692307693
0 0.4026442307692308 0.16826923076923078 0.16826923076923078 0.21394230769230768
0 0.5612980769230769 0.15985576923076922 0.16826923076923078 0.2091346153846154
0 0.7211538461538461 0.15865384615384615 0.16826923076923078 0.2091346153846154
0 0.8882211538461539 0.14543269230769232 0.17307692307692307 0.2091346153846154
0 0.09014423076923077 0.39302884615384615 0.17067307692307693 0.2091346153846154
0 0.25600961538461536 0.3870192307692308 0.16826923076923078 0.20192307692307693
0 0.41225961538461536 0.37259615384615385 0.15625 0.20192307692307693
0 0.5673076923076923 0.36899038461538464 0.16346153846153846 0.20192307692307693
0 0.7295673076923077 0.3641826923076923 0.16346153846153846 0.20673076923076922
0 0.8942307692307693 0.3545673076923077 0.17307692307692307 0.2091346153846154
0 0.10096153846153846 0.5925480769230769 0.16826923076923078 0.20432692307692307
0 0.26322115384615385 0.5889423076923077 0.1658653846153846 0.20192307692307693
0 0.42427884615384615 0.5733173076923077 0.16346153846153846 0.20192307692307693
0 0.5829326923076923 0.5697115384615384 0.16346153846153846 0.20192307692307693
0 0.7439903846153846 0.5673076923076923 0.16826923076923078 0.19951923076923078
0 0.90625 0.5576923076923077 0.16826923076923078 0.21394230769230768
0 0.11057692307692307 0.7956730769230769 0.16826923076923078 0.19951923076923078
0 0.27283653846153844 0.7860576923076923 0.1658653846153846 0.1971153846153846
0 0.4338942307692308 0.7776442307692307 0.1658653846153846 0.20673076923076922
0 0.5901442307692307 0.7704326923076923 0.16105769230769232 0.19471153846153846
0 0.7536057692307693 0.7632211538461539 0.1658653846153846 0.1971153846153846
0 0.9158653846153846 0.7572115384615384 0.16826923076923078 0.20192307692307693