4 0.09263959390862944 0.15862944162436549 0.1751269035532995 0.21065989847715735
4 0.26903553299492383 0.16116751269035534 0.16751269035532995 0.20558375634517767
4 0.4365482233502538 0.1548223350253807 0.16751269035532995 0.2182741116751269
4 0.6040609137055838 0.1548223350253807 0.16751269035532995 0.2131979695431472
4 0.7728426395939086 0.16243654822335024 0.16751269035532995 0.2131979695431472
4 0.9314720812182741 0.15736040609137056 0.13705583756345177 0.2131979695431472
4 0.09390862944162437 0.3743654822335025 0.1700507614213198 0.2131979695431472
4 0.26903553299492383 0.3769035532994924 0.16751269035532995 0.20558375634517767
4 0.4352791878172589 0.37055837563451777 0.1548223350253807 0.20558375634517767
4 0.5989847715736041 0.3756345177664975 0.16243654822335024 0.20558375634517767
4 0.7703045685279187 0.37944162436548223 0.16243654822335024 0.21065989847715735
4 0.9289340101522843 0.37817258883248733 0.14213197969543148 0.2131979695431472
4 0.09390862944162437 0.5850253807106599 0.16751269035532995 0.20812182741116753
4 0.2652284263959391 0.5913705583756346 0.1649746192893401 0.20558375634517767
4 0.4365482233502538 0.583756345177665 0.16243654822335024 0.20558375634517767
4 0.6040609137055838 0.5888324873096447 0.16243654822335024 0.20558375634517767
4 0.7741116751269036 0.5951776649746193 0.16751269035532995 0.20304568527918782
4 0.9302030456852792 0.5939086294416244 0.13959390862944163 0.2182741116751269
4 0.09390862944162437 0.800761421319797 0.16751269035532995 0.20304568527918782
4 0.2652284263959391 0.799492385786802 0.1649746192893401 0.20050761421319796
4 0.4352791878172589 0.799492385786802 0.1649746192893401 0.21065989847715735
4 0.600253807106599 0.800761421319797 0.1598984771573604 0.19796954314720813
4 0.7728426395939086 0.8020304568527918 0.1649746192893401 0.20050761421319796
4 0.9302030456852792 0.8032994923857868 0.13959390862944163 0.20558375634517767