0 0.06971153846153846 0.24879807692307693 0.13942307692307693 0.2283653846153846
0 0.203125 0.22115384615384615 0.19230769230769232 0.22115384615384615
0 0.3581730769230769 0.18509615384615385 0.19471153846153846 0.23317307692307693
0 0.5132211538461539 0.15504807692307693 0.19471153846153846 0.2283653846153846
0 0.671875 0.1310096153846154 0.19471153846153846 0.2283653846153846
0 0.8353365384615384 0.1045673076923077 0.19951923076923078 0.2091346153846154
0 0.0889423076923077 0.45072115384615385 0.1778846153846154 0.2283653846153846
0 0.24278846153846154 0.421875 0.19230769230769232 0.22115384615384615
0 0.3954326923076923 0.3858173076923077 0.18028846153846154 0.21875
0 0.5492788461538461 0.3605769230769231 0.1875 0.22115384615384615
0 0.7091346153846154 0.3329326923076923 0.18990384615384615 0.22596153846153846
0 0.8701923076923077 0.3004807692307692 0.19951923076923078 0.2283653846153846
0 0.11658653846153846 0.6466346153846154 0.19230769230769232 0.22355769230769232
0 0.2776442307692308 0.6213942307692307 0.18990384615384615 0.22115384615384615
0 0.43509615384615385 0.5841346153846154 0.1875 0.22115384615384615
0 0.5925480769230769 0.5576923076923077 0.1875 0.22115384615384615
0 0.7512019230769231 0.5336538461538461 0.19230769230769232 0.21875
0 0.90625 0.5012019230769231 0.1875 0.23317307692307693
0 0.15625 0.8473557692307693 0.19230769230769232 0.21875
0 0.31490384615384615 0.8149038461538461 0.18990384615384615 0.21634615384615385
0 0.4735576923076923 0.7848557692307693 0.19230769230769232 0.22596153846153846
0 0.6274038461538461 0.7560096153846154 0.18509615384615385 0.21394230769230768
0 0.7872596153846154 0.7259615384615384 0.18990384615384615 0.21634615384615385
0 0.9254807692307693 0.6971153846153846 0.14903846153846154 0.22115384615384615