0 0.07572115384615384 0.21754807692307693 0.15144230769230768 0.21875
0 0.22355769230769232 0.20072115384615385 0.18028846153846154 0.21153846153846154
0 0.3798076923076923 0.17548076923076922 0.18269230769230768 0.22355769230769232
0 0.5372596153846154 0.15625 0.18269230769230768 0.21875
0 0.6971153846153846 0.14423076923076922 0.18269230769230768 0.21875
0 0.8629807692307693 0.11899038461538461 0.1875 0.22115384615384615
0 0.08774038461538461 0.4206730769230769 0.17548076923076922 0.22115384615384615
0 0.24879807692307693 0.40384615384615385 0.18028846153846154 0.21153846153846154
0 0.40384615384615385 0.3786057692307692 0.16826923076923078 0.21153846153846154
0 0.5588942307692307 0.3641826923076923 0.17548076923076922 0.21153846153846154
0 0.7199519230769231 0.3485576923076923 0.1778846153846154 0.21634615384615385
0 0.8834134615384616 0.3269230769230769 0.1875 0.22115384615384615
0 0.10817307692307693 0.6201923076923077 0.18269230769230768 0.21394230769230768
0 0.2692307692307692 0.6057692307692307 0.1778846153846154 0.21153846153846154
0 0.43028846153846156 0.5793269230769231 0.17548076923076922 0.21153846153846154
0 0.5877403846153846 0.5637019230769231 0.17548076923076922 0.21153846153846154
0 0.7487980769230769 0.5504807692307693 0.18028846153846154 0.2091346153846154
0 0.9086538461538461 0.5300480769230769 0.18269230769230768 0.22355769230769232
0 0.13221153846153846 0.8221153846153846 0.18028846153846154 0.2091346153846154
0 0.2932692307692308 0.8016826923076923 0.1778846153846154 0.20673076923076922
0 0.453125 0.78125 0.18028846153846154 0.21634615384615385
0 0.6081730769230769 0.7644230769230769 0.17307692307692307 0.20432692307692307
0 0.7716346153846154 0.7451923076923077 0.1778846153846154 0.20673076923076922
0 0.9206730769230769 0.7271634615384616 0.15865384615384615 0.21394230769230768