5 0.46019553072625696 0.19214659685863875 0.055167597765363126 0.12879581151832462
5 0.5223463687150838 0.18795811518324607 0.04958100558659218 0.12198952879581151
5 0.5712290502793296 0.19214659685863875 0.05097765363128492 0.13350785340314136
5 0.6333798882681564 0.18534031413612564 0.05726256983240224 0.12670157068062826
5 0.6948324022346368 0.18586387434554974 0.05865921787709497 0.12094240837696335
5 0.7548882681564246 0.17853403141361257 0.05865921787709497 0.13926701570680627
5 0.8282122905027933 0.17277486910994763 0.06284916201117319 0.1356020942408377
5 0.8987430167597765 0.17539267015706805 0.05865921787709497 0.14973821989528796
5 0.971717877094972 0.16230366492146597 0.05656424581005587 0.15078534031413612
18 0.06215083798882681 0.21413612565445025 0.04539106145251397 0.09581151832460733
18 0.02653631284916201 0.21465968586387435 0.040502793296089384 0.09476439790575916