5 0.4772135416666667 0.2197265625 0.051432291666666664 0.1201171875
5 0.53515625 0.2158203125 0.046223958333333336 0.11376953125
5 0.5807291666666666 0.2197265625 0.047526041666666664 0.12451171875
5 0.638671875 0.21337890625 0.053385416666666664 0.1181640625
5 0.6959635416666666 0.2138671875 0.0546875 0.11279296875
5 0.751953125 0.20703125 0.0546875 0.1298828125
5 0.8203125 0.20166015625 0.05859375 0.12646484375
5 0.8860677083333334 0.2041015625 0.0546875 0.1396484375
5 0.95703125 0.19189453125 0.05859375 0.140625
18 0.10611979166666667 0.240234375 0.042317708333333336 0.08935546875
18 0.07291666666666667 0.24072265625 0.037760416666666664 0.08837890625
18 0.026692708333333332 0.24658203125 0.033203125 0.08740234375