5 0.5035971223021583 0.16936353829557713 0.05683453237410072 0.13268608414239483
5 0.5676258992805755 0.1650485436893204 0.05107913669064748 0.1256742179072276
5 0.6179856115107913 0.16936353829557713 0.05251798561151079 0.13754045307443366
5 0.6820143884892086 0.16235167206040993 0.058992805755395686 0.13052858683926646
5 0.7453237410071942 0.162891046386192 0.060431654676258995 0.12459546925566344
5 0.8071942446043165 0.1553398058252427 0.060431654676258995 0.14347357065803668
5 0.8827338129496403 0.1494066882416397 0.06474820143884892 0.13969795037756202
5 0.9553956834532374 0.15210355987055016 0.060431654676258995 0.15426105717367852
18 0.09352517985611511 0.19201725997842503 0.046762589928057555 0.09870550161812297
18 0.05683453237410072 0.1925566343042071 0.041726618705035974 0.09762675296655879
18 0.011870503597122302 0.19875943905070118 0.023741007194244605 0.0965480043149946