4 0.09375 0.3076923076923077 0.16346153846153846 0.3317307692307692
4 0.25961538461538464 0.3137019230769231 0.15865384615384615 0.3389423076923077
4 0.421875 0.3161057692307692 0.15625 0.3125
4 0.5805288461538461 0.31490384615384615 0.15625 0.31971153846153844
4 0.09375 0.6394230769230769 0.15625 0.3293269230769231
4 0.25721153846153844 0.6418269230769231 0.15625 0.3293269230769231
4 0.4206730769230769 0.6418269230769231 0.15625 0.31490384615384615
4 0.5793269230769231 0.6442307692307693 0.15384615384615385 0.3293269230769231
4 0.7427884615384616 0.32091346153846156 0.15865384615384615 0.32211538461538464
4 0.7403846153846154 0.6526442307692307 0.15625 0.31971153846153844
4 0.9074519230769231 0.3173076923076923 0.16346153846153846 0.3269230769230769
4 0.9050480769230769 0.6502403846153846 0.15865384615384615 0.31971153846153844