4 0.08723958333333333 0.2708333333333333 0.17447916666666666 0.359375
4 0.265625 0.27734375 0.171875 0.3671875
4 0.44140625 0.2799479166666667 0.16927083333333334 0.3385416666666667
4 0.61328125 0.2786458333333333 0.16927083333333334 0.3463541666666667
4 0.0859375 0.6302083333333334 0.16927083333333334 0.3567708333333333
4 0.2630208333333333 0.6328125 0.16927083333333334 0.3567708333333333
4 0.4401041666666667 0.6328125 0.16927083333333334 0.3411458333333333
4 0.6119791666666666 0.6354166666666666 0.16666666666666666 0.3567708333333333
4 0.7890625 0.28515625 0.171875 0.3489583333333333
4 0.7864583333333334 0.64453125 0.16927083333333334 0.3463541666666667
4 0.9388020833333334 0.28125 0.12239583333333333 0.3541666666666667
4 0.9388020833333334 0.6419270833333334 0.12239583333333333 0.3463541666666667