4 0.08866995073891626 0.3078817733990148 0.16748768472906403 0.3399014778325123
4 0.25862068965517243 0.31403940886699505 0.1625615763546798 0.3472906403940887
4 0.4248768472906404 0.31650246305418717 0.16009852216748768 0.32019704433497537
4 0.5874384236453202 0.31527093596059114 0.16009852216748768 0.3275862068965517
4 0.08866995073891626 0.6477832512315271 0.16009852216748768 0.3374384236453202
4 0.2561576354679803 0.6502463054187192 0.16009852216748768 0.3374384236453202
4 0.4236453201970443 0.6502463054187192 0.16009852216748768 0.3226600985221675
4 0.5862068965517241 0.6527093596059114 0.15763546798029557 0.3374384236453202
4 0.7536945812807881 0.32142857142857145 0.1625615763546798 0.33004926108374383
4 0.7512315270935961 0.6613300492610837 0.16009852216748768 0.3275862068965517
4 0.9187192118226601 0.31773399014778325 0.1625615763546798 0.33497536945812806
4 0.9187192118226601 0.6588669950738916 0.1625615763546798 0.3275862068965517