4 0.0793010752688172 0.28763440860215056 0.1586021505376344 0.3709677419354839
4 0.25268817204301075 0.29435483870967744 0.1774193548387097 0.3790322580645161
4 0.43413978494623656 0.2970430107526882 0.17473118279569894 0.34946236559139787
4 0.6115591397849462 0.2956989247311828 0.17473118279569894 0.3575268817204301
4 0.07661290322580645 0.657258064516129 0.1532258064516129 0.3682795698924731
4 0.25 0.6612903225806451 0.17473118279569894 0.3682795698924731
4 0.4327956989247312 0.6612903225806451 0.17473118279569894 0.3521505376344086
4 0.6102150537634409 0.6639784946236559 0.17204301075268819 0.3682795698924731
4 0.793010752688172 0.3024193548387097 0.1774193548387097 0.3602150537634409
4 0.7903225806451613 0.6733870967741935 0.17473118279569894 0.3575268817204301
4 0.9422043010752689 0.29838709677419356 0.11559139784946236 0.3655913978494624
4 0.9422043010752689 0.6706989247311828 0.11559139784946236 0.3575268817204301