0 0.12860576923076922 0.24639423076923078 0.21394230769230768 0.35336538461538464
0 0.2920673076923077 0.27884615384615385 0.2091346153846154 0.3605769230769231
0 0.4519230769230769 0.30649038461538464 0.20432692307692307 0.33413461538461536
0 0.6081730769230769 0.3293269230769231 0.20432692307692307 0.34134615384615385
0 0.09014423076923077 0.5733173076923077 0.18028846153846154 0.3485576923076923
0 0.23798076923076922 0.6021634615384616 0.20673076923076922 0.3485576923076923
0 0.39903846153846156 0.6274038461538461 0.20432692307692307 0.33653846153846156
0 0.5552884615384616 0.6550480769230769 0.20432692307692307 0.3485576923076923
0 0.7680288461538461 0.3605769230769231 0.20673076923076922 0.34375
0 0.7139423076923077 0.6887019230769231 0.20432692307692307 0.34134615384615385
0 0.9122596153846154 0.38341346153846156 0.17548076923076922 0.3485576923076923
0 0.8762019230769231 0.7115384615384616 0.20673076923076922 0.34134615384615385