0 0.08774038461538461 0.3737980769230769 0.17548076923076922 0.35336538461538464
0 0.23317307692307693 0.35336538461538464 0.2091346153846154 0.3605769230769231
0 0.3942307692307692 0.33052884615384615 0.20432692307692307 0.33413461538461536
0 0.5504807692307693 0.30408653846153844 0.20432692307692307 0.34134615384615385
0 0.1201923076923077 0.7007211538461539 0.20673076923076922 0.3485576923076923
0 0.2824519230769231 0.6778846153846154 0.20673076923076922 0.3485576923076923
0 0.44350961538461536 0.6526442307692307 0.20432692307692307 0.33653846153846156
0 0.6009615384615384 0.6298076923076923 0.20432692307692307 0.3485576923076923
0 0.7115384615384616 0.2848557692307692 0.20673076923076922 0.34375
0 0.7608173076923077 0.6129807692307693 0.20432692307692307 0.34134615384615385
0 0.8737980769230769 0.25600961538461536 0.21153846153846154 0.3485576923076923
0 0.9098557692307693 0.5841346153846154 0.18028846153846154 0.34134615384615385