4 0.0703125 0.2578125 0.140625 0.359375
4 0.23177083333333334 0.2643229166666667 0.171875 0.3671875
4 0.4075520833333333 0.2669270833333333 0.16927083333333334 0.3385416666666667
4 0.5794270833333334 0.265625 0.16927083333333334 0.3463541666666667
4 0.06770833333333333 0.6158854166666666 0.13541666666666666 0.3567708333333333
4 0.22916666666666666 0.6197916666666666 0.16927083333333334 0.3567708333333333
4 0.40625 0.6197916666666666 0.16927083333333334 0.3411458333333333
4 0.578125 0.6223958333333334 0.16666666666666666 0.3567708333333333
4 0.7552083333333334 0.2721354166666667 0.171875 0.3489583333333333
4 0.7526041666666666 0.6315104166666666 0.16927083333333334 0.3463541666666667
4 0.921875 0.2682291666666667 0.15625 0.3541666666666667
4 0.921875 0.62890625 0.15625 0.3463541666666667