4 0.06710526315789474 0.29210526315789476 0.13421052631578947 0.3631578947368421
4 0.22631578947368422 0.2986842105263158 0.1736842105263158 0.37105263157894736
4 0.4039473684210526 0.3013157894736842 0.17105263157894737 0.34210526315789475
4 0.5776315789473684 0.3 0.17105263157894737 0.35
4 0.06447368421052632 0.6539473684210526 0.12894736842105264 0.3605263157894737
4 0.2236842105263158 0.6578947368421053 0.17105263157894737 0.3605263157894737
4 0.4026315789473684 0.6578947368421053 0.17105263157894737 0.3447368421052632
4 0.5763157894736842 0.6605263157894737 0.16842105263157894 0.3605263157894737
4 0.7552631578947369 0.30657894736842106 0.1736842105263158 0.3526315789473684
4 0.7526315789473684 0.6697368421052632 0.17105263157894737 0.35
4 0.9223684210526316 0.3026315789473684 0.15526315789473685 0.35789473684210527
4 0.9223684210526316 0.6671052631578948 0.15526315789473685 0.35