4 0.07160804020100503 0.2989949748743719 0.14321608040201006 0.34673366834170855
4 0.23115577889447236 0.30527638190954776 0.1658291457286432 0.3542713567839196
4 0.4007537688442211 0.30778894472361806 0.16331658291457288 0.32663316582914576
4 0.5665829145728644 0.3065326633165829 0.16331658291457288 0.3341708542713568
4 0.06909547738693467 0.6444723618090452 0.13819095477386933 0.3442211055276382
4 0.228643216080402 0.6482412060301508 0.16331658291457288 0.3442211055276382
4 0.39949748743718594 0.6482412060301508 0.16331658291457288 0.32914572864321606
4 0.5653266331658291 0.6507537688442211 0.16080402010050251 0.3442211055276382
4 0.7361809045226131 0.3128140703517588 0.1658291457286432 0.33668341708542715
4 0.7336683417085427 0.6595477386934674 0.16331658291457288 0.3341708542713568
4 0.9082914572864321 0.30904522613065327 0.1708542713567839 0.3417085427135678
4 0.9057788944723618 0.657035175879397 0.1658291457286432 0.3341708542713568