0 0.10336538461538461 0.25 0.20673076923076922 0.25961538461538464
0 0.296875 0.24879807692307693 0.19471153846153846 0.25240384615384615
0 0.109375 0.5072115384615384 0.19951923076923078 0.25721153846153844
0 0.11658653846153846 0.7560096153846154 0.19471153846153846 0.25
0 0.30528846153846156 0.49759615384615385 0.19471153846153846 0.25240384615384615
0 0.3137019230769231 0.7463942307692307 0.19471153846153846 0.24759615384615385
0 0.4891826923076923 0.24519230769230768 0.19471153846153846 0.2548076923076923
0 0.4987980769230769 0.49038461538461536 0.19471153846153846 0.25240384615384615
0 0.5072115384615384 0.7367788461538461 0.1875 0.25
0 0.6814903846153846 0.2403846153846154 0.1971153846153846 0.24759615384615385
0 0.6923076923076923 0.49038461538461536 0.19230769230769232 0.24278846153846154
0 0.6995192307692307 0.734375 0.19230769230769232 0.23557692307692307
0 0.8954326923076923 0.7247596153846154 0.19951923076923078 0.25240384615384615
0 0.890625 0.48197115384615385 0.20432692307692307 0.2548076923076923
0 0.8774038461538461 0.22716346153846154 0.19471153846153846 0.24759615384615385