4 0.10372340425531915 0.25398936170212766 0.2074468085106383 0.27925531914893614
4 0.31382978723404253 0.25930851063829785 0.2047872340425532 0.2712765957446808
4 0.10106382978723404 0.5372340425531915 0.20212765957446807 0.2765957446808511
4 0.09973404255319149 0.8125 0.19946808510638298 0.26861702127659576
4 0.31382978723404253 0.5345744680851063 0.2047872340425532 0.2712765957446808
4 0.31382978723404253 0.8098404255319149 0.2074468085106383 0.26595744680851063
4 0.526595744680851 0.2632978723404255 0.2047872340425532 0.27393617021276595
4 0.5279255319148937 0.5345744680851063 0.2047872340425532 0.2712765957446808
4 0.5279255319148937 0.8071808510638298 0.19946808510638298 0.26861702127659576
4 0.7393617021276596 0.2646276595744681 0.21010638297872342 0.26595744680851063
4 0.7420212765957447 0.5425531914893617 0.2047872340425532 0.26063829787234044
4 0.7406914893617021 0.8125 0.2047872340425532 0.2526595744680851
4 0.925531914893617 0.8085106382978723 0.14893617021276595 0.2712765957446808
4 0.9268617021276596 0.538563829787234 0.14627659574468085 0.27393617021276595
4 0.9268617021276596 0.2579787234042553 0.14627659574468085 0.26595744680851063