0 0.1875 0.1502403846153846 0.25240384615384615 0.2932692307692308
0 0.3737980769230769 0.20192307692307693 0.23798076923076922 0.28365384615384615
0 0.12259615384615384 0.40024038461538464 0.24519230769230768 0.28846153846153844
0 0.09014423076923077 0.640625 0.18028846153846154 0.28125
0 0.3137019230769231 0.44350961538461536 0.23798076923076922 0.28365384615384615
0 0.2536057692307692 0.6850961538461539 0.2403846153846154 0.27884615384615385
0 0.5588942307692307 0.25240384615384615 0.2403846153846154 0.2860576923076923
0 0.5012019230769231 0.49038461538461536 0.23798076923076922 0.28365384615384615
0 0.4411057692307692 0.7295673076923077 0.23317307692307693 0.27884615384615385
0 0.7451923076923077 0.29927884615384615 0.24278846153846154 0.27884615384615385
0 0.6875 0.5444711538461539 0.23557692307692307 0.27403846153846156
0 0.6274038461538461 0.7800480769230769 0.23557692307692307 0.2668269230769231
0 0.8185096153846154 0.8245192307692307 0.24278846153846154 0.28365384615384615
0 0.8774038461538461 0.5889423076923077 0.24519230769230768 0.28846153846153844
0 0.9086538461538461 0.34134615384615385 0.18269230769230768 0.27884615384615385