4 0.1104368932038835 0.2366504854368932 0.19902912621359223 0.25485436893203883
4 0.3058252427184466 0.24150485436893204 0.18689320388349515 0.24757281553398058
4 0.10800970873786407 0.4963592233009709 0.19174757281553398 0.2524271844660194
4 0.10679611650485436 0.7475728155339806 0.18932038834951456 0.24514563106796117
4 0.3058252427184466 0.49271844660194175 0.18689320388349515 0.24757281553398058
4 0.3058252427184466 0.7439320388349514 0.18932038834951456 0.24271844660194175
4 0.5 0.24514563106796117 0.18689320388349515 0.25
4 0.5012135922330098 0.49271844660194175 0.18689320388349515 0.24757281553398058
4 0.5012135922330098 0.741504854368932 0.1820388349514563 0.24514563106796117
4 0.6941747572815534 0.24635922330097088 0.19174757281553398 0.24271844660194175
4 0.6966019417475728 0.5 0.18689320388349515 0.23786407766990292
4 0.6953883495145631 0.7463592233009708 0.18689320388349515 0.23058252427184467
4 0.8932038834951457 0.7427184466019418 0.19174757281553398 0.24757281553398058
4 0.8968446601941747 0.4975728155339806 0.1966019417475728 0.25
4 0.8932038834951457 0.24029126213592233 0.18932038834951456 0.24271844660194175