4 0.10175879396984924 0.24748743718592964 0.20351758793969849 0.2638190954773869
4 0.30402010050251255 0.25251256281407036 0.1934673366834171 0.2562814070351759
4 0.0992462311557789 0.5163316582914573 0.1984924623115578 0.2613065326633166
4 0.09798994974874371 0.7763819095477387 0.19597989949748743 0.2537688442211055
4 0.30402010050251255 0.5125628140703518 0.1934673366834171 0.2562814070351759
4 0.30402010050251255 0.7726130653266332 0.19597989949748743 0.25125628140703515
4 0.5050251256281407 0.2562814070351759 0.1934673366834171 0.25879396984924624
4 0.5062814070351759 0.5125628140703518 0.1934673366834171 0.2562814070351759
4 0.5062814070351759 0.7701005025125628 0.1884422110552764 0.2537688442211055
4 0.7060301507537688 0.25753768844221103 0.1984924623115578 0.25125628140703515
4 0.7085427135678392 0.5201005025125628 0.1934673366834171 0.24623115577889448
4 0.707286432160804 0.7751256281407035 0.1934673366834171 0.23869346733668342
4 0.9057788944723618 0.7713567839195979 0.1884422110552764 0.2562814070351759
4 0.907035175879397 0.5163316582914573 0.18592964824120603 0.25879396984924624
4 0.907035175879397 0.25125628140703515 0.18592964824120603 0.25125628140703515