4 0.07180851063829788 0.16356382978723405 0.14361702127659576 0.27925531914893614
4 0.25 0.16888297872340424 0.2047872340425532 0.2712765957446808
4 0.06914893617021277 0.44680851063829785 0.13829787234042554 0.2765957446808511
4 0.0678191489361702 0.7220744680851063 0.1356382978723404 0.26861702127659576
4 0.25 0.4441489361702128 0.2047872340425532 0.2712765957446808
4 0.25 0.7194148936170213 0.2074468085106383 0.26595744680851063
4 0.4627659574468085 0.17287234042553193 0.2047872340425532 0.27393617021276595
4 0.4640957446808511 0.4441489361702128 0.2047872340425532 0.2712765957446808
4 0.4640957446808511 0.7167553191489362 0.19946808510638298 0.26861702127659576
4 0.675531914893617 0.17420212765957446 0.21010638297872342 0.26595744680851063
4 0.6781914893617021 0.4521276595744681 0.2047872340425532 0.26063829787234044
4 0.6768617021276596 0.7220744680851063 0.2047872340425532 0.2526595744680851
4 0.8936170212765957 0.7180851063829787 0.21010638297872342 0.2712765957446808
4 0.8949468085106383 0.44813829787234044 0.21010638297872342 0.27393617021276595
4 0.8936170212765957 0.1675531914893617 0.2074468085106383 0.26595744680851063