4 0.12165775401069519 0.16176470588235295 0.2192513368983957 0.2807486631016043
4 0.33689839572192515 0.16711229946524064 0.20588235294117646 0.2727272727272727
4 0.11898395721925134 0.44786096256684493 0.21122994652406418 0.27807486631016043
4 0.11764705882352941 0.7245989304812834 0.20855614973262032 0.2700534759358289
4 0.33689839572192515 0.44385026737967914 0.20588235294117646 0.2727272727272727
4 0.33689839572192515 0.7205882352941176 0.20855614973262032 0.26737967914438504
4 0.5508021390374331 0.1711229946524064 0.20588235294117646 0.27540106951871657
4 0.5521390374331551 0.44385026737967914 0.20588235294117646 0.2727272727272727
4 0.5521390374331551 0.7179144385026738 0.20053475935828877 0.2700534759358289
4 0.7647058823529411 0.17245989304812834 0.21122994652406418 0.26737967914438504
4 0.767379679144385 0.45187165775401067 0.20588235294117646 0.2620320855614973
4 0.766042780748663 0.7232620320855615 0.20588235294117646 0.2540106951871658
4 0.9385026737967914 0.7192513368983957 0.12299465240641712 0.2727272727272727
4 0.9398395721925134 0.44786096256684493 0.12032085561497326 0.27540106951871657
4 0.9398395721925134 0.1657754010695187 0.12032085561497326 0.26737967914438504