4 0.27631578947368424 0.19473684210526315 0.2026315789473684 0.26052631578947366
4 0.475 0.19078947368421054 0.19210526315789472 0.26842105263157895
4 0.6631578947368421 0.19078947368421054 0.19210526315789472 0.2578947368421053
4 0.1763157894736842 0.45789473684210524 0.19736842105263158 0.2657894736842105
4 0.37894736842105264 0.45789473684210524 0.19473684210526315 0.2631578947368421
4 0.575 0.45394736842105265 0.19473684210526315 0.26052631578947366
4 0.7736842105263158 0.45526315789473687 0.19736842105263158 0.2631578947368421
4 0.08552631578947369 0.7210526315789474 0.17105263157894737 0.26842105263157895
4 0.2736842105263158 0.7223684210526315 0.19473684210526315 0.2631578947368421
4 0.4776315789473684 0.7223684210526315 0.19736842105263158 0.2631578947368421
4 0.675 0.7210526315789474 0.19210526315789472 0.2578947368421053
4 0.8710526315789474 0.7197368421052631 0.2 0.26842105263157895