4 0.30402010050251255 0.1984924623115578 0.1934673366834171 0.24874371859296482
4 0.4937185929648241 0.19472361809045227 0.18341708542713567 0.2562814070351759
4 0.6733668341708543 0.19472361809045227 0.18341708542713567 0.24623115577889448
4 0.20854271356783918 0.44974874371859297 0.1884422110552764 0.2537688442211055
4 0.4020100502512563 0.44974874371859297 0.18592964824120603 0.25125628140703515
4 0.5891959798994975 0.44597989949748745 0.18592964824120603 0.24874371859296482
4 0.7788944723618091 0.4472361809045226 0.1884422110552764 0.25125628140703515
4 0.1092964824120603 0.7022613065326633 0.1884422110552764 0.2562814070351759
4 0.3015075376884422 0.7022613065326633 0.18592964824120603 0.25125628140703515
4 0.4962311557788945 0.7022613065326633 0.1884422110552764 0.25125628140703515
4 0.6846733668341709 0.7010050251256281 0.18341708542713567 0.24623115577889448
4 0.871859296482412 0.699748743718593 0.19095477386934673 0.2562814070351759