4 0.3412698412698413 0.18783068783068782 0.2037037037037037 0.2619047619047619
4 0.541005291005291 0.18386243386243387 0.1931216931216931 0.2698412698412698
4 0.7301587301587301 0.18386243386243387 0.1931216931216931 0.25925925925925924
4 0.24074074074074073 0.4523809523809524 0.1984126984126984 0.2671957671957672
4 0.4444444444444444 0.4523809523809524 0.19576719576719576 0.26455026455026454
4 0.6415343915343915 0.44841269841269843 0.19576719576719576 0.2619047619047619
4 0.8412698412698413 0.4497354497354497 0.1984126984126984 0.26455026455026454
4 0.13624338624338625 0.7182539682539683 0.1984126984126984 0.2698412698412698
4 0.3386243386243386 0.7182539682539683 0.19576719576719576 0.26455026455026454
4 0.5436507936507936 0.7182539682539683 0.1984126984126984 0.26455026455026454
4 0.7420634920634921 0.716931216931217 0.1931216931216931 0.25925925925925924
4 0.9193121693121693 0.7142857142857143 0.16137566137566137 0.2698412698412698