0 0.2692307692307692 0.2439903846153846 0.22596153846153846 0.2692307692307692
0 0.44591346153846156 0.20552884615384615 0.21875 0.27403846153846156
0 0.6153846153846154 0.17307692307692307 0.21634615384615385 0.2644230769230769
0 0.2247596153846154 0.49759615384615385 0.22355769230769232 0.27163461538461536
0 0.4074519230769231 0.46153846153846156 0.22115384615384615 0.2692307692307692
0 0.5817307692307693 0.42427884615384615 0.22115384615384615 0.2668269230769231
0 0.7608173076923077 0.390625 0.22355769230769232 0.2692307692307692
0 0.1778846153846154 0.7524038461538461 0.22355769230769232 0.27403846153846156
0 0.3581730769230769 0.7175480769230769 0.22115384615384615 0.2692307692307692
0 0.5408653846153846 0.6814903846153846 0.22355769230769232 0.2692307692307692
0 0.71875 0.6466346153846154 0.21634615384615385 0.2644230769230769
0 0.890625 0.609375 0.21875 0.2764423076923077