0 0.25961538461538464 0.25240384615384615 0.23317307692307693 0.27403846153846156
0 0.4362980769230769 0.20793269230769232 0.22596153846153846 0.27884615384615385
0 0.6033653846153846 0.16947115384615385 0.22355769230769232 0.2692307692307692
0 0.2247596153846154 0.5072115384615384 0.23076923076923078 0.2764423076923077
0 0.4050480769230769 0.4651442307692308 0.2283653846153846 0.27403846153846156
0 0.5793269230769231 0.4206730769230769 0.22596153846153846 0.27163461538461536
0 0.7560096153846154 0.38100961538461536 0.23076923076923078 0.27403846153846156
0 0.1875 0.7632211538461539 0.23076923076923078 0.27884615384615385
0 0.36658653846153844 0.7223557692307693 0.2283653846153846 0.27403846153846156
0 0.5480769230769231 0.6802884615384616 0.23076923076923078 0.27403846153846156
0 0.7235576923076923 0.6382211538461539 0.22355769230769232 0.2692307692307692
0 0.890625 0.5961538461538461 0.21875 0.27884615384615385