4 0.075 0.05921052631578947 0.15 0.11842105263157894
4 0.09078947368421053 0.2710526315789474 0.18157894736842106 0.3157894736842105
4 0.09736842105263158 0.5671052631578948 0.19473684210526315 0.29736842105263156
4 0.3078947368421053 0.04736842105263158 0.30526315789473685 0.09473684210526316
4 0.6157894736842106 0.04736842105263158 0.32105263157894737 0.09473684210526316
4 0.8907894736842106 0.04342105263157895 0.21842105263157896 0.0868421052631579
4 0.2986842105263158 0.2644736842105263 0.23157894736842105 0.3131578947368421
4 0.5407894736842105 0.26052631578947366 0.24473684210526317 0.3236842105263158
4 0.7907894736842105 0.2565789473684211 0.25263157894736843 0.33157894736842103
4 0.9578947368421052 0.2578947368421053 0.08421052631578947 0.3526315789473684
4 0.09736842105263158 0.5684210526315789 0.19473684210526315 0.29473684210526313
4 0.3447368421052632 0.5710526315789474 0.28421052631578947 0.30526315789473685
4 0.6447368421052632 0.5802631578947368 0.3263157894736842 0.3368421052631579
4 0.906578947368421 0.5881578947368421 0.1868421052631579 0.3236842105263158
4 0.11842105263157894 0.8486842105263158 0.21578947368421053 0.2657894736842105
4 0.33421052631578946 0.8526315789473684 0.23157894736842105 0.2578947368421053
4 0.5710526315789474 0.8592105263157894 0.2394736842105263 0.25263157894736843
4 0.8223684210526315 0.8644736842105263 0.25526315789473686 0.23157894736842105
4 0.9776315789473684 0.8723684210526316 0.04473684210526316 0.2236842105263158