4 0.07160194174757281 0.06310679611650485 0.14320388349514562 0.1262135922330097
4 0.08616504854368932 0.2669902912621359 0.17233009708737865 0.2912621359223301
4 0.09223300970873786 0.5400485436893204 0.18446601941747573 0.27427184466019416
4 0.28883495145631066 0.05218446601941747 0.2815533980582524 0.10436893203883495
4 0.5728155339805825 0.05218446601941747 0.2961165048543689 0.10436893203883495
4 0.8628640776699029 0.04854368932038835 0.27427184466019416 0.0970873786407767
4 0.2803398058252427 0.2609223300970874 0.21359223300970873 0.28883495145631066
4 0.5036407766990292 0.25728155339805825 0.22572815533980584 0.29854368932038833
4 0.7342233009708737 0.2536407766990291 0.23300970873786409 0.3058252427184466
4 0.9247572815533981 0.25485436893203883 0.15048543689320387 0.32524271844660196
4 0.09223300970873786 0.5412621359223301 0.18446601941747573 0.27184466019417475
4 0.32281553398058255 0.5436893203883495 0.2621359223300971 0.2815533980582524
4 0.5995145631067961 0.5521844660194175 0.30097087378640774 0.3106796116504854
4 0.8774271844660194 0.5594660194174758 0.24514563106796117 0.29854368932038833
4 0.11407766990291263 0.7997572815533981 0.19902912621359223 0.24514563106796117
4 0.3131067961165049 0.8033980582524272 0.21359223300970873 0.23786407766990292
4 0.5315533980582524 0.8094660194174758 0.220873786407767 0.23300970873786409
4 0.7633495145631068 0.8143203883495146 0.2354368932038835 0.21359223300970873
4 0.9429611650485437 0.8216019417475728 0.11165048543689321 0.20631067961165048