0 0.1201923076923077 0.04567307692307692 0.15865384615384615 0.09134615384615384
0 0.1141826923076923 0.2247596153846154 0.20432692307692307 0.30528846153846156
0 0.09975961538461539 0.49399038461538464 0.19951923076923078 0.29086538461538464
0 0.3389423076923077 0.05048076923076923 0.28846153846153844 0.10096153846153846
0 0.6177884615384616 0.06490384615384616 0.30288461538461536 0.12980769230769232
0 0.8822115384615384 0.09014423076923077 0.23557692307692307 0.12740384615384615
0 0.3088942307692308 0.23918269230769232 0.2403846153846154 0.3076923076923077
0 0.5288461538461539 0.25841346153846156 0.25240384615384615 0.3173076923076923
0 0.7560096153846154 0.27884615384615385 0.2620192307692308 0.3245192307692308
0 0.9254807692307693 0.3004807692307692 0.14903846153846154 0.33653846153846156
0 0.0985576923076923 0.4951923076923077 0.1971153846153846 0.28846153846153844
0 0.32091346153846156 0.5228365384615384 0.28846153846153844 0.30528846153846156
0 0.5925480769230769 0.5588942307692307 0.3293269230769231 0.33653846153846156
0 0.8641826923076923 0.5949519230769231 0.27163461538461536 0.31971153846153844
0 0.09975961538461539 0.7512019230769231 0.19951923076923078 0.2620192307692308
0 0.2848557692307692 0.7776442307692307 0.23557692307692307 0.25721153846153844
0 0.4987980769230769 0.8052884615384616 0.24278846153846154 0.25240384615384615
0 0.7271634615384616 0.8341346153846154 0.2548076923076923 0.23557692307692307
0 0.9038461538461539 0.8605769230769231 0.13221153846153846 0.21394230769230768