4 0.07338308457711443 0.05970149253731343 0.14676616915422885 0.11940298507462686
4 0.08830845771144279 0.263681592039801 0.17661691542288557 0.29850746268656714
4 0.0945273631840796 0.5435323383084577 0.1890547263681592 0.2810945273631841
4 0.2960199004975124 0.048507462686567165 0.2885572139303483 0.09701492537313433
4 0.5870646766169154 0.048507462686567165 0.3034825870646766 0.09701492537313433
4 0.8718905472636815 0.04477611940298507 0.2562189054726368 0.08955223880597014
4 0.2873134328358209 0.2574626865671642 0.21890547263681592 0.2960199004975124
4 0.5161691542288557 0.2537313432835821 0.23134328358208955 0.30597014925373134
4 0.7524875621890548 0.25 0.23880597014925373 0.31343283582089554
4 0.9353233830845771 0.2512437810945274 0.12935323383084577 0.3333333333333333
4 0.0945273631840796 0.5447761194029851 0.1890547263681592 0.27860696517412936
4 0.3308457711442786 0.5472636815920398 0.26865671641791045 0.2885572139303483
4 0.6144278606965174 0.5559701492537313 0.30845771144278605 0.31840796019900497
4 0.8868159203980099 0.5634328358208955 0.2263681592039801 0.30597014925373134
4 0.11691542288557213 0.8097014925373134 0.20398009950248755 0.2512437810945274
4 0.3208955223880597 0.8134328358208955 0.21890547263681592 0.24378109452736318
4 0.5447761194029851 0.8196517412935324 0.2263681592039801 0.23880597014925373
4 0.7823383084577115 0.8246268656716418 0.24129353233830847 0.21890547263681592
4 0.9539800995024875 0.832089552238806 0.09203980099502487 0.21144278606965175