5 0.39725130890052357 0.112475442043222 0.05759162303664921 0.13457760314341846
5 0.4653141361256545 0.11640471512770137 0.06740837696335078 0.13703339882121807
5 0.5490837696335078 0.11640471512770137 0.058900523560209424 0.13064833005893908
5 0.6204188481675392 0.12033398821218075 0.05235602094240838 0.12524557956777996
5 0.694371727748691 0.11886051080550099 0.06086387434554974 0.1237721021611002
5 0.7702879581151832 0.11836935166994106 0.05039267015706806 0.12524557956777996
5 0.8324607329842932 0.1144400785854617 0.05039267015706806 0.11345776031434185
5 0.8959424083769634 0.11738703339882121 0.04842931937172775 0.11640471512770137
5 0.36780104712041883 0.2843811394891945 0.05366492146596859 0.13703339882121807
5 0.4260471204188482 0.2843811394891945 0.056282722513089 0.13064833005893908
5 0.5353403141361257 0.2843811394891945 0.06479057591623037 0.13064833005893908
5 0.6014397905759162 0.28388998035363455 0.047774869109947646 0.13555992141453832
5 0.6551047120418848 0.28045186640471514 0.047774869109947646 0.13064833005893908
5 0.7120418848167539 0.27897838899803534 0.05039267015706806 0.12868369351669942
5 0.7702879581151832 0.27652259332023577 0.05039267015706806 0.12524557956777996
5 0.8226439790575916 0.2784872298624754 0.045157068062827224 0.12278978388998035
5 0.8730366492146597 0.27111984282907664 0.04057591623036649 0.13359528487229863