5 0.39473684210526316 0.10562685093780849 0.05789473684210526 0.13524185587364265
5 0.4631578947368421 0.10957551826258638 0.06776315789473684 0.1377097729516288
5 0.5473684210526316 0.10957551826258638 0.05921052631578947 0.13129318854886476
5 0.6190789473684211 0.11352418558736427 0.05263157894736842 0.12586377097729518
5 0.6934210526315789 0.11204343534057255 0.06118421052631579 0.12438302073050346
5 0.7697368421052632 0.11154985192497532 0.0506578947368421 0.12586377097729518
5 0.8322368421052632 0.10760118460019744 0.0506578947368421 0.1140177690029615
5 0.8960526315789473 0.11056268509378085 0.04868421052631579 0.11697926949654491
5 0.3651315789473684 0.2783810463968411 0.05394736842105263 0.1377097729516288
5 0.4236842105263158 0.2783810463968411 0.056578947368421055 0.13129318854886476
5 0.5335526315789474 0.2783810463968411 0.06513157894736842 0.13129318854886476
5 0.6 0.27788746298124384 0.04802631578947368 0.1362290227048371
5 0.6539473684210526 0.2744323790720632 0.04802631578947368 0.13129318854886476
5 0.7111842105263158 0.27295162882527146 0.0506578947368421 0.12931885488647582
5 0.7697368421052632 0.2704837117472853 0.0506578947368421 0.12586377097729518
5 0.8223684210526315 0.2724580454096742 0.045394736842105265 0.12339585389930899
5 0.8730263157894737 0.2650542941757157 0.04078947368421053 0.13425468904244817