18 0.2 0.16197916666666667 0.06180555555555556 0.13489583333333333
7 0.7611111111111111 0.18541666666666667 0.05347222222222222 0.12708333333333333
18 0.4888888888888889 0.171875 0.06180555555555556 0.13489583333333333
18 0.41458333333333336 0.17447916666666666 0.06180555555555556 0.13489583333333333
18 0.34930555555555554 0.1703125 0.06180555555555556 0.13489583333333333
18 0.27361111111111114 0.16822916666666668 0.06180555555555556 0.13489583333333333
18 0.5465277777777777 0.17604166666666668 0.06180555555555556 0.13489583333333333
18 0.5305555555555556 0.3338541666666667 0.06180555555555556 0.13489583333333333
18 0.46805555555555556 0.34010416666666665 0.06180555555555556 0.13489583333333333
18 0.4131944444444444 0.33958333333333335 0.06180555555555556 0.13489583333333333
18 0.3548611111111111 0.33229166666666665 0.06180555555555556 0.13489583333333333
18 0.29375 0.3359375 0.06180555555555556 0.13489583333333333
18 0.22708333333333333 0.33541666666666664 0.06180555555555556 0.13489583333333333
7 0.7666666666666667 0.3494791666666667 0.05347222222222222 0.12708333333333333