18 0.19671052631578947 0.1885488647581441 0.05855263157894737 0.12783810463968412
7 0.7282894736842105 0.21076011846001974 0.0506578947368421 0.12043435340572557
18 0.47039473684210525 0.19792694965449162 0.05855263157894737 0.12783810463968412
18 0.4 0.20039486673247778 0.05855263157894737 0.12783810463968412
18 0.3381578947368421 0.1964461994076999 0.05855263157894737 0.12783810463968412
18 0.26644736842105265 0.19447186574531095 0.05855263157894737 0.12783810463968412
18 0.525 0.2018756169792695 0.05855263157894737 0.12783810463968412
18 0.5098684210526315 0.351431391905232 0.05855263157894737 0.12783810463968412
18 0.4506578947368421 0.35735439289239884 0.05855263157894737 0.12783810463968412
18 0.3986842105263158 0.3568608094768016 0.05855263157894737 0.12783810463968412
18 0.34342105263157896 0.34995064165844025 0.05855263157894737 0.12783810463968412
18 0.2855263157894737 0.35340572556762095 0.05855263157894737 0.12783810463968412
18 0.22236842105263158 0.3529121421520237 0.05855263157894737 0.12783810463968412
7 0.7335526315789473 0.36623889437314905 0.0506578947368421 0.12043435340572557