4 0.08111702127659574 0.20877659574468085 0.1622340425531915 0.22606382978723405
4 0.30851063829787234 0.2074468085106383 0.2978723404255319 0.23404255319148937
4 0.6103723404255319 0.21010638297872342 0.2978723404255319 0.22872340425531915
4 0.8789893617021277 0.20877659574468085 0.24202127659574468 0.22606382978723405
4 0.0851063829787234 0.4308510638297872 0.1702127659574468 0.2127659574468085
4 0.3271276595744681 0.4348404255319149 0.2978723404255319 0.2154255319148936
4 0.6263297872340425 0.4321808510638298 0.2925531914893617 0.2154255319148936
4 0.886968085106383 0.4321808510638298 0.22606382978723405 0.2154255319148936
4 0.08643617021276596 0.648936170212766 0.17287234042553193 0.2074468085106383
4 0.3271276595744681 0.6502659574468085 0.2765957446808511 0.2074468085106383
4 0.6077127659574468 0.6502659574468085 0.2872340425531915 0.2127659574468085
4 0.8776595744680851 0.6529255319148937 0.24468085106382978 0.22074468085106383