0 0.11057692307692307 0.26802884615384615 0.21634615384615385 0.2091346153846154
0 0.34975961538461536 0.27163461538461536 0.27403846153846156 0.21634615384615385
0 0.6225961538461539 0.27884615384615385 0.27163461538461536 0.21153846153846154
0 0.8774038461538461 0.2800480769230769 0.24519230769230768 0.2091346153846154
0 0.11057692307692307 0.46875 0.22115384615384615 0.1971153846153846
0 0.3629807692307692 0.47716346153846156 0.27163461538461536 0.19951923076923078
0 0.6334134615384616 0.4795673076923077 0.2668269230769231 0.19951923076923078
0 0.8822115384615384 0.484375 0.23076923076923078 0.19951923076923078
0 0.11057692307692307 0.6658653846153846 0.22115384615384615 0.19230769230769232
0 0.359375 0.671875 0.25240384615384615 0.19230769230769232
0 0.6129807692307693 0.6766826923076923 0.2620192307692308 0.1971153846153846
0 0.8713942307692307 0.6838942307692307 0.25240384615384615 0.20432692307692307