4 0.10512820512820513 0.2602564102564103 0.21025641025641026 0.21794871794871795
4 0.35128205128205126 0.258974358974359 0.28717948717948716 0.22564102564102564
4 0.6423076923076924 0.26153846153846155 0.28717948717948716 0.2205128205128205
4 0.8923076923076924 0.2602564102564103 0.2153846153846154 0.21794871794871795
4 0.10897435897435898 0.47435897435897434 0.21794871794871795 0.20512820512820512
4 0.36923076923076925 0.4782051282051282 0.28717948717948716 0.2076923076923077
4 0.6576923076923077 0.4756410256410256 0.28205128205128205 0.2076923076923077
4 0.9 0.4756410256410256 0.2 0.2076923076923077
4 0.11025641025641025 0.6846153846153846 0.2205128205128205 0.2
4 0.36923076923076925 0.6858974358974359 0.26666666666666666 0.2
4 0.6397435897435897 0.6858974358974359 0.27692307692307694 0.20512820512820512
4 0.8910256410256411 0.6884615384615385 0.21794871794871795 0.2128205128205128