4 0.10804020100502512 0.28015075376884424 0.21608040201005024 0.2135678391959799
4 0.3542713567839196 0.27889447236180903 0.2814070351758794 0.22110552763819097
4 0.6394472361809045 0.2814070351758794 0.2814070351758794 0.21608040201005024
4 0.8894472361809045 0.28015075376884424 0.22110552763819097 0.2135678391959799
4 0.11180904522613065 0.4899497487437186 0.2236180904522613 0.20100502512562815
4 0.37185929648241206 0.4937185929648241 0.2814070351758794 0.20351758793969849
4 0.6545226130653267 0.49120603015075376 0.27638190954773867 0.20351758793969849
4 0.8969849246231156 0.49120603015075376 0.20603015075376885 0.20351758793969849
4 0.11306532663316583 0.6959798994974874 0.22613065326633167 0.19597989949748743
4 0.37185929648241206 0.6972361809045227 0.2613065326633166 0.19597989949748743
4 0.6369346733668342 0.6972361809045227 0.271356783919598 0.20100502512562815
4 0.8881909547738693 0.699748743718593 0.2236180904522613 0.20854271356783918