4 0.09149484536082474 0.24613402061855671 0.18298969072164947 0.2190721649484536
4 0.3247422680412371 0.24484536082474226 0.28865979381443296 0.2268041237113402
4 0.6172680412371134 0.24742268041237114 0.28865979381443296 0.22164948453608246
4 0.8801546391752577 0.24613402061855671 0.23969072164948454 0.2190721649484536
4 0.09536082474226804 0.46134020618556704 0.19072164948453607 0.20618556701030927
4 0.3427835051546392 0.4652061855670103 0.28865979381443296 0.20876288659793815
4 0.6327319587628866 0.46262886597938147 0.28350515463917525 0.20876288659793815
4 0.8878865979381443 0.46262886597938147 0.22422680412371135 0.20876288659793815
4 0.09664948453608248 0.6726804123711341 0.19329896907216496 0.20103092783505155
4 0.3427835051546392 0.6739690721649485 0.26804123711340205 0.20103092783505155
4 0.6146907216494846 0.6739690721649485 0.27835051546391754 0.20618556701030927
4 0.8788659793814433 0.6765463917525774 0.2422680412371134 0.21391752577319587