0 0.10096153846153846 0.3173076923076923 0.20192307692307693 0.22596153846153846
0 0.3233173076923077 0.29086538461538464 0.29086538461538464 0.23798076923076922
0 0.5949519230769231 0.265625 0.28846153846153844 0.23317307692307693
0 0.8509615384615384 0.23677884615384615 0.2668269230769231 0.2283653846153846
0 0.11538461538461539 0.515625 0.23076923076923078 0.21394230769230768
0 0.36177884615384615 0.49399038461538464 0.28846153846153844 0.22115384615384615
0 0.6298076923076923 0.4639423076923077 0.28365384615384615 0.22115384615384615
0 0.8762019230769231 0.4375 0.24759615384615385 0.21634615384615385
0 0.13221153846153846 0.7127403846153846 0.24278846153846154 0.2091346153846154
0 0.38221153846153844 0.6875 0.2692307692307692 0.21153846153846154
0 0.6346153846153846 0.6610576923076923 0.27884615384615385 0.21875
0 0.8786057692307693 0.6382211538461539 0.24278846153846154 0.22355769230769232