4 0.4861111111111111 0.21843434343434343 0.2196969696969697 0.24494949494949494
4 0.48484848484848486 0.6868686868686869 0.20707070707070707 0.22474747474747475
4 0.7007575757575758 0.21843434343434343 0.20707070707070707 0.23737373737373738
4 0.9090909090909091 0.21338383838383837 0.18181818181818182 0.24494949494949494
4 0.48737373737373735 0.4621212121212121 0.21717171717171718 0.2297979797979798
4 0.9090909090909091 0.46085858585858586 0.18181818181818182 0.2297979797979798
4 0.7045454545454546 0.45707070707070707 0.20959595959595959 0.23232323232323232
4 0.6994949494949495 0.6919191919191919 0.21212121212121213 0.22474747474747475
4 0.9053030303030303 0.6881313131313131 0.1893939393939394 0.2196969696969697
4 0.22095959595959597 0.7436868686868687 0.2727272727272727 0.20959595959595959
4 0.48737373737373735 0.8800505050505051 0.20959595959595959 0.13636363636363635
4 0.9053030303030303 0.8825757575757576 0.1893939393939394 0.13383838383838384
4 0.6944444444444444 0.8737373737373737 0.21212121212121213 0.14393939393939395