4 0.5088832487309645 0.21446700507614214 0.22081218274111675 0.24619289340101522
4 0.5076142131979695 0.6852791878172588 0.20812182741116753 0.22588832487309646
4 0.7246192893401016 0.21446700507614214 0.20812182741116753 0.23857868020304568
4 0.9213197969543148 0.20939086294416243 0.15736040609137056 0.24619289340101522
4 0.5101522842639594 0.4593908629441624 0.2182741116751269 0.23096446700507614
4 0.9213197969543148 0.4581218274111675 0.15736040609137056 0.23096446700507614
4 0.7284263959390863 0.4543147208121827 0.21065989847715735 0.233502538071066
4 0.7233502538071066 0.6903553299492385 0.2131979695431472 0.22588832487309646
4 0.9175126903553299 0.6865482233502538 0.1649746192893401 0.22081218274111675
4 0.24238578680203046 0.7423857868020305 0.27411167512690354 0.21065989847715735
4 0.5101522842639594 0.8794416243654822 0.21065989847715735 0.13705583756345177
4 0.9175126903553299 0.881979695431472 0.1649746192893401 0.13451776649746192
4 0.7182741116751269 0.8730964467005076 0.2131979695431472 0.1446700507614213