4 0.45418848167539266 0.23167539267015708 0.22774869109947643 0.25392670157068065
4 0.45287958115183247 0.7172774869109948 0.21465968586387435 0.23298429319371727
4 0.6767015706806283 0.23167539267015708 0.21465968586387435 0.24607329842931938
4 0.8992146596858639 0.22643979057591623 0.20157068062827224 0.25392670157068065
4 0.45549738219895286 0.48429319371727747 0.225130890052356 0.23821989528795812
4 0.8992146596858639 0.4829842931937173 0.20157068062827224 0.23821989528795812
4 0.680628272251309 0.4790575916230366 0.21727748691099477 0.24083769633507854
4 0.675392670157068 0.7225130890052356 0.2198952879581152 0.23298429319371727
4 0.8926701570680629 0.7198952879581152 0.20418848167539266 0.22774869109947643
4 0.1793193717277487 0.7761780104712042 0.28272251308900526 0.21727748691099477
4 0.45549738219895286 0.9175392670157068 0.21727748691099477 0.14136125654450263
4 0.8952879581151832 0.9201570680628273 0.2094240837696335 0.1387434554973822
4 0.6701570680628273 0.9109947643979057 0.2198952879581152 0.14921465968586387