4 0.4732142857142857 0.22066326530612246 0.22193877551020408 0.24744897959183673
4 0.4719387755102041 0.6938775510204082 0.20918367346938777 0.22704081632653061
4 0.6900510204081632 0.22066326530612246 0.20918367346938777 0.23979591836734693
4 0.9043367346938775 0.21556122448979592 0.1913265306122449 0.24744897959183673
4 0.4744897959183674 0.46683673469387754 0.2193877551020408 0.23214285714285715
4 0.9043367346938775 0.4655612244897959 0.1913265306122449 0.23214285714285715
4 0.6938775510204082 0.461734693877551 0.21173469387755103 0.23469387755102042
4 0.6887755102040817 0.6989795918367347 0.21428571428571427 0.22704081632653061
4 0.9005102040816326 0.6964285714285714 0.1989795918367347 0.22193877551020408
4 0.20535714285714285 0.7512755102040817 0.2755102040816326 0.21173469387755103
4 0.4744897959183674 0.889030612244898 0.21173469387755103 0.1377551020408163
4 0.9005102040816326 0.8915816326530612 0.1989795918367347 0.13520408163265307
4 0.6836734693877551 0.8826530612244898 0.21428571428571427 0.14540816326530612