0 0.5204326923076923 0.22596153846153846 0.23317307692307693 0.2548076923076923
0 0.4723557692307692 0.6682692307692307 0.21875 0.23317307692307693
0 0.7235576923076923 0.24639423076923078 0.21875 0.24519230769230768
0 0.9110576923076923 0.26322115384615385 0.1778846153846154 0.25240384615384615
0 0.49759615384615385 0.4567307692307692 0.2283653846153846 0.23798076923076922
0 0.8990384615384616 0.4963942307692308 0.20192307692307693 0.23798076923076922
0 0.703125 0.4735576923076923 0.22115384615384615 0.2403846153846154
0 0.6754807692307693 0.6947115384615384 0.22355769230769232 0.23317307692307693
0 0.8737980769230769 0.7127403846153846 0.2091346153846154 0.2283653846153846
0 0.21754807692307693 0.6959134615384616 0.27884615384615385 0.22596153846153846
0 0.45552884615384615 0.8521634615384616 0.21153846153846154 0.14903846153846154
0 0.8605769230769231 0.8966346153846154 0.21153846153846154 0.1466346153846154
0 0.6526442307692307 0.8665865384615384 0.21394230769230768 0.15625