4 0.05319148936170213 0.24867021276595744 0.10638297872340426 0.34308510638297873
4 0.13962765957446807 0.09175531914893617 0.10904255319148937 0.18351063829787234
4 0.2526595744680851 0.09308510638297872 0.12234042553191489 0.18617021276595744
4 0.3816489361702128 0.08776595744680851 0.13031914893617022 0.17553191489361702
4 0.5332446808510638 0.08643617021276596 0.14095744680851063 0.17287234042553193
4 0.6835106382978723 0.07313829787234043 0.16489361702127658 0.14627659574468085
4 0.24335106382978725 0.324468085106383 0.1276595744680851 0.2845744680851064
4 0.39228723404255317 0.33111702127659576 0.1276595744680851 0.2978723404255319
4 0.5345744680851063 0.3257978723404255 0.1356382978723404 0.30851063829787234
4 0.6901595744680851 0.3151595744680851 0.15691489361702127 0.32978723404255317
4 0.23803191489361702 0.6103723404255319 0.10904255319148937 0.2872340425531915
4 0.3962765957446808 0.6289893617021277 0.14627659574468085 0.31117021276595747
4 0.5412234042553191 0.6343085106382979 0.14627659574468085 0.31648936170212766
4 0.6968085106382979 0.6409574468085106 0.15691489361702127 0.32978723404255317
4 0.2393617021276596 0.8523936170212766 0.14095744680851063 0.22340425531914893