4 0.08846153846153847 0.26153846153846155 0.17692307692307693 0.33076923076923076
4 0.20897435897435898 0.09871794871794871 0.10512820512820513 0.19743589743589743
4 0.31794871794871793 0.1 0.11794871794871795 0.2
4 0.4423076923076923 0.09487179487179487 0.12564102564102564 0.18974358974358974
4 0.5884615384615385 0.09358974358974359 0.1358974358974359 0.18717948717948718
4 0.7333333333333333 0.08076923076923077 0.15897435897435896 0.16153846153846155
4 0.308974358974359 0.3333333333333333 0.12307692307692308 0.2743589743589744
4 0.45256410256410257 0.33974358974358976 0.12307692307692308 0.28717948717948716
4 0.5897435897435898 0.3346153846153846 0.13076923076923078 0.29743589743589743
4 0.7397435897435898 0.3243589743589744 0.15128205128205127 0.31794871794871793
4 0.3038461538461538 0.6089743589743589 0.10512820512820513 0.27692307692307694
4 0.4564102564102564 0.6269230769230769 0.14102564102564102 0.3
4 0.5961538461538461 0.632051282051282 0.14102564102564102 0.30512820512820515
4 0.7461538461538462 0.6384615384615384 0.15128205128205127 0.31794871794871793
4 0.30512820512820515 0.8423076923076923 0.1358974358974359 0.2153846153846154