4 0.07291666666666667 0.23828125 0.14583333333333334 0.3359375
4 0.17838541666666666 0.08723958333333333 0.10677083333333333 0.17447916666666666
4 0.2890625 0.08854166666666667 0.11979166666666667 0.17708333333333334
4 0.4153645833333333 0.08333333333333333 0.12760416666666666 0.16666666666666666
4 0.5638020833333334 0.08203125 0.13802083333333334 0.1640625
4 0.7109375 0.06901041666666667 0.16145833333333334 0.13802083333333334
4 0.2799479166666667 0.3125 0.125 0.2786458333333333
4 0.42578125 0.3190104166666667 0.125 0.2916666666666667
4 0.5651041666666666 0.3138020833333333 0.1328125 0.3020833333333333
4 0.7174479166666666 0.3033854166666667 0.15364583333333334 0.3229166666666667
4 0.2747395833333333 0.5924479166666666 0.10677083333333333 0.28125
4 0.4296875 0.6106770833333334 0.14322916666666666 0.3046875
4 0.5716145833333334 0.6158854166666666 0.14322916666666666 0.3098958333333333
4 0.7239583333333334 0.6223958333333334 0.15364583333333334 0.3229166666666667
4 0.2760416666666667 0.8294270833333334 0.13802083333333334 0.21875