0 0.07932692307692307 0.36658653846153844 0.15865384615384615 0.3389423076923077
0 0.12259615384615384 0.18028846153846154 0.14182692307692307 0.23317307692307693
0 0.22115384615384615 0.15985576923076922 0.15384615384615385 0.23798076923076922
0 0.33413461538461536 0.1310096153846154 0.15865384615384615 0.2283653846153846
0 0.46634615384615385 0.10697115384615384 0.16826923076923078 0.21394230769230768
0 0.5985576923076923 0.0829326923076923 0.18269230769230768 0.1658653846153846
0 0.2620192307692308 0.390625 0.1658653846153846 0.2764423076923077
0 0.3942307692307692 0.36899038461538464 0.16826923076923078 0.28846153846153844
0 0.5192307692307693 0.33774038461538464 0.1778846153846154 0.2980769230769231
0 0.6550480769230769 0.29927884615384615 0.19951923076923078 0.32211538461538464
0 0.3112980769230769 0.6442307692307693 0.15144230769230768 0.27403846153846156
0 0.4543269230769231 0.6310096153846154 0.1875 0.30288461538461536
0 0.5829326923076923 0.609375 0.18990384615384615 0.3076923076923077
0 0.7223557692307693 0.5853365384615384 0.19951923076923078 0.32211538461538464
0 0.35697115384615385 0.8581730769230769 0.1658653846153846 0.22355769230769232