4 0.07965686274509803 0.27328431372549017 0.15931372549019607 0.3161764705882353
4 0.18995098039215685 0.10661764705882353 0.10049019607843138 0.21323529411764705
4 0.29411764705882354 0.10784313725490197 0.11274509803921569 0.21568627450980393
4 0.41299019607843135 0.10294117647058823 0.12009803921568628 0.20588235294117646
4 0.5526960784313726 0.1017156862745098 0.12990196078431374 0.2034313725490196
4 0.6911764705882353 0.08946078431372549 0.15196078431372548 0.17892156862745098
4 0.2855392156862745 0.3431372549019608 0.11764705882352941 0.2622549019607843
4 0.4227941176470588 0.3492647058823529 0.11764705882352941 0.27450980392156865
4 0.553921568627451 0.3443627450980392 0.125 0.28431372549019607
4 0.6973039215686274 0.33455882352941174 0.14460784313725492 0.30392156862745096
4 0.2806372549019608 0.6066176470588235 0.10049019607843138 0.2647058823529412
4 0.4264705882352941 0.6237745098039216 0.13480392156862744 0.2867647058823529
4 0.5600490196078431 0.6286764705882353 0.13480392156862744 0.2916666666666667
4 0.7034313725490197 0.6348039215686274 0.14460784313725492 0.30392156862745096
4 0.2818627450980392 0.8296568627450981 0.12990196078431374 0.20588235294117646