4 0.09005376344086022 0.2163978494623656 0.18010752688172044 0.3467741935483871
4 0.21370967741935484 0.07526881720430108 0.11021505376344086 0.15053763440860216
4 0.3279569892473118 0.07661290322580645 0.12365591397849462 0.1532258064516129
4 0.4583333333333333 0.07123655913978495 0.13172043010752688 0.1424731182795699
4 0.6115591397849462 0.06989247311827956 0.1424731182795699 0.13978494623655913
4 0.7634408602150538 0.056451612903225805 0.16666666666666666 0.11290322580645161
4 0.3185483870967742 0.29301075268817206 0.12903225806451613 0.28763440860215056
4 0.46908602150537637 0.29973118279569894 0.12903225806451613 0.3010752688172043
4 0.6129032258064516 0.29435483870967744 0.13709677419354838 0.3118279569892473
4 0.7701612903225806 0.28360215053763443 0.1586021505376344 0.3333333333333333
4 0.3131720430107527 0.581989247311828 0.11021505376344086 0.2903225806451613
4 0.4731182795698925 0.6008064516129032 0.1478494623655914 0.31451612903225806
4 0.6196236559139785 0.6061827956989247 0.1478494623655914 0.31989247311827956
4 0.7768817204301075 0.6129032258064516 0.1586021505376344 0.3333333333333333
4 0.31451612903225806 0.8266129032258065 0.1424731182795699 0.22580645161290322