0 0.11778846153846154 0.22115384615384615 0.20673076923076922 0.3293269230769231
0 0.2536057692307692 0.09134615384615384 0.12740384615384615 0.18269230769230768
0 0.35336538461538464 0.10096153846153846 0.13942307692307693 0.20192307692307693
0 0.4699519230769231 0.10336538461538461 0.1466346153846154 0.20673076923076922
0 0.6069711538461539 0.1141826923076923 0.15384615384615385 0.22355769230769232
0 0.7439903846153846 0.12139423076923077 0.17307692307692307 0.20192307692307693
0 0.3137019230769231 0.3161057692307692 0.14903846153846154 0.27163461538461536
0 0.44591346153846156 0.3401442307692308 0.15144230769230768 0.28365384615384615
0 0.5745192307692307 0.35336538461538464 0.16105769230769232 0.2932692307692308
0 0.7139423076923077 0.3641826923076923 0.18269230769230768 0.31490384615384615
0 0.27283653846153844 0.5709134615384616 0.1346153846153846 0.27163461538461536
0 0.41225961538461536 0.6081730769230769 0.17067307692307693 0.2980769230769231
0 0.5408653846153846 0.6310096153846154 0.17067307692307693 0.3004807692307692
0 0.6790865384615384 0.65625 0.18269230769230768 0.31490384615384615
0 0.2439903846153846 0.7884615384615384 0.15384615384615385 0.21875