0 0.09975961538461539 0.24759615384615385 0.1875 0.31971153846153844
0 0.2247596153846154 0.09975961538461539 0.11298076923076923 0.19951923076923078
0 0.3245192307692308 0.1045673076923077 0.125 0.2091346153846154
0 0.4411057692307692 0.10336538461538461 0.13221153846153846 0.20673076923076922
0 0.5793269230769231 0.10817307692307693 0.14182692307692307 0.21394230769230768
0 0.7163461538461539 0.10576923076923077 0.16105769230769232 0.19230769230769232
0 0.3004807692307692 0.3293269230769231 0.13221153846153846 0.2644230769230769
0 0.43509615384615385 0.3449519230769231 0.1346153846153846 0.2764423076923077
0 0.5637019230769231 0.3485576923076923 0.14182692307692307 0.2860576923076923
0 0.7043269230769231 0.34975961538461536 0.16346153846153846 0.3076923076923077
0 0.27884615384615385 0.5865384615384616 0.11538461538461539 0.2668269230769231
0 0.41947115384615385 0.6141826923076923 0.15144230769230768 0.29086538461538464
0 0.5504807692307693 0.6274038461538461 0.15144230769230768 0.2956730769230769
0 0.6899038461538461 0.6430288461538461 0.16346153846153846 0.3076923076923077
0 0.2644230769230769 0.8052884615384616 0.14182692307692307 0.2091346153846154