0 0.07932692307692307 0.38221153846153844 0.15865384615384615 0.34134615384615385
0 0.11177884615384616 0.1935096153846154 0.14903846153846154 0.23317307692307693
0 0.2091346153846154 0.16947115384615385 0.16105769230769232 0.23798076923076922
0 0.32211538461538464 0.13701923076923078 0.1658653846153846 0.23076923076923078
0 0.4543269230769231 0.10817307692307693 0.17307692307692307 0.21634615384615385
0 0.5829326923076923 0.08173076923076923 0.18990384615384615 0.16346153846153846
0 0.25841346153846156 0.39903846153846156 0.17307692307692307 0.2764423076923077
0 0.390625 0.37259615384615385 0.1778846153846154 0.28846153846153844
0 0.5132211538461539 0.33653846153846156 0.1875 0.3004807692307692
0 0.6478365384615384 0.2932692307692308 0.2091346153846154 0.3245192307692308
0 0.3161057692307692 0.6514423076923077 0.15865384615384615 0.2764423076923077
0 0.45913461538461536 0.6334134615384616 0.1971153846153846 0.30528846153846156
0 0.5865384615384616 0.6057692307692307 0.1971153846153846 0.31009615384615385
0 0.7247596153846154 0.578125 0.2091346153846154 0.3245192307692308
0 0.3701923076923077 0.8629807692307693 0.17307692307692307 0.22596153846153846