4 0.0829326923076923 0.2764423076923077 0.1658653846153846 0.31009615384615385
4 0.1971153846153846 0.10817307692307693 0.0985576923076923 0.21634615384615385
4 0.2980769230769231 0.109375 0.11057692307692307 0.21875
4 0.41466346153846156 0.1045673076923077 0.11778846153846154 0.2091346153846154
4 0.5516826923076923 0.10336538461538461 0.12740384615384615 0.20673076923076922
4 0.6887019230769231 0.09134615384615384 0.14903846153846154 0.18269230769230768
4 0.28966346153846156 0.34375 0.11538461538461539 0.25721153846153844
4 0.42427884615384615 0.34975961538461536 0.11538461538461539 0.2692307692307692
4 0.5528846153846154 0.3449519230769231 0.12259615384615384 0.27884615384615385
4 0.6935096153846154 0.33533653846153844 0.14182692307692307 0.2980769230769231
4 0.2848557692307692 0.6021634615384616 0.0985576923076923 0.25961538461538464
4 0.42788461538461536 0.6189903846153846 0.13221153846153846 0.28125
4 0.5588942307692307 0.6237980769230769 0.13221153846153846 0.2860576923076923
4 0.6995192307692307 0.6298076923076923 0.14182692307692307 0.2980769230769231
4 0.2860576923076923 0.8209134615384616 0.12740384615384615 0.20192307692307693