0 0.1875 0.03245192307692308 0.2548076923076923 0.06490384615384616
0 0.15865384615384615 0.1778846153846154 0.2692307692307692 0.30288461538461536
0 0.12259615384615384 0.44471153846153844 0.24519230769230768 0.2932692307692308
0 0.11177884615384616 0.7019230769230769 0.22355769230769232 0.2932692307692308
0 0.4014423076923077 0.21033653846153846 0.28125 0.2980769230769231
0 0.36538461538461536 0.47115384615384615 0.2764423076923077 0.2956730769230769
0 0.3389423076923077 0.734375 0.27403846153846156 0.2956730769230769
0 0.6346153846153846 0.24519230769230768 0.2548076923076923 0.2692307692307692
0 0.609375 0.5072115384615384 0.2692307692307692 0.2980769230769231
0 0.5757211538461539 0.7692307692307693 0.2692307692307692 0.2932692307692308
0 0.8858173076923077 0.11778846153846154 0.20673076923076922 0.15865384615384615
0 0.8581730769230769 0.2860576923076923 0.21153846153846154 0.23076923076923078
0 0.8533653846153846 0.5324519230769231 0.28125 0.30288461538461536
0 0.8161057692307693 0.8004807692307693 0.27884615384615385 0.30288461538461536