4 0.11699507389162561 0.04064039408866995 0.23399014778325122 0.0812807881773399
4 0.11206896551724138 0.21674876847290642 0.22413793103448276 0.28078817733990147
4 0.10837438423645321 0.49261083743842365 0.21674876847290642 0.270935960591133
4 0.11576354679802955 0.7598522167487685 0.2315270935960591 0.2684729064039409
4 0.35591133004926107 0.21551724137931033 0.2536945812807882 0.2733990147783251
4 0.35714285714285715 0.4852216748768473 0.24876847290640394 0.270935960591133
4 0.3669950738916256 0.7561576354679803 0.24630541871921183 0.270935960591133
4 0.5972906403940886 0.21798029556650247 0.229064039408867 0.24630541871921183
4 0.6096059113300493 0.48645320197044334 0.2413793103448276 0.2733990147783251
4 0.6133004926108374 0.7573891625615764 0.2413793103448276 0.2684729064039409
4 0.833743842364532 0.0603448275862069 0.19458128078817735 0.1206896551724138
4 0.8300492610837439 0.22660098522167488 0.1896551724137931 0.21182266009852216
4 0.8608374384236454 0.47783251231527096 0.2512315270935961 0.27832512315270935
4 0.8608374384236454 0.7549261083743842 0.24876847290640394 0.27832512315270935