0 0.2403846153846154 0.02283653846153846 0.25961538461538464 0.04567307692307692
0 0.19230769230769232 0.15264423076923078 0.2932692307692308 0.30528846153846156
0 0.13341346153846154 0.4050480769230769 0.2668269230769231 0.31009615384615385
0 0.10817307692307693 0.6586538461538461 0.21634615384615385 0.3125
0 0.43149038461538464 0.20192307692307693 0.30528846153846156 0.31971153846153844
0 0.36899038461538464 0.4579326923076923 0.3004807692307692 0.31490384615384615
0 0.31490384615384615 0.7163461538461539 0.2980769230769231 0.31490384615384615
0 0.6598557692307693 0.2608173076923077 0.27403846153846156 0.28846153846153844
0 0.6081730769230769 0.5180288461538461 0.2932692307692308 0.31490384615384615
0 0.5480769230769231 0.7752403846153846 0.29086538461538464 0.31009615384615385
0 0.9074519230769231 0.15985576923076922 0.18509615384615385 0.17548076923076922
0 0.8786057692307693 0.3245192307692308 0.23076923076923078 0.24519230769230768
0 0.8485576923076923 0.5697115384615384 0.30288461538461536 0.32211538461538464
0 0.7824519230769231 0.8317307692307693 0.3004807692307692 0.32211538461538464