4 0.08465608465608465 0.15608465608465608 0.1693121693121693 0.30158730158730157
4 0.08068783068783068 0.4523809523809524 0.16137566137566137 0.291005291005291
4 0.08862433862433862 0.7394179894179894 0.17724867724867724 0.28835978835978837
4 0.31084656084656087 0.15476190476190477 0.2724867724867725 0.29365079365079366
4 0.31216931216931215 0.4444444444444444 0.2671957671957672 0.291005291005291
4 0.32275132275132273 0.7354497354497355 0.26455026455026454 0.291005291005291
4 0.5701058201058201 0.1574074074074074 0.24603174603174602 0.26455026455026454
4 0.5833333333333334 0.44576719576719576 0.25925925925925924 0.29365079365079366
4 0.5873015873015873 0.7367724867724867 0.25925925925925924 0.28835978835978837
4 0.8240740740740741 0.026455026455026454 0.20899470899470898 0.05291005291005291
4 0.8201058201058201 0.16666666666666666 0.2037037037037037 0.2275132275132275
4 0.8531746031746031 0.4365079365079365 0.2698412698412698 0.29894179894179895
4 0.8531746031746031 0.7341269841269841 0.2671957671957672 0.29894179894179895