4 0.12433155080213903 0.1483957219251337 0.24866310160427807 0.2967914438502674
4 0.12032085561497326 0.44385026737967914 0.24064171122994651 0.29411764705882354
4 0.12834224598930483 0.733957219251337 0.25668449197860965 0.2914438502673797
4 0.3917112299465241 0.14572192513368984 0.27540106951871657 0.2914438502673797
4 0.393048128342246 0.4358288770053476 0.2700534759358289 0.29411764705882354
4 0.4037433155080214 0.7299465240641712 0.26737967914438504 0.29411764705882354
4 0.6537433155080213 0.14572192513368984 0.24866310160427807 0.26737967914438504
4 0.6671122994652406 0.43716577540106955 0.2620320855614973 0.2967914438502674
4 0.6711229946524064 0.7312834224598931 0.2620320855614973 0.2914438502673797
4 0.9024064171122995 0.020053475935828877 0.19518716577540107 0.040106951871657755
4 0.9010695187165776 0.15508021390374332 0.19786096256684493 0.22994652406417113
4 0.9010695187165776 0.4264705882352941 0.19786096256684493 0.30213903743315507
4 0.9024064171122995 0.7286096256684492 0.19518716577540107 0.30213903743315507