4 0.40810622027972027 0.32843573076923077 0.41395350874125875 0.6119713076923077 0.6016905594405594 0.6080996503496504 0.595843270979021 0.32456407342657345 0.40810622027972027 0.32843573076923077
4 0.6010367954545455 0.5978954300699301 0.7438112709790209 0.5993517237762238 0.7459213286713287 0.3924825174825175 0.6031468531468531 0.39102622377622376 0.6010367954545455 0.5978954300699301
4 0 0.38477410664335665 0.3904423076923077 0.3881118881118881 0.3933773881118881 0.04477611013986014 0 0.041413237762237765 0 0.38477410664335665
4 0 0.7290528776223776 0.3700472027972028 0.7304772727272728 0.3713538076923077 0.39103125349650353 0 0.3896018286713287 0 0.7290528776223776
4 0 0.8382867132867133 0.42832167832167833 0.8382867132867133 0.42832167832167833 0.7275646853146853 0 0.7275646853146853 0 0.8382867132867133
4 0.44136674825174826 0.6126070821678321 0.4443753793706294 0.934467527972028 0.7678553986013985 0.9314437569930071 0.7648467657342657 0.6095833111888111 0.44136674825174826 0.6126070821678321
4 0.05390384615384615 0 0.05390384615384615 0.0457465034965035 0.3569353146853147 0.0457465034965035 0.3569353146853147 0 0.05390384615384615 0
4 0.4137534965034965 0.3181818181818182 0.5754667832167831 0.3181818181818182 0.5754667832167831 0.1098479020979021 0.4137534965034965 0.1098479020979021 0.4137534965034965 0.3181818181818182
4 0.7575751748251749 0 0.7575751748251749 0.32400874125874124 1 0.32400874125874124 1 0 0.7575751748251749 0
4 1 0.7109275979020978 0.7716678426573427 0.7129474318181818 0.7736013986013986 0.9315262237762237 1 0.9295234947552449 1 0.7109275979020978
4 1 0.33420804195804193 0.7400926573426574 0.33420804195804193 0.7400926573426574 0.7129947552447553 1 0.7129947552447553 1 0.33420804195804193