0 0.346919484375 0.4210959984375 0.417554740625 0.6645185953125 0.578731834375 0.6177489625 0.508096578125 0.3743263671875 0.346919484375 0.4210959984375
0 0.57580700625 0.6090909265625 0.6994005390625 0.5773216156250001 0.6533692578125 0.3982441171875 0.529775725 0.430013428125 0.57580700625 0.6090909265625
0 0 0.5606958625 0.001313659375 0.5657716765624999 0.3454745546875 0.47670020625 0.26858813125 0.179620790625 0 0.24913345156250002 0 0.5606958625
0 0.0797194203125 0.863343175 0.4070633359375 0.77698073125 0.32967083124999996 0.48363602656250004 0.001197765625 0.570296371875 0.0797194203125 0.863343175
0 0.10751105624999999 0.956999234375 0.48230989687500003 0.8565721875 0.45669773124999996 0.76098628125 0.081898890625 0.861413328125 0.10751105624999999 0.956999234375
0 0.441367553125 0.6587262390624999 0.5184174968749999 0.9358911859375001 0.7969771140625 0.8584535328125 0.7199271671874999 0.5812885859375 0.441367553125 0.6587262390624999
0 0 0.252486646875 0.2373522984375 0.188888290625 0.204325775 0.0656316265625 0 0.120380553125 0 0.252486646875
0 0.3494228265625 0.41093750937499995 0.48902929375 0.37353006875 0.440837590625 0.19367619062500002 0.30123112343749997 0.2310836296875 0.3494228265625 0.41093750937499995
0 0.557443115625 0 0.6475906578124999 0.3364352046875 0.949442478125 0.255554253125 0.8809669234375 0 0.557443115625 0
0 1 0.599505328125 0.7497259171875 0.668944590625 0.8019566890625001 0.8571955640625 1 0.8022478796874999 1 0.599505328125
0 1 0.4593300828125 0.9480286281250001 0.26537028125 0.6348573640625 0.34928426875 0.7224781250000001 0.6762894015625001 1 0.601927640625 1 0.4593300828125