4 0.37812380322580647 0.3788149 0.3835183983870968 0.640399335483871 0.5567209677419355 0.6368274193548388 0.5513263725806452 0.3752429838709678 0.37812380322580647 0.3788149
4 0.5561178177419355 0.6274132032258065 0.6878387854838709 0.6287567516129032 0.6897854838709677 0.43790322580645163 0.5580645161290323 0.4365596774193548 0.5561178177419355 0.6274132032258065
4 0 0.4307778064516129 0.3618274193548387 0.4338709677419355 0.36453526774193545 0.11711602419354838 0 0.11399971451612903 0 0.4307778064516129
4 0 0.7484103177419354 0.34301129032258065 0.7497306451612904 0.3442167387096774 0.43656431774193544 0 0.43523934999999997 0 0.7484103177419354
4 0 0.8491935483870968 0.3967741935483871 0.8491935483870968 0.3967741935483871 0.7470435483870967 0 0.7470435483870967 0 0.8491935483870968
4 0.4088093225806452 0.6409858887096774 0.4115850274193548 0.937928106451613 0.7100214322580645 0.9351384338709678 0.7072457258064516 0.6381962161290322 0.4088093225806452 0.6409858887096774
4 0.051343548387096774 0 0.051343548387096774 0.11801129032258065 0.3309145161290323 0.11801129032258065 0.3309145161290323 0 0.051343548387096774 0
4 0.38333387096774196 0.36935483870967745 0.5325274193548387 0.36935483870967745 0.5325274193548387 0.17715 0.38333387096774196 0.17715 0.38333387096774196 0.36935483870967745
4 0.7005370967741936 0 0.7005370967741936 0.37473064516129034 1 0.37473064516129034 1 0 0.7005370967741936 0
4 1 0.731023906451613 0.7135387193548387 0.7335579532258064 0.7153225806451613 0.9352145161290322 1 0.9326962499999999 1 0.731023906451613
4 1 0.3841403225806452 0.6844080645161291 0.3841403225806452 0.6844080645161291 0.7336016129032259 1 0.7336016129032259 1 0.3841403225806452