5 0.061197916666666664 0.25048828125 0.047526041666666664 0.0908203125
5 0.109375 0.24951171875 0.029296875 0.0859375
5 0.14127604166666666 0.248046875 0.0390625 0.08740234375
5 0.17903645833333334 0.2470703125 0.033203125 0.08447265625
5 0.21549479166666666 0.24609375 0.032552083333333336 0.0947265625
5 0.2513020833333333 0.2470703125 0.022786458333333332 0.0927734375
5 0.29296875 0.25 0.037760416666666664 0.09619140625
5 0.46484375 0.251953125 0.027994791666666668 0.09375
5 0.5104166666666666 0.25390625 0.037760416666666664 0.09619140625
5 0.3391927083333333 0.24755859375 0.037760416666666664 0.09619140625
5 0.4225260416666667 0.25146484375 0.037760416666666664 0.09619140625
5 0.3782552083333333 0.24658203125 0.037760416666666664 0.09619140625
5 0.5416666666666666 0.251953125 0.037760416666666664 0.09619140625
5 0.7545572916666666 0.24658203125 0.031901041666666664 0.09814453125
15 0.9407552083333334 0.35791015625 0.034505208333333336 0.08740234375
15 0.7981770833333334 0.24560546875 0.034505208333333336 0.0986328125
15 0.8411458333333334 0.25244140625 0.034505208333333336 0.0986328125
15 0.8834635416666666 0.2490234375 0.034505208333333336 0.0986328125
15 0.93359375 0.24609375 0.034505208333333336 0.0986328125
15 0.98046875 0.240234375 0.034505208333333336 0.0986328125
15 0.8919270833333334 0.359375 0.02734375 0.091796875
15 0.8489583333333334 0.3564453125 0.02734375 0.091796875
15 0.8092447916666666 0.3623046875 0.02734375 0.091796875
15 0.765625 0.35986328125 0.02734375 0.091796875
15 0.982421875 0.359375 0.034505208333333336 0.08740234375
15 0.791015625 0.466796875 0.0390625 0.0810546875
15 0.873046875 0.46826171875 0.0390625 0.0810546875
15 0.916015625 0.46630859375 0.0390625 0.0810546875
15 0.9615885416666666 0.4638671875 0.0390625 0.0810546875
15 0.8307291666666666 0.4658203125 0.0390625 0.0810546875
18 0.06966145833333333 0.35498046875 0.044921875 0.08837890625
18 0.15299479166666666 0.35400390625 0.036458333333333336 0.0859375
18 0.18880208333333334 0.3525390625 0.044921875 0.08837890625
18 0.22200520833333334 0.35546875 0.044921875 0.08837890625
18 0.2591145833333333 0.35693359375 0.044921875 0.08837890625
18 0.2975260416666667 0.35693359375 0.041666666666666664 0.08544921875
18 0.3430989583333333 0.35986328125 0.044921875 0.08837890625
18 0.11653645833333333 0.3525390625 0.036458333333333336 0.0859375
7 0.091796875 0.4521484375 0.033854166666666664 0.080078125