5 0.019917582417582416 0.22760041194644695 0.03983516483516483 0.09577754891864057
5 0.06593406593406594 0.22657054582904224 0.030906593406593408 0.09062821833161688
5 0.09958791208791208 0.22502574665293512 0.04120879120879121 0.092173017507724
5 0.13942307692307693 0.22399588053553038 0.03502747252747253 0.08908341915550978
5 0.1778846153846154 0.22296601441812564 0.034340659340659344 0.09989701338825953
5 0.21565934065934067 0.22399588053553038 0.02403846153846154 0.09783728115345006
5 0.25961538461538464 0.22708547888774458 0.03983516483516483 0.10144181256436663
5 0.4409340659340659 0.22914521112255407 0.029532967032967032 0.09886714727085479
5 0.489010989010989 0.23120494335736355 0.03983516483516483 0.10144181256436663
5 0.3083791208791209 0.22451081359423275 0.03983516483516483 0.10144181256436663
5 0.39629120879120877 0.2286302780638517 0.03983516483516483 0.10144181256436663
5 0.34958791208791207 0.223480947476828 0.03983516483516483 0.10144181256436663
5 0.521978021978022 0.22914521112255407 0.03983516483516483 0.10144181256436663
5 0.7465659340659341 0.223480947476828 0.03365384615384615 0.1035015447991761
15 0.9429945054945055 0.3408856848609681 0.036401098901098904 0.092173017507724
15 0.7925824175824175 0.22245108135942326 0.036401098901098904 0.10401647785787847
15 0.8379120879120879 0.22966014418125644 0.036401098901098904 0.10401647785787847
15 0.882554945054945 0.22605561277033986 0.036401098901098904 0.10401647785787847
15 0.9354395604395604 0.22296601441812564 0.036401098901098904 0.10401647785787847
15 0.9831730769230769 0.21678681771369723 0.03365384615384615 0.10401647785787847
15 0.8914835164835165 0.34243048403707516 0.028846153846153848 0.09680741503604531
15 0.8461538461538461 0.339340885684861 0.028846153846153848 0.09680741503604531
15 0.8042582417582418 0.3455200823892894 0.028846153846153848 0.09680741503604531
15 0.7582417582417582 0.3429454170957775 0.028846153846153848 0.09680741503604531
15 0.9842032967032966 0.342173017507724 0.03159340659340659 0.092173017507724
15 0.7850274725274725 0.4557157569515963 0.04120879120879121 0.0854788877445932
15 0.8715659340659341 0.4572605561277034 0.04120879120879121 0.0854788877445932
15 0.9168956043956044 0.4552008238928939 0.04120879120879121 0.0854788877445932
15 0.9649725274725275 0.4526261585993821 0.04120879120879121 0.0854788877445932
15 0.8269230769230769 0.45468589083419153 0.04120879120879121 0.0854788877445932
18 0.02403846153846154 0.33779608650875387 0.04739010989010989 0.09320288362512873
18 0.11195054945054946 0.3367662203913491 0.038461538461538464 0.09062821833161688
18 0.14972527472527472 0.335221421215242 0.04739010989010989 0.09320288362512873
18 0.18475274725274726 0.33831101956745624 0.04739010989010989 0.09320288362512873
18 0.2239010989010989 0.33985581874356335 0.04739010989010989 0.09320288362512873
18 0.2644230769230769 0.33985581874356335 0.04395604395604396 0.09011328527291453
18 0.3125 0.3429454170957775 0.04739010989010989 0.09320288362512873
18 0.07348901098901099 0.335221421215242 0.038461538461538464 0.09062821833161688
7 0.04739010989010989 0.44026776519052524 0.03571428571428571 0.08444902162718847