5 0.0546875 0.21875 0.06575520833333333 0.11376953125
18 0.109375 0.21923828125 0.040364583333333336 0.11669921875
18 0.16341145833333334 0.21875 0.051432291666666664 0.10986328125
18 0.21809895833333334 0.21875 0.046223958333333336 0.10986328125
18 0.2688802083333333 0.21923828125 0.048828125 0.11474609375
18 0.3248697916666667 0.220703125 0.052083333333333336 0.11376953125
18 0.3815104166666667 0.21923828125 0.048828125 0.11083984375
18 0.134765625 0.35205078125 0.051432291666666664 0.107421875
18 0.1953125 0.35546875 0.057291666666666664 0.1064453125
18 0.248046875 0.35205078125 0.026041666666666668 0.0966796875
18 0.29296875 0.353515625 0.043619791666666664 0.09765625
18 0.3483072916666667 0.35400390625 0.042317708333333336 0.10107421875
18 0.4016927083333333 0.35546875 0.053385416666666664 0.10400390625
7 0.9791666666666666 0.35498046875 0.0390625 0.11376953125
7 0.9576822916666666 0.22509765625 0.037760416666666664 0.11181640625