18 0.01858600583090379 0.13469945355191257 0.03717201166180758 0.13060109289617486
18 0.07507288629737609 0.13442622950819672 0.0575801749271137 0.12295081967213115
18 0.13629737609329445 0.13442622950819672 0.05174927113702624 0.12295081967213115
18 0.19314868804664723 0.13497267759562842 0.05466472303206997 0.1284153005464481
18 0.25583090379008744 0.1366120218579235 0.05830903790087463 0.1273224043715847
18 0.31924198250728864 0.13497267759562842 0.05466472303206997 0.12404371584699453
18 0.043002915451895045 0.2836065573770492 0.0575801749271137 0.12021857923497267
18 0.11078717201166181 0.28743169398907104 0.0641399416909621 0.11912568306010929
18 0.16982507288629736 0.2836065573770492 0.029154518950437316 0.10819672131147541
18 0.22011661807580174 0.28524590163934427 0.048833819241982504 0.1092896174863388
18 0.2820699708454811 0.285792349726776 0.047376093294460644 0.11311475409836065
18 0.34183673469387754 0.28743169398907104 0.0597667638483965 0.11639344262295082
7 0.9832361516034985 0.2866120218579235 0.033527696793002916 0.1273224043715847
7 0.9642857142857143 0.14153005464480875 0.04227405247813411 0.1251366120218579