5 0.03141891891891892 0.2261904761904762 0.06283783783783783 0.11803444782168186
18 0.08581081081081081 0.22695035460992907 0.041891891891891894 0.12107396149949341
18 0.14189189189189189 0.22644376899696048 0.05337837837837838 0.11398176291793313
18 0.19864864864864865 0.22644376899696048 0.047972972972972976 0.11398176291793313
18 0.25135135135135134 0.22695035460992907 0.05067567567567568 0.11904761904761904
18 0.30945945945945946 0.22847011144883486 0.05405405405405406 0.11803444782168186
18 0.36824324324324326 0.22695035460992907 0.05067567567567568 0.11499493414387031
18 0.11216216216216217 0.364741641337386 0.05337837837837838 0.11144883485309018
18 0.175 0.36828774062816616 0.05945945945945946 0.11043566362715299
18 0.22972972972972974 0.364741641337386 0.02702702702702703 0.10030395136778116
18 0.27635135135135136 0.3662613981762918 0.04527027027027027 0.10131712259371833
18 0.33378378378378376 0.3667679837892604 0.04391891891891892 0.10486322188449848
18 0.3891891891891892 0.36828774062816616 0.05540540540540541 0.10790273556231003
7 0.9841216216216216 0.36752786220871325 0.03175675675675676 0.11803444782168186
7 0.9662162162162162 0.23302938196555217 0.03918918918918919 0.1160081053698075