18 0.3190104166666667 0.1708984375 0.061197916666666664 0.12158203125
18 0.384765625 0.171875 0.05078125 0.12548828125
18 0.4459635416666667 0.17578125 0.048828125 0.119140625
18 0.4993489583333333 0.1787109375 0.050130208333333336 0.11572265625
18 0.5657552083333334 0.181640625 0.048828125 0.1142578125
18 0.6100260416666666 0.1865234375 0.036458333333333336 0.1044921875
18 0.380859375 0.3251953125 0.064453125 0.119140625
18 0.3059895833333333 0.32177734375 0.06705729166666667 0.119140625
18 0.244140625 0.32666015625 0.061848958333333336 0.1220703125
18 0.4361979166666667 0.32958984375 0.051432291666666664 0.11474609375
18 0.48828125 0.33349609375 0.04296875 0.11083984375
18 0.5305989583333334 0.32763671875 0.043619791666666664 0.103515625
7 0.765625 0.20068359375 0.0390625 0.10546875
7 0.7584635416666666 0.3291015625 0.041666666666666664 0.1064453125