18 0.32180851063829785 0.15653040877367896 0.0625 0.12412761714855433
18 0.38896276595744683 0.1575274177467597 0.05186170212765957 0.12811565304087738
18 0.45146276595744683 0.16151545363908276 0.049867021276595744 0.12163509471585245
18 0.5059840425531915 0.16450648055832504 0.0511968085106383 0.11814556331006978
18 0.5738031914893617 0.1674975074775673 0.049867021276595744 0.11665004985044865
18 0.6190159574468085 0.17248255234297108 0.03723404255319149 0.10667996011964108
18 0.3849734042553192 0.3140578265204387 0.06582446808510638 0.12163509471585245
18 0.30851063829787234 0.31056829511465606 0.06848404255319149 0.12163509471585245
18 0.24534574468085107 0.3155533399800598 0.06316489361702128 0.12462612163509472
18 0.44148936170212766 0.3185443668993021 0.052526595744680854 0.11714855433698904
18 0.4946808510638298 0.32253240279162515 0.043882978723404256 0.113160518444666
18 0.5378989361702128 0.3165503489531406 0.04454787234042553 0.10568295114656032
7 0.7779255319148937 0.18693918245264207 0.0398936170212766 0.10767696909272183
7 0.7706117021276596 0.3180458624127617 0.0425531914893617 0.10867397806580259