5 0.01267529665587918 0.23453237410071942 0.02535059331175836 0.12661870503597122
5 0.05447680690399137 0.2446043165467626 0.041531823085221145 0.12805755395683452
5 0.09762675296655879 0.24676258992805755 0.041531823085221145 0.12877697841726618
5 0.01564185544768069 0.4075539568345324 0.03128371089536138 0.1316546762589928
5 0.05717367853290183 0.4093525179856115 0.041531823085221145 0.11726618705035971
5 0.10517799352750809 0.4179856115107914 0.038834951456310676 0.11510791366906475
5 0.021035598705501618 0.5805755395683453 0.042071197411003236 0.1223021582733813
5 0.0668824163969795 0.5820143884892086 0.039913700107874865 0.1223021582733813
5 0.11057173678532901 0.576978417266187 0.04261057173678533 0.1223021582733813
5 0.0056634304207119745 0.7618705035971223 0.011326860841423949 0.13381294964028778
5 0.034519956850053934 0.7611510791366907 0.04962243797195254 0.11942446043165468
5 0.07982740021574973 0.7640287769784173 0.05070118662351672 0.10143884892086331
5 0.12459546925566344 0.7482014388489209 0.04800431499460626 0.08848920863309352
5 0.02750809061488673 0.9485611510791367 0.038834951456310676 0.10287769784172662
5 0.0674217907227616 0.9410071942446043 0.04962243797195254 0.1158273381294964
5 0.11434735706580366 0.9345323741007194 0.045307443365695796 0.10719424460431655
18 0.22923408845738943 0.25467625899280577 0.034519956850053934 0.12446043165467625
18 0.2696871628910464 0.2568345323741007 0.0372168284789644 0.11366906474820145
18 0.22869471413160733 0.4179856115107914 0.03344120819848975 0.11223021582733812
18 0.27130528586839264 0.41294964028776976 0.039913700107874865 0.10287769784172662
18 0.2373247033441208 0.5676258992805755 0.030744336569579287 0.1158273381294964
18 0.2740021574973031 0.5676258992805755 0.0372168284789644 0.1
18 0.24487594390507011 0.737410071942446 0.036138079827400214 0.12805755395683452
18 0.2820927723840345 0.7251798561151079 0.03344120819848975 0.11223021582733812
18 0.2389428263214671 0.9064748201438849 0.04261057173678533 0.10863309352517986
18 0.2820927723840345 0.8935251798561151 0.04261057173678533 0.11151079136690648
7 0.3112189859762675 0.25971223021582734 0.034519956850053934 0.1223021582733813
7 0.30960086299892126 0.4179856115107914 0.036138079827400214 0.12446043165467625
7 0.31607335490830635 0.5712230215827339 0.028047464940668825 0.11510791366906475
7 0.32362459546925565 0.7251798561151079 0.02750809061488673 0.10575539568345324
7 0.31769147788565266 0.8820143884892087 0.030204962243797196 0.11007194244604317
15 0.5528586839266451 0.2870503597122302 0.02912621359223301 0.0985611510791367
15 0.5782092772384034 0.29640287769784174 0.01779935275080906 0.11223021582733812
15 0.610032362459547 0.29856115107913667 0.02912621359223301 0.09640287769784173
15 0.5501618122977346 0.4237410071942446 0.022653721682847898 0.08633093525179857
15 0.5744336569579288 0.4201438848920863 0.022653721682847898 0.08633093525179857
15 0.6057173678532902 0.4237410071942446 0.019417475728155338 0.0841726618705036
15 0.5490830636461704 0.560431654676259 0.018338727076591153 0.07913669064748201
5 0.5782092772384034 0.5618705035971223 0.025889967637540454 0.08489208633093526
15 0.6035598705501618 0.5611510791366906 0.02319309600862999 0.08633093525179857
15 0.6294498381877023 0.5640287769784172 0.030204962243797196 0.07697841726618705
15 0.5550161812297735 0.6964028776978417 0.019956850053937433 0.08705035971223021
15 0.5830636461704423 0.7057553956834532 0.02750809061488673 0.07841726618705036
15 0.551779935275081 0.8503597122302158 0.020496224379719527 0.08992805755395683
15 0.5841423948220065 0.8532374100719424 0.0296655879180151 0.08345323741007195
15 0.6116504854368932 0.8460431654676259 0.026429341963322545 0.07697841726618705
15 0.5776699029126213 0.5611510791366906 0.025889967637540454 0.08489208633093526