5 0.010610766045548654 0.1875 0.021221532091097308 0.13743093922651933
5 0.05331262939958592 0.18853591160220995 0.03881987577639751 0.12154696132596685
5 0.10041407867494824 0.19820441988950277 0.03985507246376811 0.12292817679558012
5 0.14182194616977226 0.20027624309392264 0.03985507246376811 0.12361878453038674
5 0.015269151138716356 0.35359116022099446 0.030538302277432712 0.13259668508287292
5 0.056935817805383024 0.35497237569060774 0.042443064182194616 0.12638121546961326
5 0.10300207039337474 0.356353591160221 0.03985507246376811 0.11256906077348067
5 0.14906832298136646 0.36464088397790057 0.037267080745341616 0.11049723756906077
5 0.019668737060041408 0.5227900552486188 0.039337474120082816 0.12154696132596685
5 0.06625258799171843 0.5207182320441989 0.04503105590062112 0.11740331491712708
5 0.11231884057971014 0.5220994475138122 0.038302277432712216 0.11740331491712708
5 0.15424430641821946 0.5172651933701657 0.04089026915113872 0.11740331491712708
5 0.03571428571428571 0.6947513812154696 0.046583850931677016 0.12845303867403315
5 0.08126293995859213 0.694060773480663 0.047619047619047616 0.11464088397790055
5 0.12474120082815734 0.6968232044198895 0.048654244306418216 0.09737569060773481
5 0.16770186335403728 0.6816298342541437 0.04606625258799172 0.08494475138121547
5 0.028985507246376812 0.8784530386740331 0.04503105590062112 0.11947513812154696
5 0.07453416149068323 0.8756906077348067 0.037267080745341616 0.10220994475138122
5 0.11283643892339544 0.8667127071823204 0.047619047619047616 0.1111878453038674
5 0.15786749482401657 0.8604972375690608 0.043478260869565216 0.10290055248618785
18 0.26811594202898553 0.2078729281767956 0.033126293995859216 0.11947513812154696
18 0.30693581780538304 0.20994475138121546 0.03571428571428571 0.10911602209944751
18 0.2675983436853002 0.36464088397790057 0.032091097308488616 0.10773480662983426
18 0.3084886128364389 0.35980662983425415 0.038302277432712216 0.09875690607734806
18 0.275879917184265 0.5082872928176796 0.029503105590062112 0.1111878453038674
18 0.3110766045548654 0.5082872928176796 0.03571428571428571 0.09599447513812155
18 0.2831262939958592 0.6712707182320442 0.03467908902691511 0.12292817679558012
18 0.3188405797101449 0.6595303867403315 0.032091097308488616 0.10773480662983426
18 0.2774327122153209 0.8335635359116023 0.04089026915113872 0.1042817679558011
18 0.3188405797101449 0.8211325966850829 0.04089026915113872 0.10704419889502763
7 0.34679089026915116 0.212707182320442 0.033126293995859216 0.11740331491712708
7 0.34523809523809523 0.36464088397790057 0.03467908902691511 0.11947513812154696
7 0.35144927536231885 0.5117403314917127 0.026915113871635612 0.11049723756906077
7 0.358695652173913 0.6595303867403315 0.026397515527950312 0.10151933701657459
7 0.3530020703933747 0.8100828729281768 0.028985507246376812 0.10566298342541436
15 0.5786749482401656 0.23895027624309392 0.027950310559006212 0.09461325966850828
15 0.6030020703933747 0.2479281767955801 0.017080745341614908 0.10773480662983426
15 0.6335403726708074 0.25 0.027950310559006212 0.0925414364640884
15 0.5760869565217391 0.3701657458563536 0.021739130434782608 0.08287292817679558
15 0.5993788819875776 0.36671270718232046 0.021739130434782608 0.08287292817679558
15 0.629399585921325 0.3701657458563536 0.018633540372670808 0.08080110497237569
15 0.5750517598343685 0.5013812154696132 0.017598343685300208 0.07596685082872928
5 0.6030020703933747 0.5027624309392266 0.024844720496894408 0.08149171270718232
15 0.6273291925465838 0.5020718232044199 0.022256728778467908 0.08287292817679558
15 0.6521739130434783 0.5048342541436464 0.028985507246376812 0.0738950276243094
15 0.5807453416149069 0.6319060773480663 0.019151138716356108 0.0835635359116022
15 0.6076604554865425 0.6408839779005525 0.026397515527950312 0.07527624309392265
15 0.577639751552795 0.7796961325966851 0.019668737060041408 0.08632596685082873
15 0.6086956521739131 0.7824585635359116 0.028467908902691512 0.08011049723756906
15 0.6350931677018633 0.7755524861878453 0.025362318840579712 0.0738950276243094
15 0.6024844720496895 0.5020718232044199 0.024844720496894408 0.08149171270718232