0 0.11177884615384616 0.5745192307692307 0.18509615384615385 0.25721153846153844
0 0.27403846153846156 0.6790865384615384 0.2932692307692308 0.28365384615384615
0 0.39663461538461536 0.7235576923076923 0.25 0.29086538461538464
0 0.6706730769230769 0.7163461538461539 0.2283653846153846 0.2283653846153846
0 0.5348557692307693 0.640625 0.37259615384615385 0.37740384615384615
0 0.4074519230769231 0.42788461538461536 0.19471153846153846 0.16826923076923078
0 0.2512019230769231 0.46634615384615385 0.28365384615384615 0.2644230769230769
0 0.8341346153846154 0.6262019230769231 0.31971153846153844 0.25721153846153844
0 0.7692307692307693 0.44471153846153844 0.33413461538461536 0.3004807692307692
0 0.5757211538461539 0.4338942307692308 0.2668269230769231 0.19230769230769232
0 0.6286057692307693 0.2860576923076923 0.19951923076923078 0.15384615384615385
0 0.484375 0.2608173076923077 0.2956730769230769 0.24519230769230768
0 0.3112980769230769 0.3173076923076923 0.1658653846153846 0.16826923076923078