0 0.10502403846153846 0.5267548076923076 0.1567307692307692 0.24105769230769225
0 0.2533894230769231 0.6498076923076923 0.2655288461538461 0.2528365384615384
0 0.3696394230769231 0.7088221153846154 0.21831730769230767 0.2659375
0 0.6428125 0.7354807692307692 0.20564903846153842 0.20384615384615373
0 0.5178125 0.6438942307692308 0.33324519230769234 0.3389423076923077
0 0.4168509615384615 0.4176923076923077 0.17675480769230775 0.14887019230769233
0 0.2577644230769231 0.4360576923076923 0.25680288461538464 0.2345432692307692
0 0.8167548076923077 0.6666346153846153 0.2948317307692307 0.22353365384615387
0 0.7745673076923077 0.47757211538461536 0.30487980769230777 0.26512019230769235
0 0.5835817307692308 0.44307692307692303 0.24843749999999992 0.16413461538461532
0 0.6532932692307691 0.3029807692307692 0.18466346153846144 0.13305288461538461
0 0.5134615384615384 0.2605769230769231 0.27204326923076927 0.2143509615384616
0 0.3347115384615385 0.29509615384615384 0.14877403846153842 0.15228365384615383