0 0.109375 0.4375 0.20673076923076922 0.2692307692307692
0 0.22596153846153846 0.5901442307692307 0.31490384615384615 0.30528846153846156
0 0.32572115384615385 0.6742788461538461 0.27163461538461536 0.3076923076923077
0 0.5865384615384616 0.7620192307692307 0.24519230769230768 0.24519230769230768
0 0.4855769230769231 0.6442307692307693 0.4014423076923077 0.40625
0 0.4375 0.4014423076923077 0.20673076923076922 0.18509615384615385
0 0.27884615384615385 0.38341346153846156 0.30288461538461536 0.2860576923076923
0 0.7716346153846154 0.7331730769230769 0.33653846153846156 0.28365384615384615
0 0.7728365384615384 0.5396634615384616 0.3557692307692308 0.3269230769230769
0 0.59375 0.46274038461538464 0.27884615384615385 0.21634615384615385
0 0.6935096153846154 0.3425480769230769 0.2091346153846154 0.17067307692307693
0 0.5673076923076923 0.2692307692307692 0.3125 0.2692307692307692
0 0.38461538461538464 0.26322115384615385 0.18028846153846154 0.18269230769230768