5 0.0586376404494382 0.09272918861959958 0.09339887640449439 0.18545837723919917
5 0.15484550561797752 0.09694415173867228 0.09058988764044944 0.19388830347734456
5 0.24297752808988765 0.10221285563751317 0.07865168539325842 0.19230769230769232
5 0.3202247191011236 0.1101159114857745 0.08497191011235955 0.1833508956796628
5 0.40379213483146065 0.11433087460484721 0.08146067415730338 0.17755532139093783
5 0.4803370786516854 0.12012644889357219 0.06952247191011236 0.17544783983140147
5 0.5484550561797753 0.12434141201264488 0.060393258426966294 0.1791359325605901
5 0.6200842696629213 0.1322444678609062 0.06320224719101124 0.18071654373024237
5 0.6860955056179775 0.13013698630136986 0.0625 0.17281348788198103
5 0.7471910112359551 0.13593256059009484 0.056179775280898875 0.1596417281348788
5 0.8110955056179775 0.1380400421496312 0.056179775280898875 0.15806111696522657
5 0.0625 0.3308746048472076 0.0723314606741573 0.17966280295047418
5 0.13342696629213482 0.3308746048472076 0.06460674157303371 0.17544783983140147
5 0.20224719101123595 0.3314014752370917 0.05407303370786517 0.17650158061116966
5 0.2675561797752809 0.3308746048472076 0.06671348314606741 0.16859852476290832
18 0.5414325842696629 0.32771338250790305 0.05547752808988764 0.16596417281348788
18 0.5969101123595506 0.3287671232876712 0.03932584269662921 0.15700737618545837