15 0.6155913978494624 0.18548387096774194 0.08400537634408602 0.18800403225806453
15 0.6875 0.1935483870967742 0.05577956989247312 0.1814516129032258
15 0.48051075268817206 0.2006048387096774 0.08131720430107527 0.1688508064516129
15 0.4206989247311828 0.21118951612903225 0.05846774193548387 0.16129032258064516
15 0.364247311827957 0.2157258064516129 0.06182795698924731 0.16784274193548387
5 0.04233870967741935 0.2373991935483871 0.05913978494623656 0.12247983870967742
5 0.00739247311827957 0.2373991935483871 0.01478494623655914 0.11995967741935484
22 0.8622311827956989 0.45110887096774194 0.07526881720430108 0.20463709677419356
22 0.769489247311828 0.4425403225806452 0.07123655913978495 0.19455645161290322
22 0.6854838709677419 0.4380040322580645 0.06317204301075269 0.1900201612903226
18 0.1297043010752688 0.3961693548387097 0.05913978494623656 0.11693548387096774
18 0.08736559139784947 0.3971774193548387 0.05712365591397849 0.12096774193548387
18 0.035618279569892476 0.3855846774193548 0.0456989247311828 0.11794354838709678