15 0.6263089005235603 0.18860510805500982 0.08180628272251309 0.1832023575638507
15 0.6963350785340314 0.19646365422396855 0.05431937172774869 0.17681728880157171
15 0.49476439790575916 0.20333988212180745 0.07918848167539266 0.16453831041257366
15 0.43651832460732987 0.21365422396856582 0.05693717277486911 0.15717092337917485
15 0.38154450261780104 0.2180746561886051 0.060209424083769635 0.16355599214145383
5 0.06806282722513089 0.23919449901768172 0.05759162303664921 0.1193516699410609
5 0.021596858638743454 0.23919449901768172 0.03992146596858639 0.1168958742632613
22 0.8664921465968587 0.4474459724950884 0.07329842931937172 0.1994106090373281
22 0.7761780104712042 0.43909626719056977 0.0693717277486911 0.18958742632612965
22 0.694371727748691 0.4346758349705305 0.061518324607329845 0.18516699410609036
18 0.1531413612565445 0.393909626719057 0.05759162303664921 0.11394891944990176
18 0.1119109947643979 0.3948919449901768 0.055628272251308904 0.11787819253438114
18 0.061518324607329845 0.3835952848722986 0.04450261780104712 0.11493123772102161