5 0.3391927083333333 0.19677734375 0.057291666666666664 0.1181640625
5 0.4069010416666667 0.2001953125 0.0546875 0.11083984375
5 0.46484375 0.20361328125 0.06901041666666667 0.11083984375
5 0.5208333333333334 0.20361328125 0.0546875 0.1171875
5 0.5852864583333334 0.21044921875 0.05859375 0.10546875
5 0.6419270833333334 0.21826171875 0.0546875 0.095703125
5 0.7005208333333334 0.205078125 0.061848958333333336 0.1142578125
5 0.759765625 0.212890625 0.055989583333333336 0.10400390625
5 0.8138020833333334 0.21484375 0.057291666666666664 0.10205078125
5 0.8704427083333334 0.2158203125 0.06315104166666667 0.11376953125
5 0.9290364583333334 0.22021484375 0.061197916666666664 0.09912109375
5 0.3619791666666667 0.34619140625 0.0546875 0.1171875
5 0.4225260416666667 0.35009765625 0.052083333333333336 0.1083984375
5 0.4752604166666667 0.34716796875 0.041666666666666664 0.119140625
5 0.5240885416666666 0.35205078125 0.06315104166666667 0.10986328125
5 0.5794270833333334 0.3505859375 0.041666666666666664 0.1181640625
5 0.625 0.35546875 0.07096354166666667 0.1171875
5 0.6712239583333334 0.35400390625 0.044921875 0.10986328125
5 0.7200520833333334 0.3466796875 0.050130208333333336 0.09521484375
5 0.77734375 0.35009765625 0.048828125 0.119140625
5 0.8196614583333334 0.3544921875 0.0546875 0.1025390625
5 0.87890625 0.353515625 0.048828125 0.11083984375
5 0.92578125 0.34912109375 0.047526041666666664 0.11669921875
5 0.9720052083333334 0.35009765625 0.055338541666666664 0.1025390625