5 0.03125 0.251953125 0.048177083333333336 0.1083984375
5 0.08984375 0.25146484375 0.059895833333333336 0.11181640625
5 0.14453125 0.255859375 0.048828125 0.107421875
5 0.19401041666666666 0.255859375 0.051432291666666664 0.109375
5 0.24869791666666666 0.25390625 0.053385416666666664 0.1083984375
5 0.050130208333333336 0.3896484375 0.051432291666666664 0.10107421875
5 0.10611979166666667 0.39306640625 0.047526041666666664 0.10107421875
5 0.1640625 0.3896484375 0.047526041666666664 0.0966796875
5 0.21419270833333334 0.396484375 0.050130208333333336 0.09912109375
5 0.267578125 0.39404296875 0.043619791666666664 0.09521484375
18 0.560546875 0.2626953125 0.040364583333333336 0.10009765625
18 0.609375 0.265625 0.0390625 0.10400390625
18 0.6529947916666666 0.263671875 0.030598958333333332 0.1083984375
18 0.6998697916666666 0.26416015625 0.040364583333333336 0.10546875
18 0.654296875 0.3837890625 0.033854166666666664 0.09912109375
18 0.6998697916666666 0.384765625 0.034505208333333336 0.10107421875
18 0.609375 0.3837890625 0.042317708333333336 0.0966796875
18 0.5598958333333334 0.38623046875 0.0390625 0.10400390625