5 0.04413892908827786 0.18729641693811075 0.06657018813314038 0.1243213897937025
5 0.1049204052098408 0.19218241042345277 0.05426917510853835 0.11943539630836048
5 0.15991316931982633 0.19218241042345277 0.057163531114327065 0.12160694896851248
5 0.22069464544138928 0.19001085776330076 0.059334298118668596 0.12052117263843648
5 0.014109985528219971 0.34066232356134635 0.028219971056439943 0.11237785016286644
5 0.06222865412445731 0.34473398479913137 0.052821997105643996 0.11237785016286644
5 0.12662807525325614 0.34093376764386535 0.052821997105643996 0.10749185667752444
5 0.18234442836468887 0.3485342019543974 0.055716353111432707 0.11020629750271443
5 0.24167872648335745 0.34581976112920737 0.04848046309696093 0.10586319218241043
18 0.5672937771345875 0.1997828447339848 0.04486251808972504 0.11129207383279044
18 0.6215629522431259 0.20304017372421282 0.04341534008683068 0.11563517915309446
18 0.6700434153400868 0.2008686210640608 0.03400868306801737 0.12052117263843648
18 0.7221418234442837 0.2014115092290988 0.04486251808972504 0.11726384364820847
18 0.6714905933429812 0.3344191096634093 0.03762662807525326 0.11020629750271443
18 0.7221418234442837 0.3355048859934853 0.03835021707670044 0.11237785016286644
18 0.6215629522431259 0.3344191096634093 0.04703328509406657 0.10749185667752444
18 0.5665701881331404 0.33713355048859933 0.04341534008683068 0.11563517915309446