15 0.60107421875 0.15169270833333334 0.029296875 0.14973958333333334
15 0.642578125 0.158203125 0.0400390625 0.15234375
15 0.59375 0.3411458333333333 0.03369140625 0.15299479166666666
15 0.6298828125 0.3463541666666667 0.0302734375 0.15559895833333334
15 0.673828125 0.3502604166666667 0.0361328125 0.14778645833333334
18 0.16552734375 0.14453125 0.044921875 0.15755208333333334
18 0.12451171875 0.134765625 0.0400390625 0.1640625
18 0.08251953125 0.14192708333333334 0.05322265625 0.16080729166666666
18 0.03662109375 0.13671875 0.0546875 0.16080729166666666
18 0.18212890625 0.3385416666666667 0.03759765625 0.130859375
18 0.1376953125 0.333984375 0.05224609375 0.12955729166666666
18 0.09423828125 0.3313802083333333 0.05224609375 0.14127604166666666
18 0.0615234375 0.3313802083333333 0.044921875 0.13671875