15 0.6211801896733403 0.14606741573033707 0.03161222339304531 0.16151685393258428
15 0.6659641728134879 0.15308988764044945 0.04320337197049526 0.16432584269662923
15 0.613277133825079 0.35042134831460675 0.03635405690200211 0.16502808988764045
15 0.6522655426765016 0.35603932584269665 0.032665964172813484 0.1678370786516854
15 0.6996838777660696 0.36025280898876405 0.03898840885142255 0.15941011235955055
18 0.15121180189673342 0.13834269662921347 0.04847207586933614 0.1699438202247191
18 0.10695468914646997 0.12780898876404495 0.04320337197049526 0.17696629213483145
18 0.06164383561643835 0.13553370786516855 0.05742887249736565 0.17345505617977527
18 0.020811380400421495 0.12956460674157302 0.04162276080084299 0.17345505617977527
18 0.1691253951527924 0.3476123595505618 0.04056902002107481 0.14115168539325842
18 0.12118018967334036 0.34269662921348315 0.05637513171759747 0.13974719101123595
18 0.07428872497365648 0.3398876404494382 0.05637513171759747 0.1523876404494382
18 0.03898840885142255 0.3398876404494382 0.04847207586933614 0.14747191011235955