18 0.07795698924731183 0.26663306451612906 0.04973118279569892 0.12600806451612903
18 0.14045698924731181 0.2752016129032258 0.05510752688172043 0.12298387096774194
18 0.20967741935483872 0.2772177419354839 0.05040322580645161 0.12298387096774194
18 0.26881720430107525 0.2777217741935484 0.041666666666666664 0.12600806451612903
18 0.32594086021505375 0.2842741935483871 0.04771505376344086 0.11290322580645161
18 0.3870967741935484 0.28830645161290325 0.05040322580645161 0.11189516129032258
18 0.44086021505376344 0.28881048387096775 0.035618279569892476 0.10836693548387097
18 0.4899193548387097 0.2928427419354839 0.038978494623655914 0.10433467741935484
18 0.540994623655914 0.29586693548387094 0.04502688172043011 0.10584677419354839
18 0.5913978494623656 0.3009072580645161 0.038978494623655914 0.10332661290322581
18 0.6323924731182796 0.3024193548387097 0.04704301075268817 0.1123991935483871
18 0.6861559139784946 0.3079637096774194 0.053763440860215055 0.10584677419354839
18 0.034274193548387094 0.4168346774193548 0.049059139784946235 0.10080645161290322
18 0.09274193548387097 0.4223790322580645 0.05241935483870968 0.10584677419354839
18 0.15120967741935484 0.42288306451612906 0.05040322580645161 0.10685483870967742
18 0.21169354838709678 0.42288306451612906 0.046370967741935484 0.10433467741935484
18 0.26344086021505375 0.4264112903225806 0.04771505376344086 0.10080645161290322
18 0.3172043010752688 0.4188508064516129 0.038978494623655914 0.0967741935483871
18 0.36626344086021506 0.41935483870967744 0.04502688172043011 0.09576612903225806
18 0.4099462365591398 0.42288306451612906 0.04771505376344086 0.10433467741935484
18 0.4522849462365591 0.4248991935483871 0.05309139784946237 0.09828629032258064
18 0.5053763440860215 0.4223790322580645 0.04032258064516129 0.08820564516129033
18 0.5470430107526881 0.42439516129032256 0.041666666666666664 0.08820564516129033
18 0.5887096774193549 0.4259072580645161 0.021505376344086023 0.07862903225806452
18 0.6270161290322581 0.4264112903225806 0.031586021505376344 0.08366935483870967
18 0.665994623655914 0.42993951612903225 0.041666666666666664 0.07459677419354839
18 0.7063172043010753 0.4279233870967742 0.035618279569892476 0.078125