18 0.06420765027322405 0.26895491803278687 0.050546448087431695 0.12807377049180327
18 0.12773224043715847 0.2776639344262295 0.056010928961748634 0.125
18 0.19808743169398907 0.2797131147540984 0.05122950819672131 0.125
18 0.2581967213114754 0.2802254098360656 0.04234972677595628 0.12807377049180327
18 0.3162568306010929 0.28688524590163933 0.04849726775956284 0.11475409836065574
18 0.37841530054644806 0.29098360655737704 0.05122950819672131 0.11372950819672131
18 0.43306010928961747 0.29149590163934425 0.036202185792349725 0.11014344262295082
18 0.48292349726775957 0.29559426229508196 0.03961748633879782 0.10604508196721311
18 0.5348360655737705 0.29866803278688525 0.045765027322404374 0.10758196721311475
18 0.5860655737704918 0.3037909836065574 0.03961748633879782 0.10502049180327869
18 0.6277322404371585 0.305327868852459 0.04781420765027322 0.11424180327868852
18 0.6823770491803278 0.3109631147540984 0.0546448087431694 0.10758196721311475
18 0.02219945355191257 0.42161885245901637 0.04439890710382514 0.10245901639344263
18 0.07923497267759563 0.42725409836065575 0.05327868852459016 0.10758196721311475
18 0.13866120218579234 0.42776639344262296 0.05122950819672131 0.10860655737704918
18 0.20013661202185792 0.42776639344262296 0.0471311475409836 0.10604508196721311
18 0.2527322404371585 0.43135245901639346 0.04849726775956284 0.10245901639344263
18 0.3073770491803279 0.42366803278688525 0.03961748633879782 0.09836065573770492
18 0.3572404371584699 0.42418032786885246 0.045765027322404374 0.09733606557377049
18 0.4016393442622951 0.42776639344262296 0.04849726775956284 0.10604508196721311
18 0.444672131147541 0.4298155737704918 0.05396174863387978 0.09989754098360656
18 0.49863387978142076 0.42725409836065575 0.040983606557377046 0.08965163934426229
18 0.5409836065573771 0.4293032786885246 0.04234972677595628 0.08965163934426229
18 0.5833333333333334 0.43084016393442626 0.02185792349726776 0.07991803278688525
18 0.6222677595628415 0.43135245901639346 0.03210382513661202 0.08504098360655737
18 0.6618852459016393 0.4349385245901639 0.04234972677595628 0.07581967213114754
18 0.7028688524590164 0.4328893442622951 0.036202185792349725 0.07940573770491803