19 0.159375 0.4388888888888889 0.07916666666666666 0.23703703703703705
18 0.25442708333333336 0.43472222222222223 0.065625 0.23148148148148148
9 0.45598958333333334 0.4324074074074074 0.041666666666666664 0.20555555555555555
7 0.5294270833333333 0.4287037037037037 0.0390625 0.20185185185185187
12 0.60234375 0.44675925925925924 0.058333333333333334 0.16574074074074074
17 0.4549479166666667 0.7203703703703703 0.04010416666666667 0.19166666666666668
6 0.56171875 0.7018518518518518 0.04010416666666667 0.17777777777777778
11 0.15260416666666668 0.09583333333333334 0.0640625 0.1527777777777778
14 0.04583333333333333 0.09675925925925925 0.06875 0.14166666666666666
7 0.25494791666666666 0.09768518518518518 0.07552083333333333 0.16944444444444445
15 0.38385416666666666 0.09953703703703703 0.04739583333333333 0.18796296296296297
14 0.5559895833333334 0.1050925925925926 0.04114583333333333 0.2101851851851852
5 0.47317708333333336 0.10185185185185185 0.04635416666666667 0.2037037037037037
15 0.625 0.10833333333333334 0.04583333333333333 0.21666666666666667
0 0.20911458333333333 0.7574074074074074 0.22604166666666667 0.34629629629629627
0 0.06197916666666667 0.425462962962963 0.12395833333333334 0.3138888888888889
0 0.05260416666666667 0.7847222222222222 0.09895833333333333 0.3175925925925926
0 0.8309895833333333 0.39351851851851855 0.209375 0.26944444444444443
0 0.8497395833333333 0.12129629629629629 0.2171875 0.24259259259259258