21 0.6255208333333333 0.42592592592592593 0.04895833333333333 0.1388888888888889
0 0.32057291666666665 0.36157407407407405 0.15989583333333332 0.19166666666666668
0 0.4947916666666667 0.4046296296296296 0.12135416666666667 0.15555555555555556
0 0.9135416666666667 0.4513888888888889 0.09114583333333333 0.17037037037037037
0 0.9317708333333333 0.6722222222222223 0.1328125 0.22777777777777777
0 0.9203125 0.8912037037037037 0.1375 0.2175925925925926
0 0.29921875 0.8962962962962963 0.13958333333333334 0.17592592592592593
0 0.07838541666666667 0.8055555555555556 0.15677083333333333 0.26296296296296295
8 0.28098958333333335 0.6333333333333333 0.0625 0.2175925925925926
10 0.3645833333333333 0.6453703703703704 0.042708333333333334 0.18796296296296297
11 0.4361979166666667 0.6513888888888889 0.0390625 0.18333333333333332
7 0.5075520833333333 0.6509259259259259 0.052083333333333336 0.19814814814814816
3 0.15338541666666666 0.37407407407407406 0.046875 0.30648148148148147
1 0.06432291666666666 0.362962962962963 0.075 0.31574074074074077
4 0.010677083333333334 0.37037037037037035 0.021354166666666667 0.26481481481481484
15 0.5908854166666667 0.6259259259259259 0.036458333333333336 0.22870370370370371
5 0.65078125 0.637962962962963 0.041666666666666664 0.21296296296296297
14 0.7096354166666666 0.6328703703703704 0.04114583333333333 0.21666666666666667
15 0.7627604166666667 0.6361111111111111 0.04479166666666667 0.22314814814814815
10 0.6846354166666667 0.4222222222222222 0.03958333333333333 0.16203703703703703
13 0.7424479166666667 0.4444444444444444 0.051041666666666666 0.13333333333333333
9 0.6276041666666666 0.899537037037037 0.03958333333333333 0.17685185185185184
10 0.6841145833333333 0.8949074074074074 0.042708333333333334 0.16944444444444445
12 0.7393229166666667 0.8986111111111111 0.05 0.15092592592592594
18 0.48776041666666664 0.9078703703703703 0.0421875 0.18425925925925926
19 0.42291666666666666 0.9009259259259259 0.03958333333333333 0.18425925925925926