6 0.5 0.6611111111111111 0.05416666666666667 0.1787037037037037
17 0.39947916666666666 0.6171296296296296 0.058333333333333334 0.1787037037037037
19 0.20989583333333334 0.24212962962962964 0.07916666666666666 0.2074074074074074
18 0.2799479166666667 0.2759259259259259 0.07708333333333334 0.21481481481481482
9 0.4401041666666667 0.3662037037037037 0.06302083333333333 0.1962962962962963
10 0.5096354166666667 0.3958333333333333 0.058333333333333334 0.1925925925925926
12 0.5783854166666667 0.449537037037037 0.0609375 0.1638888888888889
15 0.6473958333333333 0.14907407407407408 0.06458333333333334 0.19722222222222222
15 0.4234375 0.06481481481481481 0.065625 0.12962962962962962
5 0.5015625 0.08564814814814815 0.06145833333333333 0.1712962962962963
14 0.5778645833333333 0.11712962962962963 0.0640625 0.2
7 0.31588541666666664 0.03796296296296296 0.0734375 0.07592592592592592
11 0.24505208333333334 0.021296296296296296 0.07760416666666667 0.04259259259259259
0 0.1109375 0.175 0.18072916666666666 0.29907407407407405
0 0.0703125 0.4425925925925926 0.140625 0.2833333333333333
0 0.1984375 0.5041666666666667 0.18489583333333334 0.3277777777777778
0 0.8307291666666666 0.5296296296296297 0.28177083333333336 0.37222222222222223
0 0.8739583333333333 0.2671296296296296 0.2520833333333333 0.30648148148148147