6 0.521875 0.6560185185185186 0.03229166666666667 0.1712962962962963
17 0.41848958333333336 0.6569444444444444 0.036458333333333336 0.16944444444444445
19 0.18359375 0.37453703703703706 0.05520833333333333 0.19074074074074074
18 0.2559895833333333 0.3773148148148148 0.0515625 0.2
9 0.4236979166666667 0.3958333333333333 0.0390625 0.18611111111111112
10 0.49505208333333334 0.39444444444444443 0.034375 0.18518518518518517
12 0.5692708333333333 0.41759259259259257 0.041666666666666664 0.15185185185185185
15 0.5950520833333334 0.09583333333333334 0.04010416666666667 0.18703703703703703
15 0.36276041666666664 0.08518518518518518 0.043229166666666666 0.17037037037037037
5 0.4440104166666667 0.08888888888888889 0.03802083333333333 0.17777777777777778
14 0.5234375 0.09490740740740741 0.04010416666666667 0.18981481481481483
7 0.25104166666666666 0.08101851851851852 0.052083333333333336 0.16203703703703703
11 0.17734375 0.08009259259259259 0.05677083333333333 0.16018518518518518
10 0.1 0.07685185185185185 0.058333333333333334 0.1537037037037037
8 0.034375 0.075 0.0625 0.15
0 0.07838541666666667 0.35185185185185186 0.153125 0.24259259259259258
0 0.06640625 0.6328703703703704 0.1328125 0.23425925925925925
0 0.20807291666666666 0.6337962962962963 0.15364583333333334 0.2722222222222222
0 0.8247395833333333 0.38657407407407407 0.25416666666666665 0.2740740740740741
0 0.8361979166666667 0.11157407407407408 0.2421875 0.2101851851851852