19 0.16041666666666668 0.5768518518518518 0.10572916666666667 0.25925925925925924
18 0.2526041666666667 0.5342592592592592 0.0921875 0.24814814814814815
9 0.4484375 0.45185185185185184 0.06614583333333333 0.21388888888888888
7 0.5197916666666667 0.4185185185185185 0.06302083333333333 0.20925925925925926
12 0.59296875 0.40694444444444444 0.07708333333333334 0.1824074074074074
17 0.48385416666666664 0.7328703703703704 0.0625 0.19907407407407407
6 0.5856770833333333 0.6722222222222223 0.0609375 0.18703703703703703
11 0.11041666666666666 0.24537037037037038 0.08072916666666667 0.17222222222222222
14 0.023958333333333335 0.28888888888888886 0.04791666666666667 0.16296296296296298
7 0.21041666666666667 0.20601851851851852 0.09375 0.1925925925925926
15 0.33619791666666665 0.15648148148148147 0.06927083333333334 0.19907407407407407
14 0.5046875 0.10092592592592593 0.06666666666666667 0.20185185185185187
5 0.4234375 0.12268518518518519 0.0703125 0.21388888888888888
15 0.5713541666666667 0.09027777777777778 0.07291666666666667 0.18055555555555555
0 0.24895833333333334 0.8277777777777777 0.2604166666666667 0.34444444444444444
0 0.07135416666666666 0.6032407407407407 0.14270833333333333 0.3527777777777778
0 0.1 0.8916666666666667 0.13541666666666666 0.21666666666666667
0 0.8091145833333333 0.2638888888888889 0.23489583333333333 0.3416666666666667
0 0.79140625 0.075 0.2421875 0.15