0 0.196875 0.3162037037037037 0.26510416666666664 0.5009259259259259
0 0.4083333333333333 0.3509259259259259 0.1921875 0.2611111111111111
0 0.016927083333333332 0.48935185185185187 0.033854166666666664 0.2657407407407407
0 0.06692708333333333 0.8462962962962963 0.10572916666666667 0.3074074074074074
0 0.359375 0.7226851851851852 0.4166666666666667 0.5546296296296296
0 0.6369791666666667 0.3912037037037037 0.146875 0.2814814814814815
8 0.5625 0.10555555555555556 0.06458333333333334 0.2111111111111111
10 0.6296875 0.09814814814814815 0.06354166666666666 0.1962962962962963
10 0.91484375 0.2847222222222222 0.05625 0.16018518518518518
11 0.6924479166666667 0.08796296296296297 0.06510416666666667 0.17592592592592593
7 0.7515625 0.0837962962962963 0.07604166666666666 0.1675925925925926
19 0.71484375 0.37037037037037035 0.04583333333333333 0.18611111111111112
18 0.7635416666666667 0.3449074074074074 0.06197916666666667 0.1925925925925926
0 0.6528645833333333 0.6615740740740741 0.1328125 0.2935185185185185
0 0.76640625 0.5967592592592592 0.1734375 0.29259259259259257
17 0.8869791666666667 0.524537037037037 0.04375 0.1537037037037037
6 0.9390625 0.49027777777777776 0.058333333333333334 0.1537037037037037
12 0.95546875 0.27314814814814814 0.06041666666666667 0.14722222222222223
15 0.80703125 0.07083333333333333 0.0515625 0.14166666666666666
5 0.87109375 0.06296296296296296 0.0578125 0.1259259259259259
14 0.9109375 0.05740740740740741 0.058333333333333334 0.11481481481481481
15 0.9427083333333334 0.050462962962962966 0.04375 0.10092592592592593
9 0.8786458333333333 0.2986111111111111 0.046875 0.1648148148148148