16 0.4080729166666667 0.5152777777777777 0.0640625 0.2351851851851852
4 0.48880208333333336 0.4625 0.06666666666666667 0.30462962962962964
1 0.5588541666666667 0.4550925925925926 0.065625 0.28888888888888886
3 0.6359375 0.43703703703703706 0.0671875 0.2814814814814815
0 0.7549479166666667 0.375 0.19791666666666666 0.20092592592592592
0 0.9140625 0.36342592592592593 0.13854166666666667 0.1527777777777778
0 0.2125 0.5587962962962963 0.23697916666666666 0.31296296296296294
0 0.07916666666666666 0.8893518518518518 0.125 0.2212962962962963
0 0.24921875 0.8949074074074074 0.20260416666666667 0.2101851851851852
0 0.4778645833333333 0.8222222222222222 0.16302083333333334 0.35555555555555557
0 0.6341145833333334 0.8458333333333333 0.17135416666666667 0.28703703703703703
0 0.8255208333333334 0.8425925925925926 0.13385416666666666 0.2037037037037037
19 0.8880208333333334 0.8467592592592592 0.0375 0.14814814814814814
18 0.9333333333333333 0.8310185185185185 0.05260416666666667 0.16296296296296298
15 0.9703125 0.5578703703703703 0.040625 0.18888888888888888
7 0.9203125 0.5879629629629629 0.06666666666666667 0.1925925925925926
11 0.8669270833333333 0.6078703703703704 0.05625 0.175
10 0.8151041666666666 0.6236111111111111 0.05364583333333333 0.18611111111111112
8 0.7671875 0.6300925925925925 0.0375 0.19814814814814816