21 0.6223958333333334 0.410712962962963 0.04390104166666665 0.13360185185185186
0 0.31547395833333336 0.38425925925925924 0.15327604166666664 0.17327777777777775
0 0.4910729166666667 0.4054259259259259 0.11607291666666661 0.141537037037037
0 0.9107135416666666 0.4001296296296296 0.08482291666666673 0.1600555555555555
0 0.9375 0.6183888888888889 0.125 0.21296296296296297
0 0.935265625 0.8458981481481481 0.12946354166666676 0.21824999999999992
0 0.31536458333333334 0.9203703703703704 0.13385416666666666 0.15925925925925927
0 0.08333333333333333 0.858462962962963 0.16369270833333333 0.2433888888888888
8 0.28682812500000004 0.6600555555555556 0.05431770833333331 0.21163888888888882
10 0.3705364583333333 0.6620370370370371 0.03571354166666663 0.18386111111111106
11 0.44233854166666664 0.6587314814814814 0.0319947916666667 0.1798981481481481
7 0.513390625 0.6494722222222222 0.04464062500000002 0.1931203703703703
3 0.14918229166666666 0.41732407407407407 0.03496874999999999 0.3029074074074074
1 0.059895833333333336 0.41732407407407407 0.06324479166666667 0.3082037037037037
4 0.00625 0.43194444444444446 0.0125 0.2638888888888889
15 0.595609375 0.6144166666666667 0.027531250000000066 0.22619444444444442
5 0.6558802083333333 0.6190462962962964 0.03348437499999998 0.20899074074074078
14 0.7142864583333334 0.6064814814814815 0.0327395833333334 0.21296296296296297
15 0.767484375 0.6031759259259258 0.036458333333333336 0.21957407407407417
10 0.6811770833333333 0.39947222222222223 0.03348437499999998 0.15873148148148145
13 0.7395833333333334 0.4146851851851852 0.046130208333333415 0.1283055555555555
9 0.642859375 0.8829351851851852 0.0327395833333334 0.17327777777777786
10 0.6990312500000001 0.8710277777777778 0.036458333333333336 0.16534259259259265
12 0.7544635416666666 0.8677222222222222 0.04464062500000002 0.1455000000000001
18 0.50409375 0.9093888888888888 0.034968750000000055 0.18121296296296288
19 0.4388020833333333 0.9097222222222222 0.0328125 0.18055555555555555