16 0.4080729166666667 0.4837962962962963 0.0578125 0.23148148148148148
4 0.49296875 0.45925925925925926 0.058333333333333334 0.30092592592592593
1 0.5625 0.4759259259259259 0.0578125 0.2851851851851852
3 0.6401041666666667 0.4842592592592593 0.059895833333333336 0.2777777777777778
0 0.7635416666666667 0.4638888888888889 0.19427083333333334 0.18425925925925926
0 0.92109375 0.5064814814814815 0.13541666666666666 0.14166666666666666
0 0.21145833333333333 0.4601851851851852 0.23020833333333332 0.2935185185185185
0 0.04895833333333333 0.7902777777777777 0.09791666666666667 0.3175925925925926
0 0.20729166666666668 0.8402777777777778 0.19583333333333333 0.2712962962962963
0 0.4427083333333333 0.8180555555555555 0.153125 0.3638888888888889
0 0.5942708333333333 0.8740740740740741 0.16458333333333333 0.2518518518518518
0 0.7825520833333334 0.925 0.1296875 0.15
19 0.8434895833333333 0.9495370370370371 0.033854166666666664 0.10092592592592593
18 0.88984375 0.9462962962962963 0.0484375 0.10740740740740741
15 0.95546875 0.7162037037037037 0.035416666666666666 0.18703703703703703
7 0.903125 0.7291666666666666 0.06145833333333333 0.18888888888888888
11 0.8486979166666667 0.7300925925925926 0.0515625 0.17222222222222222
10 0.79609375 0.7282407407407407 0.0484375 0.18333333333333332
8 0.7484375 0.7185185185185186 0.03229166666666667 0.19722222222222222