16 0.4077395833333333 0.49537037037037035 0.04910937499999998 0.22619444444444442
4 0.49144270833333337 0.4603148148148148 0.046875 0.2962962962962963
1 0.5613854166666666 0.46825 0.046875 0.2804259259259259
3 0.6391354166666667 0.46693518518518523 0.04910937499999998 0.2724907407407408
0 0.7615312500000001 0.431212962962963 0.18824479166666658 0.16137962962962965
0 0.9203854166666667 0.45436111111111105 0.13095312499999992 0.12565740740740738
0 0.21056770833333335 0.4960277777777778 0.22023958333333335 0.2671944444444444
0 0.05234375 0.8472222222222222 0.1046875 0.3055555555555556
0 0.22135416666666666 0.8756574074074075 0.1867552083333333 0.24867592592592597
0 0.45535937499999996 0.825398148148148 0.1398802083333333 0.3492037037037038
0 0.609375 0.8723518518518517 0.1547604166666666 0.255287037037037
0 0.7994791666666666 0.910712962962963 0.12276562500000002 0.17857407407407397
19 0.8614583333333333 0.9282407407407407 0.028125 0.14351851851851852
18 0.9073645833333334 0.9226203703703704 0.04241145833333325 0.15475925925925935
15 0.962796875 0.6593888888888889 0.028276041666666647 0.18386111111111106
7 0.9110885416666666 0.6785740740740741 0.05431770833333331 0.18253703703703714
11 0.8567708333333334 0.6865092592592592 0.0453854166666666 0.16666666666666666
10 0.8043177083333333 0.6911388888888889 0.041666666666666664 0.17857407407407397
8 0.7563229166666667 0.6871666666666667 0.024552083333333266 0.19444444444444445