19 0.16071354166666665 0.4179907407407408 0.07440625000000001 0.23280555555555552
18 0.255953125 0.4193148148148148 0.06101041666666666 0.2275092592592593
9 0.45721875 0.42989814814814814 0.037947916666666616 0.20370370370370366
7 0.5308802083333333 0.4305555555555556 0.03496874999999999 0.1997314814814815
12 0.603421875 0.4530462962962963 0.05505729166666669 0.16269444444444442
17 0.4505208333333333 0.7175925925925926 0.036458333333333336 0.18915740740740739
6 0.5576614583333334 0.7056851851851852 0.036458333333333336 0.17592592592592593
11 0.16067708333333333 0.07453703703703704 0.0609375 0.14907407407407408
14 0.05394270833333333 0.06878703703703704 0.06621874999999999 0.1375648148148148
7 0.2630208333333333 0.08267592592592592 0.07217187499999997 0.1653425925925926
15 0.3917395833333333 0.09259259259259259 0.04390104166666665 0.18518518518518517
14 0.5639895833333333 0.10780555555555556 0.03720312499999991 0.21031481481481482
5 0.4810260416666667 0.10052777777777777 0.04241145833333337 0.20105555555555554
15 0.6328125 0.11157407407407408 0.041666666666666664 0.22314814814814815
0 0.20423958333333334 0.7394166666666667 0.2194947916666667 0.3333333333333333
0 0.061385416666666665 0.39814814814814814 0.122765625 0.30687962962962967
0 0.04724479166666667 0.7566111111111111 0.09300520833333333 0.31216666666666676
0 0.8329635416666666 0.4140185185185185 0.2046145833333334 0.2566111111111112
0 0.857515625 0.1289722222222222 0.21205208333333328 0.25793518518518516