0 0.22209895833333335 0.21693518518518518 0.22246875 0.4338611111111111
0 0.42596875 0.32275 0.1733645833333333 0.20635185185185187
0 0.015255208333333332 0.3220925925925926 0.030505208333333336 0.2605833333333334
0 0.033854166666666664 0.7314814814814815 0.06770833333333333 0.3677222222222221
0 0.33779687500000005 0.6732777777777778 0.37648958333333327 0.4391574074074074
0 0.646203125 0.4398148148148148 0.12276562500000002 0.24471296296296294
8 0.6041666666666666 0.13028703703703703 0.04315625000000007 0.20767592592592596
10 0.6711302083333333 0.14351851851851852 0.04315625000000007 0.1970925925925926
10 0.9304322916666667 0.4292314814814815 0.04092187500000009 0.14947222222222217
11 0.734375 0.1514537037037037 0.046130208333333415 0.18386111111111114
7 0.7935260416666666 0.16071296296296295 0.057291666666666664 0.18386111111111114
19 0.724703125 0.44576851851851856 0.02678645833333325 0.17989814814814817
18 0.775296875 0.43716666666666665 0.04315625000000007 0.181212962962963
0 0.6328125 0.7103148148148148 0.10640104166666665 0.2619074074074073
0 0.7511145833333334 0.6851851851851852 0.14955208333333328 0.24602777777777782
17 0.877234375 0.655425925925926 0.028276041666666647 0.14682407407407402
6 0.931921875 0.6395462962962963 0.04390104166666665 0.14153703703703716
12 0.9713541666666666 0.43187962962962967 0.046875 0.13360185185185186
15 0.8519322916666667 0.14087037037037037 0.028276041666666647 0.22089814814814812
5 0.915921875 0.15675 0.03720312499999991 0.19973148148148145
14 0.9564739583333334 0.15475925925925924 0.036458333333333336 0.20899074074074078
15 0.98828125 0.16203703703703703 0.0234375 0.1925925925925926
9 0.8932291666666666 0.4305555555555556 0.03050520833333342 0.1574074074074074