18 0.60956875 0.8346470588235294 0.06308124999999996 0.29040196078431374
18 0.6733374999999999 0.495843137254902 0.0630812499999999 0.2860980392156862
18 0.7377875 0.49476470588235294 0.06856875000000003 0.2818039215686274
18 0.42751875 0.16563725490196077 0.061025000000000065 0.2645882352941176
18 0.3644375 0.1640294117647059 0.06376874999999999 0.2570588235294117
5 0.3034125 0.1640294117647059 0.062393750000000026 0.26566666666666666
5 0.2465 0.17048039215686273 0.054168749999999974 0.2570588235294118
5 0.19061875 0.17101960784313724 0.06308125000000002 0.2559901960784314
5 0.12788125 0.17101960784313724 0.06651249999999999 0.2602843137254902
5 0.06925625 0.17370588235294118 0.05896875000000001 0.2592156862745098
5 0.30958125 0.5033725490196079 0.06788125 0.27749999999999997
5 0.369925 0.5006764705882353 0.062393749999999956 0.2742745098039215
5 0.42820625 0.4969117647058824 0.06513750000000001 0.2839509803921568
5 0.48991875 0.5001372549019608 0.06651250000000004 0.27749999999999997
5 0.42271875000000003 0.8341078431372548 0.048681250000000065 0.27642156862745104
5 0.17485 0.8437843137254901 0.056225000000000004 0.28717647058823537
5 0.12445 0.8410980392156863 0.051424999999999985 0.28395098039215677
5 0.07508125 0.8405588235294118 0.052800000000000014 0.28287254901960784
7 0.36820625 0.830343137254902 0.058968749999999945 0.29040196078431374
7 0.3065 0.829264705882353 0.060337499999999974 0.28395098039215677
7 0.23998750000000002 0.8362549019607843 0.06719375 0.29148039215686267
0 0.7936687499999999 0.16133333333333333 0.06925624999999996 0.2538333333333333
0 0.8557250000000001 0.1565 0.06856875000000003 0.25491176470588234
0 0.9198375 0.15972549019607843 0.05965624999999988 0.2484607843137255