4 0.0873015873015873 0.5565476190476191 0.1746031746031746 0.26785714285714285
4 0.2916666666666667 0.5565476190476191 0.25 0.26785714285714285
4 0.5734126984126984 0.5654761904761905 0.25793650793650796 0.35714285714285715
4 0.8511904761904762 0.5773809523809523 0.2976190476190476 0.39285714285714285
4 0.08531746031746032 0.7857142857142857 0.17063492063492064 0.15476190476190477
4 0.2876984126984127 0.7886904761904762 0.23412698412698413 0.17261904761904762
4 0.5753968253968254 0.8333333333333334 0.2619047619047619 0.16666666666666666
4 0.8571428571428571 0.8452380952380952 0.2857142857142857 0.16666666666666666
4 0.8472222222222222 0.17857142857142858 0.3055555555555556 0.35714285714285715
4 0.5694444444444444 0.21428571428571427 0.25 0.3333333333333333
4 0.2837301587301587 0.27380952380952384 0.24206349206349206 0.2857142857142857
4 0.07936507936507936 0.3125 0.15873015873015872 0.22023809523809523