4 0.13721804511278196 0.5596590909090909 0.19924812030075187 0.2556818181818182
4 0.34774436090225563 0.5596590909090909 0.23684210526315788 0.2556818181818182
4 0.6146616541353384 0.5681818181818182 0.24436090225563908 0.3409090909090909
4 0.868421052631579 0.5795454545454546 0.2631578947368421 0.375
4 0.13909774436090225 0.7784090909090909 0.18796992481203006 0.14772727272727273
4 0.34398496240601506 0.78125 0.22180451127819548 0.16477272727272727
4 0.6165413533834586 0.8238636363636364 0.24812030075187969 0.1590909090909091
4 0.8740601503759399 0.8352272727272727 0.2518796992481203 0.1590909090909091
4 0.8646616541353384 0.1903409090909091 0.2706766917293233 0.35795454545454547
4 0.6109022556390977 0.23295454545454544 0.23684210526315788 0.3181818181818182
4 0.34022556390977443 0.2897727272727273 0.22932330827067668 0.2727272727272727
4 0.12969924812030076 0.32670454545454547 0.18421052631578946 0.21022727272727273