1 0.7528409090909091 0.7769999999999999 0.17303977272727264 0.3153437499999999
6 0.5836647727272727 0.78125 0.16528409090909094 0.3125
1 0.08005681818181819 0.46449999999999997 0.16011363636363637 0.33237500000000003
6 0.761875 0.46021875 0.17045454545454544 0.31818749999999996
6 0.24664772727272724 0.47015624999999994 0.17821022727272726 0.33237500000000003
19 0.4080681818181818 0.78125 0.17045454545454544 0.32387499999999997
19 0.5888352272727273 0.152 0.17562499999999998 0.30396875
1 0.9190340909090909 0.14375 0.16193181818181818 0.2875
16 0.9183806818181818 0.45881249999999996 0.1632102272727274 0.32103125000000005
16 0.08005681818181819 0.78409375 0.16011363636363637 0.30681250000000004
8 0.5836647727272727 0.46590625 0.18593749999999998 0.33521874999999995