8 0.9299307958477508 0.7701037613488976 0.14013840830449828 0.4597924773022049
8 0.7742214532871973 0.7775616083009079 0.18339100346020762 0.44487678339818415
8 0.6267301038062284 0.7720492866407264 0.12370242214532871 0.45590142671854733
8 0.49048442906574397 0.7720492866407264 0.14359861591695502 0.45590142671854733
8 0.2755190311418685 0.7658884565499352 0.16868512110726644 0.4682230869001297
18 0.08001730103806229 0.7733463035019456 0.16003460207612458 0.45330739299610895
18 0.17993079584775087 0.7720492866407264 0.09515570934256055 0.45590142671854733
18 0.9286332179930796 0.2237354085603113 0.14273356401384082 0.4474708171206226
18 0.7603806228373703 0.22697795071335927 0.14878892733564014 0.45395590142671854
7 0.6032871972318339 0.2361348897535668 0.1545242214532871 0.43178988326848244
7 0.4455017301038062 0.22795071335927367 0.16089965397923875 0.45590142671854733
7 0.3040657439446367 0.24350843060959793 0.15172145328719722 0.4296822308690014
7 0.22118512110726643 0.26457198443579766 0.08710207612456743 0.3875551232166019
7 0.06314878892733564 0.2619974059662776 0.12629757785467127 0.39169909208819714