3 0.9191666666666667 0.9285714285714286 0.05388888888888889 0.14285714285714285
3 0.8605555555555555 0.9256644518272426 0.05555555555555555 0.14867109634551495
3 0.8080555555555555 0.9298172757475083 0.05722222222222222 0.1403654485049834
3 0.7552777777777778 0.9285714285714286 0.059444444444444446 0.14285714285714285
3 0.6958333333333333 0.9310631229235881 0.059444444444444446 0.1378737541528239
3 0.6386111111111111 0.9314784053156147 0.06277777777777778 0.13704318936877077
3 0.5783333333333334 0.9314784053156147 0.06111111111111111 0.13704318936877077
3 0.5236111111111111 0.9327242524916943 0.06277777777777778 0.1345514950166113
3 0.4625 0.9327242524916943 0.051666666666666666 0.1345514950166113
3 0.4097222222222222 0.9339700996677741 0.05722222222222222 0.13205980066445183
3 0.3572222222222222 0.9356312292358804 0.05555555555555555 0.1287375415282392
3 0.30694444444444446 0.9356312292358804 0.051666666666666666 0.1287375415282392
3 0.2525 0.9339700996677741 0.05388888888888889 0.13205980066445183
3 0.1986111111111111 0.9397840531561462 0.05722222222222222 0.12043189368770764
3 0.14472222222222222 0.9339700996677741 0.05722222222222222 0.13205980066445183
3 0.09305555555555556 0.9410299003322259 0.05388888888888889 0.11794019933554817
3 0.04027777777777778 0.9381229235880398 0.051666666666666666 0.12375415282392027