8 0.927654109589041 0.7637997432605905 0.1446917808219178 0.472400513478819
8 0.7705479452054794 0.771181001283697 0.1815068493150685 0.4576379974326059
8 0.6245719178082192 0.7657252888318357 0.12243150684931507 0.4685494223363286
8 0.4901455479452055 0.7613671373555841 0.14181506849315056 0.4586264441591784
8 0.2769691780821918 0.7596277278562259 0.16695205479452055 0.48074454428754815
18 0.08133561643835617 0.7612323491655969 0.16267123287671234 0.4544287548138639
18 0.1828681506849315 0.7582413350449293 0.09454623287671234 0.4523748395378689
18 0.9263698630136986 0.21790757381258022 0.14726027397260275 0.43581514762516044
18 0.7568493150684932 0.22111681643132222 0.14726027397260275 0.44223363286264444
7 0.6013698630136987 0.22664955070603338 0.15293664383561634 0.42735558408215657
7 0.4452054794520548 0.2220795892169448 0.15924657534246575 0.4441591784338896
7 0.305222602739726 0.23394736842105263 0.1501626712328767 0.4252695763799744
7 0.22319349315068493 0.25479460847240054 0.08620719178082187 0.38357509627727865
7 0.0646404109589041 0.2522464698331194 0.1292808219178082 0.38767650834403083