4 0.7903225806451613 0.6781609195402298 0.1532258064516129 0.16091954022988506
4 0.6451612903225806 0.7212643678160919 0.13709677419354838 0.25862068965517243
4 0.5040322580645161 0.7528735632183908 0.14516129032258066 0.27586206896551724
4 0.3125 0.7701149425287356 0.21370967741935484 0.3218390804597701
4 0.1028225806451613 0.8045977011494253 0.2056451612903226 0.3563218390804598
4 0.10483870967741936 0.13218390804597702 0.20967741935483872 0.26436781609195403
4 0.3165322580645161 0.15517241379310345 0.2217741935483871 0.3103448275862069
4 0.5080645161290323 0.16379310344827586 0.14516129032258066 0.3045977011494253
4 0.6411290322580645 0.21264367816091953 0.11290322580645161 0.26436781609195403
4 0.7883064516129032 0.25 0.14919354838709678 0.23563218390804597
4 0.9375 0.29022988505747127 0.125 0.1781609195402299
4 0.1028225806451613 0.4396551724137931 0.2056451612903226 0.3390804597701149
4 0.3165322580645161 0.4511494252873563 0.2056451612903226 0.3160919540229885
4 0.6391129032258065 0.45977011494252873 0.10887096774193548 0.25287356321839083
4 0.5040322580645161 0.46264367816091956 0.14516129032258066 0.29310344827586204
4 0.7580645161290323 0.47701149425287354 0.08870967741935484 0.22988505747126436
4 0.9415322580645161 0.47988505747126436 0.11693548387096774 0.1896551724137931