3 0.85075 0.9047085201793722 0.0485 0.1905829596412556
3 0.798335 0.9023393124065769 0.05 0.19531390134529142
3 0.750835 0.9030866965620328 0.05166499999999996 0.18186098654708516
3 0.70325 0.9047085201793722 0.0535 0.1905829596412556
3 0.65 0.9068236173393124 0.053335000000000035 0.18435724962630798
3 0.5983350000000001 0.9043348281016442 0.056664999999999965 0.17937219730941703
3 0.544165 0.9073243647234679 0.055 0.18535127055306427
3 0.49475 0.9084454409566517 0.0565 0.18310911808669655
3 0.43975 0.9084454409566517 0.0465 0.18310911808669655
3 0.3925 0.9093198804185352 0.05166499999999996 0.17937219730941703
3 0.345 0.9110612855007474 0.05 0.17787742899850523
3 0.3 0.9110612855007474 0.04666499999999996 0.17787742899850523
3 0.25083500000000003 0.9098131539611359 0.04833499999999998 0.18036621823617333
3 0.2025 0.9147982062780269 0.05166500000000002 0.17040358744394618
3 0.154165 0.9098131539611359 0.05166500000000002 0.18036621823617333
3 0.1075 0.9155455904334828 0.048334999999999996 0.16691330343796706
3 0.06 0.9135500747384155 0.04666499999999999 0.1728923766816143