4 0.4835766423357664 0.5646067415730337 0.20072992700729927 0.21910112359550563
4 0.6496350364963503 0.5646067415730337 0.10948905109489052 0.19662921348314608
4 0.2773722627737226 0.6039325842696629 0.1678832116788321 0.21910112359550563
4 0.09306569343065693 0.6376404494382022 0.18613138686131386 0.2640449438202247
4 0.9306569343065694 0.6966292134831461 0.10218978102189781 0.15730337078651685
4 0.801094890510949 0.7134831460674157 0.17883211678832117 0.16853932584269662
4 0.4835766423357664 0.7724719101123596 0.20802919708029197 0.17415730337078653
4 0.6478102189781022 0.7780898876404494 0.12043795620437957 0.21910112359550563
4 0.2791970802919708 0.8539325842696629 0.17883211678832117 0.23595505617977527
4 0.08941605839416059 0.8876404494382022 0.17883211678832117 0.21348314606741572
4 0.09854014598540146 0.12640449438202248 0.19708029197080293 0.25280898876404495
4 0.28284671532846717 0.1348314606741573 0.17153284671532848 0.24719101123595505
4 0.48722627737226276 0.16853932584269662 0.19343065693430658 0.21348314606741572
4 0.6551094890510949 0.16853932584269662 0.12043795620437957 0.21348314606741572
4 0.7956204379562044 0.18258426966292135 0.16058394160583941 0.17415730337078653
4 0.9324817518248175 0.1853932584269663 0.09854014598540146 0.19101123595505617
4 0.6459854014598541 0.3539325842696629 0.11678832116788321 0.15730337078651685
4 0.9288321167883211 0.3539325842696629 0.09854014598540146 0.14606741573033707
4 0.7974452554744526 0.3595505617977528 0.16423357664233576 0.16853932584269662
4 0.28102189781021897 0.36235955056179775 0.1678832116788321 0.21910112359550563
4 0.48905109489051096 0.3707865168539326 0.1897810218978102 0.19101123595505617
4 0.09671532846715329 0.38202247191011235 0.19343065693430658 0.24719101123595505
4 0.9379562043795621 0.5224719101123596 0.0948905109489051 0.15730337078651685
4 0.7974452554744526 0.5308988764044944 0.16423357664233576 0.15168539325842698