8 0.8684921875 0.8333359375 0.17447656249999993 0.30728906249999993
8 0.625 0.8294296875 0.11978906249999995 0.21614843750000007
8 0.87109375 0.49349218749999996 0.15885156249999993 0.29947656249999993
8 0.6236953125 0.5013046875 0.16927343750000007 0.3203125
8 0.37760156249999993 0.5 0.17187499999999994 0.328125
8 0.13021093749999996 0.49869531250000004 0.17187499999999997 0.30989843750000007
8 0.13150781250000002 0.16927343749999996 0.1536484375 0.296875
8 0.3776015625 0.16927343749999996 0.16666406250000004 0.296875
8 0.6223984375 0.17317968749999998 0.171875 0.3307265625
8 0.8658828125 0.171875 0.1640625 0.328125
16 0.3776015625 0.8268203125 0.08853906250000003 0.15885156249999993