18 0.5868733333333332 0.8288075313807531 0.06728666666666656 0.30984309623430967
18 0.6548933333333333 0.46732217573221757 0.06728666666666656 0.30525104602510456
18 0.7236400000000001 0.46617154811715483 0.07314000000000002 0.30066945606694556
18 0.3923333333333333 0.12761506276150628 0.06466666666666666 0.25523012552301255
18 0.3253333333333333 0.125 0.068 0.25
5 0.26 0.12709205020920503 0.06666666666666667 0.25418410041841005
5 0.19933333333333333 0.12813807531380753 0.05733333333333333 0.25627615062761505
5 0.13966666666666666 0.12813807531380753 0.06733333333333333 0.25627615062761505
5 0.07266666666666667 0.1297071129707113 0.07066666666666667 0.2594142259414226
5 0.020666666666666667 0.1307531380753138 0.04133333333333333 0.2615062761506276
5 0.26688666666666666 0.4753556485355649 0.07240666666666667 0.29607740585774056
5 0.33125333333333334 0.4724790794979079 0.06655333333333328 0.2926359832635983
5 0.39342 0.46846234309623436 0.06948000000000001 0.302960251046025
5 0.4592466666666667 0.47190376569037656 0.07094666666666671 0.29607740585774056
5 0.38756666666666667 0.8282322175732217 0.05192666666666673 0.2949267782426779
5 0.12317333333333333 0.8385564853556485 0.05997333333333336 0.30640167364016746
5 0.06941333333333334 0.8356903765690377 0.054853333333333316 0.302960251046025
5 0.022333333333333334 0.8347280334728033 0.04466666666666667 0.301255230125523
7 0.32942 0.8242154811715482 0.06289999999999994 0.30984309623430967
7 0.2636 0.8230648535564854 0.06435999999999997 0.302960251046025
7 0.19265333333333334 0.8305230125523013 0.07167333333333333 0.31099372384937235
0 0.783 0.12290794979079497 0.074 0.24581589958158995
0 0.8493333333333334 0.1202928870292887 0.07333333333333333 0.2405857740585774
0 0.9176666666666666 0.1202928870292887 0.06333333333333334 0.2405857740585774