4 0.6065891472868217 0.575 0.12015503875968993 0.16111111111111112
4 0.9224806201550387 0.575 0.15503875968992248 0.16111111111111112
4 0.13565891472868216 0.575 0.16279069767441862 0.17222222222222222
4 0.7848837209302325 0.5777777777777777 0.12015503875968993 0.15555555555555556
4 0.4631782945736434 0.5805555555555556 0.15891472868217055 0.15
4 0.2713178294573643 0.5805555555555556 0.12403100775193798 0.15
4 0.25193798449612403 0.725 0.16279069767441862 0.12777777777777777
4 0.5813953488372093 0.7333333333333333 0.17054263565891473 0.15555555555555556
4 0.10852713178294573 0.7333333333333333 0.10852713178294573 0.14444444444444443
4 0.437984496124031 0.7361111111111112 0.11627906976744186 0.16111111111111112
4 0.8081395348837209 0.7361111111111112 0.16666666666666666 0.16111111111111112
4 0.9476744186046512 0.7388888888888889 0.10465116279069768 0.15555555555555556
4 0.4418604651162791 0.4111111111111111 0.11627906976744186 0.15555555555555556
4 0.5813953488372093 0.41388888888888886 0.16279069767441862 0.15
4 0.9437984496124031 0.41388888888888886 0.1124031007751938 0.17222222222222222
4 0.7965116279069767 0.425 0.16666666666666666 0.15
4 0.1182170542635659 0.42777777777777776 0.12015503875968993 0.15555555555555556
4 0.2558139534883721 0.42777777777777776 0.15503875968992248 0.16666666666666666