6 0.0828125 0.6222222222222222 0.165625 0.7555555555555555
6 0.221875 0.55 0.259375 0.6666666666666666
6 0.409375 0.4638888888888889 0.178125 0.5722222222222222
6 0.43203125 0.8611111111111112 0.1484375 0.2777777777777778
16 0.53671875 0.4027777777777778 0.1359375 0.49444444444444446
16 0.6328125 0.36666666666666664 0.10625 0.4388888888888889
16 0.5484375 0.8138888888888889 0.1 0.35555555555555557
16 0.63671875 0.7458333333333333 0.0734375 0.3194444444444444
8 0.7875 0.28888888888888886 0.09375 0.3055555555555556
8 0.8515625 0.2638888888888889 0.053125 0.2833333333333333
8 0.803125 0.5541666666666667 0.05 0.225
8 0.84296875 0.5333333333333333 0.0421875 0.23333333333333334