8 0.495080971659919 0.5054858299595142 0.3180971659919028 0.6101821862348178
8 0.9180161943319838 0.819838056680162 0.16396761133603238 0.3157894736842105
8 0.7481174089068826 0.8221457489878542 0.1706275303643724 0.3180971659919028
8 0.9180161943319838 0.5 0.16396761133603238 0.3117408906882591
8 0.7553441295546558 0.5040485829959515 0.17929149797570837 0.312327935222672
8 0.9159919028340081 0.18522267206477733 0.1680161943319838 0.305668016194332
8 0.7524493927125505 0.18884615384615389 0.16773279352226722 0.3180971659919028
8 0.24493927125506074 0.19317813765182187 0.16483805668016197 0.3094331983805668
8 0.07894736842105263 0.19129554655870445 0.15789473684210525 0.31781376518218624
8 0.247834008097166 0.49971659919028344 0.1706275303643725 0.3094331983805668
8 0.07894736842105263 0.5040485829959515 0.15789473684210525 0.32793522267206476
8 0.07793522267206478 0.8228744939271255 0.15587044534412955 0.3259109311740891
8 0.24350202429149798 0.8178137651821862 0.16773279352226717 0.32099190283400797