8 0.49713999999999997 0.50142 0.31427999999999995 0.6028600000000001
8 0.91714 0.81286 0.16572000000000003 0.3114200000000001
8 0.74714 0.81428 0.16857999999999992 0.31427999999999995
8 0.91714 0.49713999999999997 0.16572000000000003 0.3085799999999999
8 0.75428 0.5 0.17713999999999988 0.3085799999999999
8 0.915 0.185 0.17 0.302
8 0.75142 0.18858000000000005 0.16572000000000003 0.31427999999999995
8 0.25 0.19286 0.16286 0.30572000000000005
8 0.08286 0.19141999999999995 0.16572 0.31427999999999995
8 0.25286000000000003 0.49572000000000005 0.16858000000000004 0.30572000000000005
8 0.08286 0.50142 0.16572 0.32286000000000004
8 0.081 0.815 0.162 0.322
8 0.24858000000000002 0.81 0.16571999999999998 0.31713999999999987