8 0.9289916666666667 0.76795 0.1420083333333332 0.4640937499999999
8 0.7754333333333333 0.77505625 0.1759250000000001 0.4498875000000001
8 0.6333416666666667 0.7699812500000001 0.11909166666666673 0.4600375
8 0.502075 0.76325625 0.13803333333333323 0.44658749999999997
8 0.29501666666666665 0.76389375 0.16239166666666668 0.4722125
18 0.09337500000000001 0.76325625 0.18134166666666668 0.442525
18 0.20299166666666668 0.7602125 0.09202500000000001 0.4404999999999999
18 0.9276416666666667 0.22430624999999998 0.14471666666666655 0.44455625
18 0.7619083333333333 0.23344375 0.14344999999999988 0.43846874999999996
7 0.6103333333333333 0.242575 0.14885833333333323 0.41613749999999994
7 0.45876666666666666 0.23243124999999998 0.15427500000000005 0.44455625
7 0.32208333333333333 0.24968125 0.14615833333333333 0.4141062500000001
7 0.24224166666666666 0.26998125 0.08390833333333331 0.3735062500000001
7 0.08796666666666667 0.26795 0.1272083333333333 0.37756875000000006