0 0.4892086330935252 0.5580110497237569 0.2158273381294964 0.2596685082872928
0 0.6510791366906474 0.5193370165745856 0.12589928057553956 0.2154696132596685
0 0.2931654676258993 0.6464088397790055 0.18705035971223022 0.2541436464088398
0 0.11690647482014388 0.7209944751381215 0.20863309352517986 0.2983425414364641
0 0.9388489208633094 0.580110497237569 0.11510791366906475 0.17679558011049723
0 0.8129496402877698 0.6270718232044199 0.1906474820143885 0.20441988950276244
0 0.5107913669064749 0.7596685082872928 0.21942446043165467 0.22099447513812154
0 0.670863309352518 0.7265193370165746 0.14028776978417265 0.2430939226519337
0 0.3183453237410072 0.8756906077348067 0.19784172661870503 0.24861878453038674
0 0.1366906474820144 0.919889502762431 0.19424460431654678 0.16022099447513813
0 0.08812949640287769 0.22375690607734808 0.17625899280575538 0.292817679558011
0 0.2517985611510791 0.1878453038674033 0.1906474820143885 0.281767955801105
0 0.45323741007194246 0.17403314917127072 0.20863309352517986 0.2541436464088398
0 0.6169064748201439 0.13259668508287292 0.14028776978417265 0.23756906077348067
0 0.7553956834532374 0.1132596685082873 0.17266187050359713 0.20994475138121546
0 0.8884892086330936 0.09392265193370165 0.11510791366906475 0.1878453038674033
0 0.6258992805755396 0.3149171270718232 0.12949640287769784 0.18232044198895028
0 0.9028776978417267 0.24861878453038674 0.11151079136690648 0.16574585635359115
0 0.7751798561151079 0.2845303867403315 0.17625899280575538 0.20441988950276244
0 0.2715827338129496 0.4088397790055249 0.18705035971223022 0.2541436464088398
0 0.4748201438848921 0.3701657458563536 0.20503597122302158 0.23204419889502761
0 0.10071942446043165 0.4696132596685083 0.2014388489208633 0.287292817679558
0 0.9280575539568345 0.4088397790055249 0.1079136690647482 0.17679558011049723
0 0.7913669064748201 0.45027624309392267 0.17625899280575538 0.1878453038674033