4 0.7696428571428572 0.7341772151898734 0.16071428571428573 0.2911392405063291
4 0.6035714285714285 0.7373417721518988 0.17142857142857143 0.2974683544303797
4 0.11071428571428571 0.7436708860759493 0.15714285714285714 0.310126582278481
4 0.275 0.7436708860759493 0.15 0.2974683544303797
4 0.44285714285714284 0.7468354430379747 0.15 0.2911392405063291
4 0.11785714285714285 0.16772151898734178 0.16428571428571428 0.2721518987341772
4 0.2767857142857143 0.17405063291139242 0.15357142857142858 0.2848101265822785
4 0.2714285714285714 0.4430379746835443 0.16428571428571428 0.26582278481012656
4 0.11071428571428571 0.45569620253164556 0.16428571428571428 0.27848101265822783
4 0.44285714285714284 0.4588607594936709 0.15 0.2974683544303797
4 0.5982142857142857 0.4620253164556962 0.16785714285714284 0.27848101265822783