6 0.093825 0.15295000000000003 0.12009999999999998 0.21205
6 0.365 0.14825 0.11072500000000002 0.198925
6 0.5047999999999999 0.14730000000000001 0.10885000000000006 0.19704999999999998
16 0.90545 0.15012499999999998 0.11447499999999991 0.202675
16 0.907325 0.38375 0.1069749999999999 0.19704999999999998
6 0.506675 0.38282499999999997 0.11635000000000005 0.195175
19 0.227075 0.38282499999999997 0.11634999999999998 0.202675
16 0.0929 0.3875 0.11447499999999998 0.20829999999999999
1 0.6380250000000001 0.618325 0.11635000000000005 0.20079999999999998
16 0.77315 0.6174000000000001 0.1088499999999999 0.195175
14 0.907325 0.62115 0.11447499999999991 0.20642499999999997
8 0.09757500000000001 0.85385 0.11259999999999998 0.20642500000000014
16 0.23550000000000001 0.8529000000000001 0.11822499999999998 0.20455000000000012
16 0.641775 0.85195 0.10132499999999993 0.20642499999999983
19 0.7816 0.85385 0.1107249999999999 0.20267500000000013
16 0.23055 0.615275 0.11667500000000004 0.20277500000000004