4 0.7461538461538462 0.6648351648351648 0.14615384615384616 0.15384615384615385
4 0.6076923076923076 0.7060439560439561 0.13076923076923078 0.24725274725274726
4 0.47307692307692306 0.7362637362637363 0.13846153846153847 0.26373626373626374
4 0.2903846153846154 0.7527472527472527 0.20384615384615384 0.3076923076923077
4 0.09423076923076923 0.7857142857142857 0.18846153846153846 0.34065934065934067
4 0.09615384615384616 0.1346153846153846 0.19230769230769232 0.2692307692307692
4 0.29423076923076924 0.1565934065934066 0.21153846153846154 0.3131868131868132
4 0.47692307692307695 0.17307692307692307 0.13846153846153847 0.29120879120879123
4 0.6038461538461538 0.21978021978021978 0.1076923076923077 0.25274725274725274
4 0.7442307692307693 0.2554945054945055 0.1423076923076923 0.22527472527472528
4 0.8923076923076924 0.29395604395604397 0.13076923076923078 0.17032967032967034
4 0.09423076923076923 0.4368131868131868 0.18846153846153846 0.3241758241758242
4 0.29423076923076924 0.4478021978021978 0.19615384615384615 0.3021978021978022
4 0.6019230769230769 0.45604395604395603 0.10384615384615385 0.24175824175824176
4 0.47307692307692306 0.45879120879120877 0.13846153846153847 0.2802197802197802
4 0.7153846153846154 0.4725274725274725 0.08461538461538462 0.21978021978021978
4 0.8923076923076924 0.47527472527472525 0.11538461538461539 0.1813186813186813