8 0.5059210526315789 0.49685754189944137 0.3026315789473684 0.6110335195530726
8 0.7657894736842106 0.8348463687150838 0.17105263157894737 0.3303072625698324
8 0.9273026315789473 0.8278631284916201 0.14539473684210527 0.3442737430167598
8 0.9256578947368421 0.49162011173184356 0.14868421052631578 0.35614525139664804
8 0.7657894736842106 0.49511173184357543 0.17763157894736842 0.34217877094972066
8 0.9273026315789473 0.16375698324022347 0.14539473684210527 0.32751396648044695
8 0.7674342105263158 0.16026536312849163 0.18092105263157895 0.32053072625698326
8 0.2509868421052632 0.8278631284916201 0.16776315789473684 0.3442737430167598
8 0.08190789473684211 0.8243715083798883 0.16381578947368422 0.3512569832402235
8 0.08190789473684211 0.49162011173184356 0.16381578947368422 0.35614525139664804
8 0.2625 0.4863826815642458 0.17763157894736842 0.3526536312849162
8 0.2542763157894737 0.1585195530726257 0.18092105263157895 0.3170391061452514
8 0.08355263157894736 0.16375698324022347 0.16710526315789473 0.32751396648044695