8 0.4967948717948718 0.5017006802721088 0.2948717948717949 0.5952380952380952
8 0.75 0.8350340136054422 0.16666666666666666 0.3299319727891156
8 0.9182692307692307 0.8282312925170068 0.16346153846153846 0.3435374149659864
8 0.9166666666666666 0.4965986394557823 0.16666666666666666 0.3469387755102041
8 0.75 0.5 0.17307692307692307 0.3333333333333333
8 0.9182692307692307 0.1683673469387755 0.16346153846153846 0.336734693877551
8 0.7516025641025641 0.1649659863945578 0.1762820512820513 0.3299319727891156
8 0.2483974358974359 0.8282312925170068 0.16346153846153846 0.3435374149659864
8 0.08173076923076923 0.8248299319727891 0.16346153846153846 0.35034013605442177
8 0.08173076923076923 0.4965986394557823 0.16346153846153846 0.3469387755102041
8 0.25961538461538464 0.4914965986394558 0.17307692307692307 0.3435374149659864
8 0.2516025641025641 0.16326530612244897 0.1762820512820513 0.32653061224489793
8 0.08333333333333333 0.1683673469387755 0.16666666666666666 0.336734693877551