0 0.14 0.5409836065573771 0.19636363636363635 0.25136612021857924
0 0.34363636363636363 0.5437158469945356 0.23272727272727273 0.25136612021857924
0 0.6018181818181818 0.5601092896174863 0.24 0.3333333333333333
0 0.8581818181818182 0.5765027322404371 0.28 0.366120218579235
0 0.13818181818181818 0.7513661202185792 0.18181818181818182 0.14754098360655737
0 0.33636363636363636 0.7568306010928961 0.21454545454545454 0.16393442622950818
0 0.6 0.8060109289617486 0.24 0.15846994535519127
0 0.8581818181818182 0.8224043715846995 0.26181818181818184 0.15846994535519127
0 0.8563636363636363 0.20218579234972678 0.2872727272727273 0.34972677595628415
0 0.6018181818181818 0.23770491803278687 0.23272727272727273 0.3114754098360656
0 0.3381818181818182 0.28415300546448086 0.22545454545454546 0.2677595628415301
0 0.13454545454545455 0.31420765027322406 0.18181818181818182 0.20765027322404372