8 0.8641493055555556 0.8485243055555556 0.1935763888888889 0.3029513888888889
8 0.59375 0.8634288194444445 0.13309895833333327 0.24016493055555563
8 0.8671875 0.49016493055555554 0.17650173611111106 0.33275173611111103
8 0.5923003472222222 0.49884548611111107 0.18808159722222229 0.3559027777777778
8 0.31886284722222213 0.4973958333333333 0.1909722222222222 0.3645833333333333
8 0.06944444444444445 0.4952256944444444 0.1388888888888889 0.3446180555555556
8 0.06510416666666667 0.14713541666666666 0.13020833333333334 0.2942708333333333
8 0.3181423611111111 0.14713541666666666 0.18489583333333334 0.2942708333333333
8 0.5902777777777778 0.15885416666666666 0.1909722222222222 0.3177083333333333
8 0.8611111111111112 0.15755208333333334 0.18229166666666666 0.3151041666666667
16 0.3188628472222222 0.8605295138888889 0.09837673611111114 0.17650173611111106