4 0.59251968503937 0.5533707865168539 0.1220472440944882 0.16292134831460675
4 0.9173228346456693 0.5533707865168539 0.16535433070866143 0.16292134831460675
4 0.1141732283464567 0.5533707865168539 0.16535433070866143 0.17415730337078653
4 0.7736220472440944 0.5561797752808989 0.1220472440944882 0.15730337078651685
4 0.4468503937007874 0.5589887640449438 0.16141732283464566 0.15168539325842698
4 0.25196850393700787 0.5589887640449438 0.12598425196850394 0.15168539325842698
4 0.23228346456692914 0.7050561797752809 0.16535433070866143 0.12921348314606743
4 0.5669291338582677 0.7134831460674157 0.1732283464566929 0.15730337078651685
4 0.08661417322834646 0.7134831460674157 0.11023622047244094 0.14606741573033707
4 0.421259842519685 0.7162921348314607 0.11811023622047244 0.16292134831460675
4 0.797244094488189 0.7162921348314607 0.16929133858267717 0.16292134831460675
4 0.9429133858267716 0.7191011235955056 0.1141732283464567 0.15730337078651685
4 0.4251968503937008 0.38764044943820225 0.11811023622047244 0.15730337078651685
4 0.5669291338582677 0.3904494382022472 0.16535433070866143 0.15168539325842698
4 0.9389763779527559 0.3904494382022472 0.1220472440944882 0.17415730337078653
4 0.7854330708661418 0.40168539325842695 0.16929133858267717 0.15168539325842698
4 0.09645669291338582 0.4044943820224719 0.1220472440944882 0.15730337078651685
4 0.23622047244094488 0.4044943820224719 0.15748031496062992 0.16853932584269662