8 0.5027359781121751 0.5018142235123367 0.3146374829001368 0.634978229317852
8 0.7729138166894665 0.840711175616836 0.17783857729138167 0.318577648766328
8 0.9326265389876881 0.8334542815674891 0.1347469220246238 0.3330914368650218
8 0.9309165526675787 0.49637155297532654 0.1381668946648427 0.37010159651669083
8 0.7729138166894665 0.5 0.18467852257181944 0.3555878084179971
8 0.9326265389876881 0.16291727140783743 0.1347469220246238 0.32583454281567487
8 0.7746238030095759 0.159288824383164 0.1880984952120383 0.318577648766328
8 0.23768809849521202 0.8334542815674891 0.1744186046511628 0.3330914368650218
8 0.07352941176470588 0.8298258345428157 0.14705882352941177 0.34034833091436867
8 0.07352941176470588 0.49637155297532654 0.14705882352941177 0.37010159651669083
8 0.2496580027359781 0.4909288824383164 0.18467852257181944 0.3664731494920174
8 0.24110807113543092 0.1574746008708273 0.1880984952120383 0.3149492017416546
8 0.07523939808481532 0.16291727140783743 0.15047879616963064 0.32583454281567487