6 0.08202777777777778 0.15883333333333335 0.13344444444444442 0.2356111111111111
6 0.38333333333333336 0.15361111111111111 0.12302777777777783 0.22102777777777777
6 0.5386666666666666 0.15255555555555556 0.12094444444444451 0.2189444444444444
16 0.9597222222222223 0.15416666666666667 0.08055555555555556 0.225
16 0.9625 0.41388888888888886 0.075 0.21666666666666667
6 0.54075 0.41425 0.12927777777777782 0.2168611111111111
19 0.23008333333333333 0.41425 0.12927777777777777 0.22519444444444442
16 0.08099999999999999 0.41944444444444445 0.12719444444444442 0.23144444444444442
1 0.6866944444444445 0.6759166666666667 0.12927777777777782 0.2231111111111111
16 0.8368333333333333 0.6748888888888889 0.12094444444444434 0.2168611111111111
14 0.9611111111111111 0.6777777777777778 0.07777777777777778 0.22777777777777777
8 0.08472222222222223 0.9111111111111111 0.125 0.17777777777777778
16 0.2375 0.9111111111111111 0.13055555555555556 0.17777777777777778
16 0.6888888888888889 0.9097222222222222 0.1111111111111111 0.18055555555555555
19 0.8444444444444444 0.9125 0.12222222222222222 0.175
16 0.23394444444444445 0.6725277777777778 0.12963888888888894 0.2253055555555556