4 0.75 0.6813186813186813 0.14615384615384616 0.15384615384615385
4 0.6115384615384616 0.7225274725274725 0.13076923076923078 0.24725274725274726
4 0.47692307692307695 0.7527472527472527 0.13846153846153847 0.26373626373626374
4 0.29423076923076924 0.7692307692307693 0.20384615384615384 0.3076923076923077
4 0.09615384615384616 0.8021978021978022 0.19230769230769232 0.34065934065934067
4 0.09807692307692308 0.14285714285714285 0.19615384615384615 0.2857142857142857
4 0.2980769230769231 0.16483516483516483 0.21153846153846154 0.32967032967032966
4 0.4807692307692308 0.18956043956043955 0.13846153846153847 0.29120879120879123
4 0.6076923076923076 0.23626373626373626 0.1076923076923077 0.25274725274725274
4 0.7480769230769231 0.27197802197802196 0.1423076923076923 0.22527472527472528
4 0.8961538461538462 0.31043956043956045 0.13076923076923078 0.17032967032967034
4 0.09615384615384616 0.4532967032967033 0.19230769230769232 0.3241758241758242
4 0.2980769230769231 0.4642857142857143 0.19615384615384615 0.3021978021978022
4 0.6057692307692307 0.4725274725274725 0.10384615384615385 0.24175824175824176
4 0.47692307692307695 0.47527472527472525 0.13846153846153847 0.2802197802197802
4 0.7192307692307692 0.489010989010989 0.08461538461538462 0.21978021978021978
4 0.8961538461538462 0.49175824175824173 0.11538461538461539 0.1813186813186813