7 0.020233812949640287 0.0953525641025641 0.040467625899280574 0.1907051282051282
7 0.06699640287769784 0.0953525641025641 0.051258992805755396 0.1907051282051282
5 0.12050359712230216 0.09615384615384616 0.05755395683453238 0.19230769230769232
5 0.17760791366906475 0.0953525641025641 0.05665467625899281 0.1907051282051282
5 0.23516187050359713 0.0953525641025641 0.05665467625899281 0.1907051282051282
5 0.29181654676258995 0.09375 0.05845323741007194 0.1875
5 0.3516187050359712 0.09375 0.06115107913669065 0.1875
15 0.4141187050359712 0.09294871794871795 0.06384892086330936 0.1858974358974359
15 0.4761690647482014 0.09375 0.05845323741007194 0.1875
15 0.5314748201438849 0.09134615384615384 0.0539568345323741 0.18269230769230768
6 0.074181654676259 0.38469551282051284 0.0599820143884892 0.17862179487179494
6 0.07773381294964028 0.5591025641025641 0.05446043165467626 0.16174679487179497
6 0.13258992805755396 0.3875 0.055251798561151026 0.17862179487179494
6 0.1906025179856115 0.38540064102564103 0.05919964028776982 0.17440705128205133
6 0.19375899280575537 0.5562820512820513 0.057616906474820186 0.17019230769230775
6 0.30504496402877695 0.5576923076923077 0.05603417266187056 0.17019230769230775
6 0.3038579136690647 0.38540064102564103 0.058408273381295006 0.18285256410256415
16 0.35950539568345324 0.3861057692307692 0.05130395683453233 0.17862179487179494
16 0.41474820143884894 0.38540064102564103 0.05446043165467621 0.17722756410256416
16 0.35950539568345324 0.5562820512820513 0.05130395683453233 0.1645673076923078
16 0.41396582733812953 0.5569871794871795 0.05287769784172658 0.16596153846153855