3 0.9355570652173913 0.2037037037037037 0.11645380434782614 0.3915370370370371
3 0.8288043478260869 0.2248703703703704 0.10480978260869579 0.36507407407407405
3 0.7298097826086957 0.24868518518518518 0.0970516304347827 0.35450000000000004
3 0.6405298913043478 0.26587037037037037 0.08927989130434788 0.34127777777777774
3 0.5580298913043478 0.28174074074074074 0.08735054347826082 0.3201111111111111
3 0.4871875 0.2962962962962963 0.06599184782608702 0.30159259259259263
3 0.4202309782608696 0.3135 0.07182065217391306 0.2883518518518518
3 0.3629619565217391 0.32407407407407407 0.058233695652173935 0.2619074074074074
3 0.30959239130434785 0.33994444444444444 0.060176630434782635 0.2619074074074074
3 0.26009510869565217 0.3531666666666667 0.05046195652173911 0.24074074074074073
3 0.8326902173913043 0.7857222222222221 0.12422554347826095 0.41798148148148145
3 0.7288451086956521 0.7738148148148148 0.10675271739130426 0.3677222222222221
3 0.6376222826086957 0.7605740740740741 0.08346467391304341 0.362425925925926
3 0.5551222826086957 0.7579444444444445 0.0854076086956522 0.3465555555555555
3 0.48039402173913043 0.7473518518518518 0.07957880434782616 0.3359814814814814
3 0.41051630434782604 0.7420555555555555 0.06793478260869565 0.3201111111111111
3 0.3610190217391304 0.7341296296296297 0.062105978260869575 0.3042407407407407
3 0.3027989130434783 0.723537037037037 0.058233695652173935 0.2883518518518519