4 0.7365771812080537 0.7321428571428571 0.15100671140939598 0.27380952380952384
4 0.5805369127516778 0.7351190476190477 0.1610738255033557 0.27976190476190477
4 0.1174496644295302 0.7410714285714286 0.1476510067114094 0.2916666666666667
4 0.27181208053691275 0.7410714285714286 0.14093959731543623 0.27976190476190477
4 0.42953020134228187 0.7440476190476191 0.14093959731543623 0.27380952380952384
4 0.12416107382550336 0.19940476190476192 0.15436241610738255 0.25595238095238093
4 0.27348993288590606 0.20535714285714285 0.14429530201342283 0.26785714285714285
4 0.2684563758389262 0.4583333333333333 0.15436241610738255 0.25
4 0.1174496644295302 0.47023809523809523 0.15436241610738255 0.2619047619047619
4 0.42953020134228187 0.4732142857142857 0.14093959731543623 0.27976190476190477
4 0.575503355704698 0.47619047619047616 0.15771812080536912 0.2619047619047619