3 0.9722222222222222 0.18032786885245902 0.05555555555555555 0.36065573770491804
3 0.8911411411411412 0.18545081967213115 0.11561561561561562 0.3709016393442623
3 0.7815315315315315 0.19569672131147542 0.1066066066066066 0.39139344262295084
3 0.6838288288288289 0.21428278688524588 0.09866366366366372 0.37764344262295074
3 0.5926576576576577 0.23184426229508193 0.09653153153153148 0.35422131147540986
3 0.5143693693693694 0.24795081967213115 0.072927927927928 0.3337295081967213
3 0.4403753753753754 0.26698770491803275 0.07936936936936939 0.319077868852459
3 0.37708708708708705 0.2786885245901639 0.06435435435435438 0.28981557377049183
3 0.31810810810810813 0.29625 0.06650150150150153 0.28981557377049183
3 0.2634084084084084 0.3108811475409836 0.055765765765765744 0.26639344262295084
3 0.8956456456456456 0.7786885245901639 0.13663663663663664 0.4426229508196721
3 0.7814264264264263 0.7763524590163935 0.11797297297297288 0.4069057377049179
3 0.6806156156156157 0.7617008196721311 0.09223723723723716 0.40104508196721317
3 0.5894444444444444 0.7587909836065574 0.0943843843843844 0.383483606557377
3 0.5068618618618619 0.7470696721311475 0.08794294294294301 0.3717827868852458
3 0.42963963963963964 0.7412090163934426 0.07507507507507508 0.35422131147540986
3 0.3749399399399399 0.7324385245901639 0.06863363363363369 0.3366598360655737
3 0.31060060060060063 0.720717213114754 0.06435435435435438 0.3190778688524591