3 0.9532640949554896 0.19838056680161945 0.09347181008902077 0.3967611336032389
3 0.8545994065281899 0.20734817813765183 0.11445103857566781 0.3990688259109311
3 0.7464985163204747 0.23338056680161942 0.10597922848664698 0.3875101214574899
3 0.6490059347181009 0.252165991902834 0.09749258160237394 0.37305668016194327
3 0.5589169139465875 0.2695141700404858 0.09538575667655781 0.349919028340081
3 0.48155786350148366 0.2854251012145749 0.07206231454005942 0.32967611336032393
3 0.40844213649851635 0.3042307692307692 0.07842729970326412 0.3152024291497975
3 0.34590504451038573 0.3157894736842105 0.0635905044510386 0.2862955465587045
3 0.28762611275964395 0.33313765182186234 0.06571216617210686 0.2862955465587045
3 0.23357566765578636 0.34759109311740893 0.05510385756676556 0.2631578947368421
3 0.8583086053412463 0.7955465587044535 0.13501483679525222 0.4089068825910931
3 0.744807121661721 0.8026315789473685 0.11572700296735905 0.39473684210526316
3 0.6458308605341246 0.7929352226720647 0.0911424332344213 0.396174089068826
3 0.5557418397626113 0.7900607287449393 0.09326409495548964 0.37882591093117407
3 0.4741394658753709 0.7784817813765182 0.08689910979228493 0.3672672064777327
3 0.39783382789317506 0.7726923076923077 0.07418397626112759 0.349919028340081
3 0.34378338278931747 0.7640283400809716 0.0678189910979229 0.3325708502024291
3 0.28020771513353115 0.7524493927125505 0.0635905044510386 0.3152024291497976