0 0.14 0.5573770491803278 0.19636363636363635 0.25136612021857924
0 0.34363636363636363 0.5519125683060109 0.23272727272727273 0.25136612021857924
0 0.6018181818181818 0.5546448087431693 0.24 0.3333333333333333
0 0.8581818181818182 0.5601092896174863 0.28 0.366120218579235
0 0.14545454545454545 0.76775956284153 0.18181818181818182 0.14754098360655737
0 0.34363636363636363 0.76775956284153 0.21454545454545454 0.16393442622950818
0 0.6072727272727273 0.8005464480874317 0.24 0.15846994535519127
0 0.8654545454545455 0.8060109289617486 0.26181818181818184 0.15846994535519127
0 0.850909090909091 0.18579234972677597 0.2872727272727273 0.34972677595628415
0 0.5945454545454546 0.23224043715846995 0.23272727272727273 0.3114754098360656
0 0.33454545454545453 0.29508196721311475 0.22545454545454546 0.2677595628415301
0 0.13090909090909092 0.3360655737704918 0.18181818181818182 0.20765027322404372