0 0.7649253731343284 0.5877659574468085 0.16044776119402984 0.18617021276595744
0 0.6399253731343284 0.6675531914893617 0.16044776119402984 0.2712765957446808
0 0.5167910447761194 0.7340425531914894 0.16791044776119404 0.2872340425531915
0 0.3451492537313433 0.8031914893617021 0.23507462686567165 0.35106382978723405
0 0.15298507462686567 0.851063829787234 0.2462686567164179 0.2978723404255319
0 0.0914179104477612 0.2632978723404255 0.1828358208955224 0.3351063829787234
0 0.2630597014925373 0.22606382978723405 0.2462686567164179 0.3776595744680851
0 0.44029850746268656 0.19946808510638298 0.17164179104477612 0.31382978723404253
0 0.5671641791044776 0.2074468085106383 0.13805970149253732 0.2712765957446808
0 0.7052238805970149 0.20212765957446807 0.16791044776119404 0.2553191489361702
0 0.8507462686567164 0.19414893617021275 0.14925373134328357 0.19680851063829788
0 0.11194029850746269 0.5611702127659575 0.22388059701492538 0.3670212765957447
0 0.30597014925373134 0.5132978723404256 0.22761194029850745 0.3404255319148936
0 0.5988805970149254 0.4308510638297872 0.13432835820895522 0.26063829787234044
0 0.47761194029850745 0.47074468085106386 0.17164179104477612 0.30319148936170215
0 0.7089552238805971 0.4148936170212766 0.11194029850746269 0.23404255319148937
0 0.8768656716417911 0.3670212765957447 0.13432835820895522 0.2074468085106383