0 0.7298657718120806 0.7485207100591716 0.15771812080536912 0.28402366863905326
0 0.5738255033557047 0.7366863905325444 0.16778523489932887 0.28994082840236685
0 0.11073825503355705 0.7011834319526628 0.15771812080536912 0.30177514792899407
0 0.2651006711409396 0.7159763313609467 0.1476510067114094 0.28994082840236685
0 0.4228187919463087 0.7337278106508875 0.1476510067114094 0.28402366863905326
0 0.1342281879194631 0.16272189349112426 0.1610738255033557 0.26627218934911245
0 0.28187919463087246 0.1834319526627219 0.15100671140939598 0.2781065088757396
0 0.2701342281879195 0.4349112426035503 0.1610738255033557 0.2603550295857988
0 0.11912751677852348 0.4319526627218935 0.1610738255033557 0.27218934911242604
0 0.4312080536912752 0.46449704142011833 0.1476510067114094 0.28994082840236685
0 0.575503355704698 0.47928994082840237 0.1644295302013423 0.27218934911242604