18 0.599931787175989 0.8725910064239829 0.0688949522510232 0.25481798715203424
18 0.670081855388813 0.5340042826552462 0.06884720327421544 0.31244111349036396
18 0.7404229195088677 0.5328265524625267 0.07483628922237383 0.30775160599571727
18 0.401793997271487 0.17339400428265522 0.06660300136425655 0.2889507494646681
18 0.3329467939972715 0.17163811563169165 0.06959754433833559 0.2807280513918629
5 0.266343792633015 0.17163811563169165 0.06809686221009553 0.2901284796573876
5 0.20422919508867665 0.17868308351177728 0.05912005457025918 0.280728051391863
5 0.14324010914051843 0.17927194860813706 0.06884720327421559 0.2795610278372591
5 0.0747680763983629 0.17927194860813706 0.0725920873124147 0.2842505353319058
5 0.021145975443383355 0.18147751605995718 0.04229195088676671 0.2837259100642398
5 0.2730763983628922 0.5422269807280514 0.07408594815825376 0.303051391862955
5 0.33893587994542973 0.5392826552462526 0.06809686221009545 0.2995289079229122
5 0.4025443383356071 0.5351713062098501 0.07109140518417464 0.31009635974304056
5 0.46989768076398364 0.5386937901498929 0.07259208731241479 0.303051391862955
5 0.39631650750341063 0.8758029978586723 0.05320600272851296 0.24839400428265523
5 0.12551159618008187 0.8784796573875803 0.061391541609822645 0.2430406852248394
5 0.07060027285129604 0.8779443254817987 0.056616643929058665 0.24411134903640258
5 0.022851296043656207 0.8779443254817987 0.045702592087312414 0.24411134903640258
7 0.33663028649386084 0.869914346895075 0.06480218281036836 0.26017130620985013
7 0.2694406548431105 0.8715203426124197 0.06548431105047749 0.2569593147751606
7 0.19679399727148705 0.8731263383297645 0.07298772169167804 0.25374732334047106
0 0.8014120054570258 0.16869379014989294 0.07558663028649383 0.27720556745182007
0 0.8691405184174625 0.1634154175588865 0.07483628922237383 0.2783832976445396
0 0.9391132332878581 0.16693790149892931 0.06510914051841733 0.271338329764454