16 0.22641509433962265 0.25235849056603776 0.20754716981132076 0.5047169811320755
16 0.0589622641509434 0.24764150943396226 0.1179245283018868 0.49528301886792453
16 0.06132075471698113 0.7523584905660378 0.12264150943396226 0.47641509433962265
16 0.23306603773584905 0.7463679245283018 0.21174528301886786 0.47792452830188675
16 0.4374528301886792 0.7353773584905661 0.20731132075471706 0.496320754716981
16 0.6438679245283019 0.7405188679245284 0.1853301886792454 0.4931603773584906
16 0.824433962264151 0.7344811320754717 0.18353773584905672 0.4945283018867923
16 0.9669811320754716 0.7452830188679245 0.0660377358490566 0.5094339622641509
16 0.42924528301886794 0.24528301886792453 0.1792452830188679 0.49056603773584906
16 0.6391509433962265 0.2429245283018868 0.21226415094339623 0.4858490566037736
16 0.839622641509434 0.24056603773584906 0.19811320754716982 0.4811320754716981
16 0.9693396226415094 0.24528301886792453 0.06132075471698113 0.49056603773584906