16 0.9535380116959065 0.6849250000000001 0.07374269005847961 0.16069999999999993
16 0.8029824561403509 0.6816 0.074736842105263 0.15402500000000002
16 0.29423976608187136 0.878925 0.07093567251461985 0.16952500000000015
16 0.369298245614035 0.8791249999999999 0.05187134502923975 0.14909999999999995
16 0.4445614035087719 0.8859999999999999 0.08160818713450299 0.15867500000000007
16 0.21725146198830408 0.86225 0.09239766081871344 0.15284999999999996
16 0.7196491228070175 0.683275 0.0738011695906433 0.15737500000000004
6 0.5159649122807017 0.265075 0.07576023391812872 0.13349999999999998
6 0.6748245614035088 0.4974 0.08157894736842099 0.11897499999999994
6 0.860701754385965 0.499075 0.08789473684210511 0.12230000000000003
6 0.5814912280701755 0.47950000000000004 0.08502923976608183 0.17480000000000004
6 0.33444444444444443 0.47595 0.06847953216374274 0.17189999999999997
6 0.4104678362573099 0.476775 0.0913450292397661 0.17355000000000004
6 0.24698830409356726 0.4722 0.09181286549707604 0.15605000000000005
6 0.16415204678362574 0.65515 0.082046783625731 0.14694999999999994
6 0.10859649122807018 0.655975 0.04076023391812865 0.14860000000000007
6 0.6002631578947368 0.896225 0.07725146198830414 0.19159999999999996
6 0.024619883040935677 0.639075 0.04921052631578947 0.16435000000000002
6 0.12906432748538013 0.07625 0.07815789473684212 0.1525