16 0.9814814814814815 0.7156084656084656 0.037037037037037035 0.17195767195767195
16 0.8445061728395062 0.7133333333333333 0.07888888888888872 0.16298941798941802
16 0.3055555555555556 0.9153439153439153 0.07407407407407407 0.1693121693121693
16 0.38580246913580246 0.9206349206349206 0.05555555555555555 0.15873015873015872
16 0.4645061728395062 0.921957671957672 0.08333333333333333 0.15608465608465608
16 0.22623456790123456 0.9044973544973545 0.09753086419753085 0.16174603174603172
16 0.7565432098765432 0.7151058201058201 0.07790123456790127 0.16653439153439165
6 0.5415432098765433 0.27256613756613757 0.07996913580246921 0.1412698412698412
6 0.7092283950617284 0.5184126984126984 0.08611111111111104 0.12589947089947084
6 0.9054320987654322 0.5201851851851852 0.09277777777777761 0.12941798941798946
6 0.6107098765432099 0.4994708994708995 0.08975308641975303 0.184973544973545
6 0.34993827160493823 0.4957142857142857 0.072283950617284 0.18190476190476187
6 0.43018518518518517 0.49658730158730163 0.09641975308641978 0.1836507936507937
6 0.25762345679012344 0.4917460317460317 0.0969135802469136 0.16513227513227519
6 0.1701851851851852 0.6853439153439154 0.08660493827160494 0.15550264550264542
6 0.11154320987654322 0.6862169312169312 0.04302469135802468 0.1572486772486774
6 0.6296296296296297 0.9193121693121693 0.08024691358024691 0.16137566137566137
6 0.023148148148148147 0.6666666666666666 0.046296296296296294 0.1746031746031746
6 0.13117283950617284 0.07671957671957672 0.08333333333333333 0.15343915343915343