2 0.33375 0.45166666666666666 0.355 0.24333333333333335
2 0.5925 0.5066666666666667 0.24 0.16
2 0.63375 0.71 0.38 0.24333333333333335
2 0.46 0.8966666666666666 0.3525 0.2
2 0.3025 0.71 0.215 0.16
2 0.10375 0.6533333333333333 0.155 0.17
2 0.5675 0.11 0.39 0.22
2 0.78 0.495 0.345 0.25333333333333335
2 0.8575 0.9283333333333333 0.215 0.14333333333333334
2 0.65625 0.9616666666666667 0.1575 0.07666666666666666
2 0.09 0.8483333333333334 0.18 0.20333333333333334
2 0.1925 0.21666666666666667 0.3525 0.29
2 0.88875 0.28833333333333333 0.2225 0.30333333333333334