2 0.33875 0.42333333333333334 0.365 0.29333333333333333
2 0.59125 0.5216666666666666 0.245 0.19333333333333333
2 0.61375 0.73 0.3875 0.3
2 0.4225 0.88 0.36 0.24
2 0.28375 0.675 0.2225 0.19
2 0.09375 0.5883333333333334 0.165 0.18666666666666668
2 0.6025 0.13166666666666665 0.4 0.2633333333333333
2 0.77875 0.5416666666666666 0.3575 0.3
2 0.81125 0.9483333333333334 0.2275 0.10333333333333333
2 0.61125 0.9666666666666667 0.1625 0.06666666666666667
2 0.0775 0.775 0.155 0.23
2 0.22 0.16833333333333333 0.365 0.33666666666666667
2 0.8925 0.35333333333333333 0.215 0.3333333333333333