0 0.7161172161172161 0.5733695652173914 0.11355311355311355 0.1956521739130435
0 0.13186813186813187 0.6032608695652174 0.20512820512820512 0.1793478260869565
0 0.3956043956043956 0.6005434782608695 0.10989010989010989 0.18478260869565216
0 0.2783882783882784 0.6059782608695652 0.10256410256410256 0.18478260869565216
0 0.8754578754578755 0.5788043478260869 0.21245421245421245 0.1956521739130435
0 0.5476190476190477 0.6032608695652174 0.20146520146520147 0.19021739130434784
0 0.08974358974358974 0.7744565217391305 0.10622710622710622 0.18478260869565216
0 0.8846153846153846 0.7472826086956522 0.21611721611721613 0.18478260869565216
0 0.19413919413919414 0.782608695652174 0.0989010989010989 0.1793478260869565
0 0.2893772893772894 0.7771739130434783 0.10989010989010989 0.16847826086956522
0 0.5915750915750916 0.7635869565217391 0.10622710622710622 0.17391304347826086
0 0.3882783882783883 0.7771739130434783 0.10622710622710622 0.1793478260869565
0 0.4926739926739927 0.7744565217391305 0.11721611721611722 0.18478260869565216
0 0.7197802197802198 0.7663043478260869 0.12087912087912088 0.20108695652173914
0 0.17216117216117216 0.23369565217391305 0.12087912087912088 0.1793478260869565
0 0.47985347985347987 0.23097826086956522 0.10989010989010989 0.20652173913043478
0 0.8333333333333334 0.22010869565217392 0.18681318681318682 0.16847826086956522
0 0.22893772893772893 0.41032608695652173 0.19413919413919414 0.21739130434782608
0 0.7655677655677655 0.3858695652173913 0.1978021978021978 0.20108695652173914
0 0.08058608058608059 0.42934782608695654 0.10256410256410256 0.15760869565217392
0 0.9212454212454212 0.3858695652173913 0.10622710622710622 0.1793478260869565
0 0.43223443223443225 0.421195652173913 0.19047619047619047 0.18478260869565216
0 0.5934065934065934 0.41847826086956524 0.10256410256410256 0.1793478260869565