4 0.8422131147540983 0.5524691358024691 0.3155737704918033 0.36419753086419754
4 0.5717213114754098 0.595679012345679 0.24180327868852458 0.30246913580246915
4 0.2807377049180328 0.5987654320987654 0.26639344262295084 0.30864197530864196
4 0.07991803278688525 0.6141975308641975 0.1598360655737705 0.30246913580246915
4 0.8688524590163934 0.8580246913580247 0.26229508196721313 0.2839506172839506
4 0.5819672131147541 0.8734567901234568 0.30327868852459017 0.25308641975308643
4 0.32581967213114754 0.8796296296296297 0.24180327868852458 0.24074074074074073
4 0.10040983606557377 0.8827160493827161 0.20081967213114754 0.2345679012345679
4 0.3012295081967213 0.10493827160493827 0.1762295081967213 0.20987654320987653
4 0.11065573770491803 0.12962962962962962 0.22131147540983606 0.25925925925925924
4 0.8586065573770492 0.19753086419753085 0.2827868852459016 0.2839506172839506
4 0.5799180327868853 0.2962962962962963 0.24180327868852458 0.2839506172839506
4 0.11475409836065574 0.3487654320987654 0.22950819672131148 0.2654320987654321