0 0.8163636363636364 0.546448087431694 0.36727272727272725 0.33879781420765026
0 0.5381818181818182 0.6010928961748634 0.22181818181818183 0.2786885245901639
0 0.28 0.6174863387978142 0.24363636363636362 0.28415300546448086
0 0.0890909090909091 0.6420765027322405 0.1781818181818182 0.2786885245901639
0 0.8436363636363636 0.8360655737704918 0.31272727272727274 0.30601092896174864
0 0.5545454545454546 0.8633879781420765 0.27636363636363637 0.273224043715847
0 0.32545454545454544 0.8743169398907104 0.22181818181818183 0.25136612021857924
0 0.11454545454545455 0.8825136612021858 0.20727272727272728 0.23497267759562843
0 0.2872727272727273 0.15300546448087432 0.16363636363636364 0.2459016393442623
0 0.11090909090909092 0.1912568306010929 0.22181818181818183 0.2786885245901639
0 0.8090909090909091 0.23497267759562843 0.3054545454545455 0.2677595628415301
0 0.54 0.3360655737704918 0.22181818181818183 0.26229508196721313
0 0.11636363636363636 0.4016393442622951 0.23272727272727273 0.2459016393442623