0 0.7014652014652014 0.6385869565217391 0.13186813186813187 0.21739130434782608
0 0.12637362637362637 0.48641304347826086 0.21978021978021978 0.21739130434782608
0 0.38461538461538464 0.5652173913043478 0.12454212454212454 0.20652173913043478
0 0.2692307692307692 0.5353260869565217 0.11721611721611722 0.20108695652173914
0 0.8571428571428571 0.6929347826086957 0.2271062271062271 0.23369565217391305
0 0.532967032967033 0.6168478260869565 0.21611721611721613 0.22826086956521738
0 0.06043956043956044 0.6413043478260869 0.12087912087912088 0.20108695652173914
0 0.8424908424908425 0.8586956521739131 0.23076923076923078 0.22826086956521738
0 0.16117216117216118 0.6820652173913043 0.11355311355311355 0.1956521739130435
0 0.2564102564102564 0.7065217391304348 0.12454212454212454 0.19021739130434784
0 0.5531135531135531 0.7880434782608695 0.12087912087912088 0.19021739130434784
0 0.3516483516483517 0.7364130434782609 0.12087912087912088 0.1956521739130435
0 0.4542124542124542 0.7663043478260869 0.13186813186813187 0.20652173913043478
0 0.6794871794871795 0.8288043478260869 0.1391941391941392 0.22282608695652173
0 0.21794871794871795 0.13858695652173914 0.13553113553113552 0.20108695652173914
0 0.5164835164835165 0.23097826086956522 0.1282051282051282 0.22282608695652173
0 0.8644688644688645 0.328804347826087 0.1978021978021978 0.20108695652173914
0 0.24725274725274726 0.328804347826087 0.21245421245421245 0.25
0 0.7747252747252747 0.4701086956521739 0.21245421245421245 0.2391304347826087
0 0.0989010989010989 0.3016304347826087 0.11355311355311355 0.17391304347826086
0 0.9267399267399268 0.5190217391304348 0.12087912087912088 0.1956521739130435
0 0.44505494505494503 0.40217391304347827 0.20512820512820512 0.21739130434782608
0 0.6025641025641025 0.4483695652173913 0.11721611721611722 0.1956521739130435