0 0.8145454545454546 0.5901639344262295 0.3709090909090909 0.34972677595628415
0 0.5327272727272727 0.6065573770491803 0.22181818181818183 0.28415300546448086
0 0.27454545454545454 0.5901639344262295 0.24727272727272728 0.2896174863387978
0 0.08545454545454545 0.587431693989071 0.1709090909090909 0.2786885245901639
0 0.8272727272727273 0.8633879781420765 0.3236363636363636 0.273224043715847
0 0.5309090909090909 0.8633879781420765 0.27636363636363637 0.273224043715847
0 0.3054545454545455 0.8579234972677595 0.22181818181818183 0.26229508196721313
0 0.09818181818181818 0.8442622950819673 0.19636363636363635 0.2568306010928962
0 0.3090909090909091 0.12568306010928962 0.16363636363636364 0.25136612021857924
0 0.13090909090909092 0.14207650273224043 0.22181818181818183 0.28415300546448086
0 0.8236363636363636 0.27595628415300544 0.3054545454545455 0.273224043715847
0 0.5490909090909091 0.34153005464480873 0.22181818181818183 0.2677595628415301
0 0.12 0.3551912568306011 0.24 0.25136612021857924