4 0.6666666666666666 0.366412213740458 0.3793103448275862 0.1297709923664122
4 0.33620689655172414 0.4732824427480916 0.3160919540229885 0.10687022900763359
4 0.6666666666666666 0.47900763358778625 0.3333333333333333 0.09541984732824428
4 0.9252873563218391 0.4904580152671756 0.14942528735632185 0.29389312977099236
4 0.6408045977011494 0.5610687022900763 0.3505747126436782 0.10687022900763359
4 0.33045977011494254 0.5687022900763359 0.28160919540229884 0.11450381679389313
4 0.32471264367816094 0.6736641221374046 0.3160919540229885 0.09541984732824428
4 0.6609195402298851 0.6793893129770993 0.367816091954023 0.12213740458015267
4 0.9224137931034483 0.7385496183206107 0.15517241379310345 0.18702290076335878
4 0.7040229885057471 0.06679389312977099 0.4425287356321839 0.13358778625954199
4 0.3275862068965517 0.7805343511450382 0.3448275862068966 0.10305343511450382
4 0.3045977011494253 0.061068702290076333 0.28735632183908044 0.12213740458015267
4 0.6609195402298851 0.7900763358778626 0.3333333333333333 0.10687022900763359
4 0.9166666666666666 0.8740458015267175 0.16666666666666666 0.1297709923664122
4 0.33045977011494254 0.8835877862595419 0.3160919540229885 0.1183206106870229
4 0.6350574712643678 0.8874045801526718 0.3735632183908046 0.1183206106870229
4 0.3275862068965517 0.16412213740458015 0.3103448275862069 0.09923664122137404
4 0.6436781609195402 0.16793893129770993 0.3218390804597701 0.06870229007633588
4 0.9224137931034483 0.1946564885496183 0.15517241379310345 0.11450381679389313
4 0.3017241379310345 0.25572519083969464 0.3620689655172414 0.0916030534351145
4 0.6494252873563219 0.25763358778625955 0.2988505747126437 0.10305343511450382
4 0.9252873563218391 0.30343511450381677 0.14942528735632185 0.12595419847328243
4 0.3160919540229885 0.3606870229007634 0.3333333333333333 0.08778625954198473