4 0.6265060240963856 0.4007936507936508 0.39759036144578314 0.1349206349206349
4 0.28012048192771083 0.5119047619047619 0.3313253012048193 0.1111111111111111
4 0.6265060240963856 0.5178571428571429 0.3493975903614458 0.0992063492063492
4 0.9096385542168675 0.5297619047619048 0.18072289156626506 0.3055555555555556
4 0.5993975903614458 0.6031746031746031 0.3674698795180723 0.1111111111111111
4 0.2740963855421687 0.6111111111111112 0.29518072289156627 0.11904761904761904
4 0.2680722891566265 0.7202380952380952 0.3313253012048193 0.0992063492063492
4 0.6204819277108434 0.7261904761904762 0.3855421686746988 0.12698412698412698
4 0.9066265060240963 0.7876984126984127 0.18674698795180722 0.19444444444444445
4 0.6656626506024096 0.07936507936507936 0.463855421686747 0.15873015873015872
4 0.2710843373493976 0.8313492063492064 0.3614457831325301 0.10714285714285714
4 0.2469879518072289 0.08333333333333333 0.30120481927710846 0.12698412698412698
4 0.6204819277108434 0.8412698412698413 0.3493975903614458 0.1111111111111111
4 0.9006024096385542 0.9285714285714286 0.19879518072289157 0.1349206349206349
4 0.2740963855421687 0.9384920634920635 0.3313253012048193 0.12301587301587301
4 0.5933734939759037 0.9404761904761905 0.39156626506024095 0.11904761904761904
4 0.2710843373493976 0.19047619047619047 0.3253012048192771 0.10317460317460317
4 0.6024096385542169 0.19444444444444445 0.3373493975903614 0.07142857142857142
4 0.9066265060240963 0.2222222222222222 0.18674698795180722 0.11904761904761904
4 0.24397590361445784 0.2857142857142857 0.3795180722891566 0.09523809523809523
4 0.608433734939759 0.2876984126984127 0.3132530120481928 0.10714285714285714
4 0.9096385542168675 0.3353174603174603 0.18072289156626506 0.13095238095238096
4 0.25903614457831325 0.3948412698412698 0.3493975903614458 0.09126984126984126