0 0.6325665328125 0.1564886609375 0.6225147359375 0.4635175796875 0.86625150625 0.471497259375 0.876303303125 0.1644683421875 0.6325665328125 0.1564886609375
0 0.01213855625 0.45498118125 0.0877556890625 0.7976397765625001 0.357580496875 0.738095440625 0.2819633640625 0.3954368453125 0.01213855625 0.45498118125
0 0.5665589296875 1 0.6302891234375 0.7443921484375 0.37220950625000004 0.6800456734375 0.3009908125 0.9656882515625 0.43860772031249995 1 0.5665589296875 1
0 0.4577782703125 0.745995171875 0.6918031046875 0.8053516843749999 0.7848510859375 0.438491540625 0.550826253125 0.379135028125 0.4577782703125 0.745995171875
0 0.2369698359375 0.1679405578125 0.24301169687500002 0.484342821875 0.49354768125000004 0.4795587109375 0.48750581875 0.1631564453125 0.2369698359375 0.1679405578125
0 0.88469035 1 0.9568733140625 0.70776444375 0.8155273734374999 0.67285161875 0.73472085 1 0.88469035 1
0 1 0.40653655625 0.932984596875 0.38922057187500003 0.8509000859375 0.706899696875 0.9529424046875 0.7332662203125 1 0.5511464078125 1 0.40653655625
0 0.7726867265624999 0.052681621874999994 0.7515214421875 0.1622057875 0.924811175 0.19569361875 0.9441847781250001 0.0954408890625 0.7726867265624999 0.052681621874999994
0 0.430346246875 0 0.3798216015625 0.202643278125 0.579625096875 0.252459884375 0.6378193671875 0.0190554125 0.5613922828125 0 0.430346246875 0
0 0.10935718750000001 0 0.062654565625 0.187313984375 0.05406748593750001 0.23239468593749998 0.215933821875 0.26322736875 0.2660739953125 0 0.10935718750000001 0
0 0 0.48564617187500003 0.038281590625 0.4949264484375 0.10034799375 0.23889952499999997 0.05267435625 0.227342415625 0.0208158828125 0.355119771875 0 0.44098629999999994 0 0.48564617187500003