0 0.49423193750000005 0.13184153437499999 0.5999271296875001 0.4202792609375 0.8289051687500001 0.33637249062499996 0.7232099765625 0.047934765625 0.49423193750000005 0.13184153437499999
0 0.030798398437500003 0.6410153921874999 0.22927155312499997 0.9303962328125 0.4571430578125 0.7741095328125 0.2586699046875 0.48472869375 0.030798398437500003 0.6410153921874999
0 0.534963403125 1 0.753323653125 0.96931146875 0.7123528828125 0.6777892890625 0.44896101406250005 0.714806603125 0.48904233281250004 1 0.534963403125 1
0 0.5530041078125 0.743899290625 0.7922234953125 0.71126644375 0.741067853125 0.3362632546875 0.501848465625 0.3688961 0.5530041078125 0.743899290625
0 0.13173102187500002 0.2906526796875 0.2558593125 0.5817524296875 0.48636007187499997 0.4834642484375 0.36223178125 0.19236449687499999 0.13173102187500002 0.2906526796875
0 1 0.5216930359374999 0.8573032421875 0.5420665953125 0.91505790625 0.9465812015624999 0.9793307359375 0.93754824375 1 0.9345971859375 1 0.5216930359374999
0 1 0.49091520156249996 0.9644466875000001 0.22130910781250002 0.8599576234375 0.23508821875 0.902854884375 0.5603845734374999 1 0.54757391875 1 0.49091520156249996
0 0.859126525 0 0.8940958015625 0.242947415625 0.9669420843750001 0.23246209375000002 0.933482040625 0 0.859126525 0
0 0.588565834375 0 0.60666668125 0.09258106875 0.7798828859375 0.05871496875 0.76840331875 0 0.588565834375 0
0 0.24370267499999998 0.031106453125 0.2771807421875 0.26931526875 0.48109694531249997 0.240656715625 0.4476188796875 0.0024479000000000002 0.24370267499999998 0.031106453125
0 0 0.4162118296875 0.14792183750000001 0.386881303125 0.08188672031250001 0.05384820312500001 0.0512823359375 0.05814936875 0 0.0683178328125 0 0.4162118296875
0 0 0.534963409375 0.001435134375 0.5451749218749999 0.0206214390625 0.67552683125 0.070001559375 0.6682586453125 0.0316391515625 0.40762413124999997 0 0.4122810515625 0 0.534963409375