0 0.38221153846153844 0.4795673076923077 0.34615384615384615 0.18269230769230768
0 0.7560096153846154 0.5492788461538461 0.40625 0.2548076923076923
0 0.12139423076923077 0.40865384615384615 0.23317307692307693 0.17067307692307693
0 0.4098557692307692 0.36658653846153844 0.3269230769230769 0.19230769230769232
0 0.15745192307692307 0.2980769230769231 0.2620192307692308 0.18509615384615385
0 0.7379807692307693 0.39903846153846156 0.3557692307692308 0.18509615384615385
0 0.4495192307692308 0.29086538461538464 0.2932692307692308 0.15144230769230768
0 0.203125 0.20793269230769232 0.28125 0.17307692307692307
0 0.7427884615384616 0.2956730769230769 0.33653846153846156 0.16105769230769232
0 0.6201923076923077 0.8762019230769231 0.41346153846153844 0.24759615384615385
0 0.0985576923076923 0.5889423076923077 0.1971153846153846 0.28846153846153844
0 0.7019230769230769 0.6983173076923077 0.4182692307692308 0.28365384615384615
0 0.34615384615384615 0.625 0.3870192307692308 0.2692307692307692