0 0.5949519230769231 0.5060096153846154 0.3269230769230769 0.13701923076923078
0 0.22355769230769232 0.5264423076923077 0.3798076923076923 0.19951923076923078
0 0.8762019230769231 0.5096153846153846 0.24759615384615385 0.14423076923076922
0 0.5961538461538461 0.6201923076923077 0.30528846153846156 0.15144230769230768
0 0.8545673076923077 0.6237980769230769 0.24759615384615385 0.1466346153846154
0 0.2776442307692308 0.6658653846153846 0.33653846153846156 0.13701923076923078
0 0.5757211538461539 0.7007211538461539 0.2764423076923077 0.11298076923076923
0 0.8305288461538461 0.7211538461538461 0.2644230769230769 0.13701923076923078
0 0.2956730769230769 0.7644230769230769 0.31971153846153844 0.11538461538461539
0 0.27403846153846156 0.17908653846153846 0.38461538461538464 0.19951923076923078
0 0.875 0.32572115384615385 0.23557692307692307 0.2620192307692308
0 0.2403846153846154 0.3713942307692308 0.38461538461538464 0.2283653846153846
0 0.5961538461538461 0.3581730769230769 0.3581730769230769 0.21875