0 0.38100961538461536 0.4987980769230769 0.33413461538461536 0.1346153846153846
0 0.7608173076923077 0.5096153846153846 0.38461538461538464 0.1971153846153846
0 0.11177884615384616 0.4699519230769231 0.21634615384615385 0.13942307692307693
0 0.3894230769230769 0.38221153846153844 0.31009615384615385 0.1466346153846154
0 0.12980769230769232 0.35336538461538464 0.24519230769230768 0.14903846153846154
0 0.71875 0.3629807692307692 0.34375 0.1346153846153846
0 0.4182692307692308 0.3016826923076923 0.28125 0.11057692307692307
0 0.16105769230769232 0.25841346153846156 0.2668269230769231 0.1346153846153846
0 0.7079326923076923 0.2608173076923077 0.3245192307692308 0.11298076923076923
0 0.6790865384615384 0.8557692307692307 0.3918269230769231 0.19951923076923078
0 0.09975961538461539 0.6526442307692307 0.19951923076923078 0.2620192307692308
0 0.7295673076923077 0.6646634615384616 0.3918269230769231 0.2283653846153846
0 0.36778846153846156 0.6478365384615384 0.3629807692307692 0.21634615384615385