0 0.17265625 0.2189695550351288 0.1359375 0.1288056206088993
0 0.05703125 0.21779859484777517 0.1046875 0.13114754098360656
0 0.5546875 0.24941451990632318 0.2609375 0.11943793911007025
0 0.76640625 0.2611241217798595 0.1546875 0.10772833723653395
0 0.9203125 0.2693208430913349 0.1484375 0.11241217798594848
0 0.32421875 0.36533957845433257 0.1359375 0.12412177985948478
0 0.17109375 0.36416861826697894 0.13125 0.1053864168618267
0 0.0546875 0.3583138173302108 0.1046875 0.10304449648711944
0 0.484375 0.38875878220140514 0.128125 0.08899297423887588
0 0.73984375 0.40398126463700235 0.1296875 0.07962529274004684
0 0.61171875 0.3981264637002342 0.1328125 0.08430913348946135
0 0.86953125 0.41451990632318503 0.1328125 0.08665105386416862
0 0.7375 0.5 0.13125 0.12646370023419204
0 0.48359375 0.48711943793911006 0.1296875 0.13114754098360656
0 0.05078125 0.46604215456674475 0.1015625 0.13114754098360656
0 0.16640625 0.47423887587822017 0.134375 0.11943793911007025
0 0.61015625 0.49765807962529274 0.1328125 0.1288056206088993
0 0.86640625 0.5105386416861827 0.1390625 0.12412177985948478
0 0.31953125 0.48711943793911006 0.1359375 0.1288056206088993
0 0.86796875 0.6206088992974239 0.134375 0.11943793911007025
0 0.7359375 0.6159250585480094 0.1359375 0.12646370023419204
0 0.47890625 0.6030444964871194 0.128125 0.1288056206088993
0 0.60625 0.6100702576112412 0.1296875 0.12412177985948478
0 0.16484375 0.5901639344262295 0.13125 0.12646370023419204
0 0.0515625 0.5843091334894613 0.103125 0.1288056206088993
0 0.31796875 0.6053864168618267 0.134375 0.13114754098360656
0 0.33046875 0.06440281030444965 0.1390625 0.1288056206088993
0 0.125 0.06323185011709602 0.20625 0.12646370023419204
0 0.13125 0.7517564402810304 0.140625 0.13348946135831383
0 0.5078125 0.07845433255269321 0.1515625 0.13114754098360656
0 0.659375 0.08782201405152225 0.15 0.1288056206088993
0 0.8984375 0.8266978922716628 0.1453125 0.1522248243559719
0 0.86484375 0.10070257611241218 0.2640625 0.13114754098360656
0 0.75390625 0.8454332552693209 0.15 0.23185011709601874
0 0.0296875 0.8208430913348946 0.059375 0.24121779859484777
0 0.31484375 0.8454332552693209 0.1328125 0.297423887587822
0 0.5 0.8548009367681498 0.1875 0.2154566744730679
0 0.6359375 0.8805620608899297 0.0921875 0.1686182669789227
0 0.13125 0.8770491803278688 0.140625 0.1358313817330211
0 0.8984375 0.9426229508196722 0.14375 0.11475409836065574
0 0.32734375 0.2224824355971897 0.1328125 0.12412177985948478