0 0.48671875 0.3585972850678733 0.2109375 0.24434389140271492
0 0.72109375 0.333710407239819 0.2484375 0.31221719457013575
0 0.9171875 0.30995475113122173 0.1578125 0.2669683257918552
0 0.25859375 0.43891402714932126 0.253125 0.21945701357466063
0 0.2125 0.7861990950226244 0.3875 0.4276018099547511
0 0.8328125 0.7138009049773756 0.334375 0.49547511312217196
0 0.5484375 0.7794117647058824 0.325 0.4411764705882353
0 0.82890625 0.05995475113122172 0.1984375 0.11990950226244344
0 0.65 0.0757918552036199 0.1875 0.1515837104072398
0 0.28984375 0.14027149321266968 0.1703125 0.16289592760180996
0 0.4703125 0.11312217194570136 0.1640625 0.14027149321266968