0 0.7688172043010753 0.1140625 0.13978494623655913 0.16875
0 0.0935483870967742 0.42578125 0.1870967741935484 0.2515625
0 0.25161290322580643 0.41953125 0.23225806451612904 0.2265625
0 0.5849462365591398 0.4234375 0.2731182795698925 0.2078125
0 0.7548387096774194 0.41171875 0.15698924731182795 0.18125
0 0.864516129032258 0.40703125 0.14623655913978495 0.1671875
0 0.23763440860215054 0.603125 0.3655913978494624 0.2578125
0 0.16451612903225807 0.1015625 0.32903225806451614 0.1625
0 0.6376344086021506 0.57734375 0.35698924731182796 0.203125
0 0.8795698924731182 0.5484375 0.1978494623655914 0.165625
0 0.9440860215053763 0.684375 0.11182795698924732 0.159375
0 0.34408602150537637 0.7890625 0.2623655913978495 0.228125
0 0.6397849462365591 0.74375 0.3634408602150538 0.209375
0 0.8569892473118279 0.70703125 0.16344086021505377 0.1734375
0 0.17419354838709677 0.82421875 0.21935483870967742 0.2421875
0 0.4645161290322581 0.1 0.2924731182795699 0.2
0 0.6537634408602151 0.09296875 0.16344086021505377 0.1859375