0 0.7870967741935484 0.12109375 0.13118279569892474 0.1671875
0 0.0935483870967742 0.41484375 0.1870967741935484 0.2484375
0 0.25591397849462366 0.41328125 0.22365591397849463 0.2234375
0 0.5881720430107527 0.42578125 0.2645161290322581 0.203125
0 0.7591397849462366 0.41796875 0.14838709677419354 0.1796875
0 0.8688172043010752 0.41640625 0.13978494623655913 0.165625
0 0.23225806451612904 0.596875 0.35698924731182796 0.2515625
0 0.1827956989247312 0.09453125 0.32903225806451614 0.15625
0 0.6344086021505376 0.58046875 0.35268817204301073 0.1953125
0 0.8774193548387097 0.5578125 0.1913978494623656 0.1625
0 0.9408602150537635 0.69609375 0.11827956989247312 0.1578125
0 0.3301075268817204 0.78515625 0.25591397849462366 0.225
0 0.6279569892473118 0.746875 0.35913978494623655 0.203125
0 0.8473118279569892 0.71640625 0.15698924731182795 0.171875
0 0.15806451612903225 0.815625 0.210752688172043 0.2390625
0 0.48494623655913977 0.0984375 0.2860215053763441 0.196875
0 0.6731182795698925 0.0953125 0.15698924731182795 0.190625