0 0.15 0.2745302713987474 0.128125 0.08768267223382047
0 0.41875 0.2244258872651357 0.1265625 0.07515657620041753
0 0.271875 0.2567849686847599 0.125 0.08350730688935282
0 0.5359375 0.20876826722338204 0.1140625 0.07515657620041753
0 0.6625 0.20250521920668058 0.1265625 0.07724425887265135
0 0.77421875 0.1847599164926931 0.1109375 0.0709812108559499
0 0.15078125 0.3235908141962422 0.125 0.07306889352818371
0 0.2734375 0.3089770354906054 0.1234375 0.07724425887265135
0 0.4296875 0.2807933194154488 0.1234375 0.07724425887265135
0 0.5484375 0.2640918580375783 0.1125 0.07306889352818371
0 0.67421875 0.24947807933194155 0.1296875 0.07306889352818371
0 0.9234375 0.2045929018789144 0.1109375 0.12943632567849686
0 0.78984375 0.23068893528183715 0.1234375 0.06680584551148225
0 0.15234375 0.5793319415448852 0.15 0.11691022964509394
0 0.71015625 0.4791231732776618 0.1625 0.11691022964509394
0 0.54921875 0.5125260960334029 0.134375 0.1022964509394572
0 0.8453125 0.4592901878914405 0.140625 0.10647181628392484
0 0.28671875 0.5657620041753654 0.1375 0.1127348643006263
0 0.42890625 0.5386221294363257 0.13125 0.10438413361169102
0 0.14921875 0.6659707724425887 0.153125 0.11482254697286012
0 0.5671875 0.5918580375782881 0.1359375 0.1022964509394572
0 0.4359375 0.6179540709812108 0.1375 0.10438413361169102
0 0.72734375 0.5626304801670147 0.16875 0.11064718162839249
0 0.86328125 0.5375782881002088 0.1453125 0.11064718162839249
0 0.28828125 0.6482254697286013 0.1453125 0.10855949895615867
0 0.57578125 0.6743215031315241 0.140625 0.11482254697286012
0 0.14921875 0.755741127348643 0.1609375 0.12526096033402923
0 0.8890625 0.6179540709812108 0.153125 0.12108559498956159
0 0.7484375 0.6461377870563675 0.1625 0.11899791231732777
0 0.44453125 0.7035490605427975 0.1421875 0.11064718162839249
0 0.290625 0.732776617954071 0.1484375 0.11482254697286012
0 0.14453125 0.8361169102296451 0.1546875 0.10438413361169102
0 0.58828125 0.7546972860125261 0.14375 0.10020876826722339
0 0.4515625 0.7807933194154488 0.1484375 0.1022964509394572
0 0.2890625 0.8152400835073069 0.1515625 0.10020876826722339
0 0.909375 0.6993736951983298 0.1609375 0.1127348643006263
0 0.7640625 0.7317327766179541 0.1734375 0.1127348643006263
0 0.153125 0.1544885177453027 0.121875 0.08559498956158663
0 0.40390625 0.10855949895615867 0.1171875 0.08350730688935282
0 0.5125 0.09603340292275574 0.1046875 0.07306889352818371
0 0.26640625 0.14613778705636743 0.115625 0.07933194154488518
0 0.64140625 0.09498956158663883 0.121875 0.08350730688935282
0 0.74765625 0.07515657620041753 0.1125 0.07724425887265135
0 0.15390625 0.2150313152400835 0.1234375 0.08559498956158663
0 0.41015625 0.16701461377870563 0.11875 0.081419624217119
0 0.52421875 0.15031315240083507 0.1140625 0.08559498956158663
0 0.26953125 0.20250521920668058 0.1171875 0.07933194154488518
0 0.65234375 0.14926931106471816 0.11875 0.06889352818371608
0 0.759375 0.1304801670146138 0.1140625 0.0709812108559499
0 0.90859375 0.11899791231732777 0.11875 0.10647181628392484