0 0.40859375 0.26914414414414417 0.184375 0.20270270270270271
0 0.1375 0.21509009009009009 0.146875 0.15765765765765766
0 0.74296875 0.356981981981982 0.1578125 0.15765765765765766
0 0.87890625 0.38963963963963966 0.15 0.15315315315315314
0 0.59296875 0.3277027027027027 0.165625 0.15990990990990991
0 0.75859375 0.09346846846846847 0.1515625 0.11261261261261261
0 0.30390625 0.02702702702702703 0.1390625 0.05405405405405406
0 0.44140625 0.04842342342342342 0.1453125 0.09684684684684684
0 0.61171875 0.07432432432432433 0.159375 0.13963963963963963
0 0.24921875 0.5022522522522522 0.171875 0.17792792792792791
0 0.9 0.14189189189189189 0.153125 0.13963963963963963
0 0.10625 0.4740990990990991 0.1546875 0.15765765765765766
0 0.4 0.543918918918919 0.15 0.1554054054054054
0 0.57421875 0.5878378378378378 0.171875 0.15990990990990991
0 0.871875 0.6587837837837838 0.159375 0.15990990990990991
0 0.7296875 0.6272522522522522 0.159375 0.15765765765765766
0 0.221875 0.7804054054054054 0.1578125 0.16216216216216217
0 0.0765625 0.7477477477477478 0.1515625 0.15990990990990991
0 0.55546875 0.8592342342342343 0.175 0.16666666666666666
0 0.70546875 0.8930180180180181 0.1609375 0.15315315315315314
0 0.8546875 0.9245495495495496 0.165625 0.15090090090090091