0 0.41953125 0.26013513513513514 0.190625 0.21621621621621623
0 0.15234375 0.18018018018018017 0.1515625 0.16891891891891891
0 0.74921875 0.38175675675675674 0.1609375 0.16891891891891891
0 0.88359375 0.42792792792792794 0.153125 0.16441441441441443
0 0.6015625 0.33783783783783783 0.16875 0.17342342342342343
0 0.778125 0.1204954954954955 0.1546875 0.12612612612612611
0 0.32890625 0.02027027027027027 0.1421875 0.04054054054054054
0 0.46328125 0.04842342342342342 0.1484375 0.09684684684684684
0 0.63203125 0.08671171171171171 0.1625 0.15315315315315314
0 0.24921875 0.47635135135135137 0.1765625 0.19144144144144143
0 0.91640625 0.18355855855855857 0.15625 0.15090090090090091
0 0.10859375 0.4346846846846847 0.1578125 0.16891891891891891
0 0.3984375 0.5337837837837838 0.153125 0.16666666666666666
0 0.56953125 0.5945945945945946 0.175 0.17567567567567569
0 0.86328125 0.6959459459459459 0.1625 0.17342342342342343
0 0.72265625 0.6509009009009009 0.1625 0.17117117117117117
0 0.20859375 0.7522522522522522 0.1625 0.17342342342342343
0 0.071875 0.7038288288288288 0.14375 0.17342342342342343
0 0.53828125 0.8637387387387387 0.178125 0.18018018018018017
0 0.6859375 0.9132882882882883 0.165625 0.16666666666666666
0 0.8328125 0.9380630630630631 0.16875 0.12387387387387387