0 0.6216617210682492 0.1796875 0.2344213649851632 0.165625
0 0.3649851632047478 0.2109375 0.3056379821958457 0.196875
0 0.6038575667655787 0.278125 0.258160237388724 0.1828125
0 0.8249258160237388 0.346875 0.228486646884273 0.1625
0 0.2744807121661721 0.4328125 0.3264094955489614 0.1953125
0 0.5445103857566765 0.4796875 0.2195845697329377 0.0796875
0 0.7359050445103857 0.51171875 0.18100890207715134 0.0703125
0 0.5459940652818991 0.53984375 0.22551928783382788 0.0765625
0 0.7344213649851632 0.56796875 0.18397626112759644 0.0828125
0 0.8545994065281899 0.58203125 0.0712166172106825 0.08125
0 0.2774480712166172 0.59140625 0.26409495548961426 0.1984375
0 0.5222551928783383 0.6390625 0.27299703264094954 0.19375
0 0.7685459940652819 0.68046875 0.2433234421364985 0.16875
0 0.16765578635014836 0.88359375 0.3353115727002967 0.2265625
0 0.4732937685459941 0.9046875 0.3115727002967359 0.190625
0 0.7359050445103857 0.91796875 0.2551928783382789 0.1640625
0 0.38427299703264095 0.09140625 0.2818991097922849 0.1765625