0 0.6655982905982906 0.23125 0.21794871794871795 0.0953125
0 0.8814102564102564 0.23828125 0.21794871794871795 0.0953125
0 0.6591880341880342 0.31640625 0.20512820512820512 0.09375
0 0.8675213675213675 0.3203125 0.22435897435897437 0.090625
0 0.1794871794871795 0.56484375 0.20512820512820512 0.13125
0 0.38995726495726496 0.56953125 0.2222222222222222 0.1203125
0 0.7521367521367521 0.60703125 0.41025641025641024 0.184375
0 0.1762820512820513 0.67890625 0.20512820512820512 0.1125
0 0.3814102564102564 0.6859375 0.2094017094017094 0.121875
0 0.7553418803418803 0.78203125 0.4081196581196581 0.18125
0 0.1762820512820513 0.796875 0.20726495726495728 0.1296875
0 0.3782051282051282 0.80390625 0.2094017094017094 0.1234375
0 0.688034188034188 0.14609375 0.21153846153846154 0.09375
0 0.8910256410256411 0.1546875 0.20726495726495728 0.1