0 0.29765625 0.23868312757201646 0.0796875 0.059670781893004114
0 0.79375 0.1697530864197531 0.0828125 0.06378600823045268
0 0.28671875 0.31378600823045266 0.13125 0.11728395061728394
0 0.16015625 0.3343621399176955 0.1328125 0.11522633744855967
0 0.70234375 0.25925925925925924 0.1265625 0.12345679012345678
0 0.41015625 0.3004115226337449 0.1265625 0.12139917695473251
0 0.534375 0.2829218106995885 0.0453125 0.11316872427983539
0 0.59453125 0.27469135802469136 0.090625 0.11934156378600823
0 0.8265625 0.24691358024691357 0.128125 0.12345679012345678
0 0.2796875 0.455761316872428 0.08125 0.06378600823045268
0 0.69609375 0.39814814814814814 0.084375 0.06378600823045268
0 0.42109375 0.47530864197530864 0.1265625 0.12345679012345678
0 0.8375 0.4176954732510288 0.1328125 0.12757201646090535
0 0.56640625 0.4609053497942387 0.08125 0.1111111111111111
0 0.1515625 0.5205761316872428 0.0859375 0.10699588477366255
0 0.68984375 0.4567901234567901 0.0578125 0.07613168724279835
0 0.74296875 0.4495884773662551 0.0609375 0.07407407407407407
0 0.271875 0.5164609053497943 0.0609375 0.07613168724279835
0 0.21796875 0.5246913580246914 0.0578125 0.07613168724279835
0 0.6328125 0.4670781893004115 0.059375 0.08024691358024691
0 0.32734375 0.5102880658436214 0.0609375 0.08024691358024691
0 0.3078125 0.595679012345679 0.1296875 0.12551440329218108
0 0.60078125 0.5565843621399177 0.125 0.12345679012345678
0 0.725 0.5390946502057613 0.1265625 0.12345679012345678
0 0.80625 0.5277777777777778 0.04375 0.1111111111111111
0 0.390625 0.5864197530864198 0.046875 0.12139917695473251
0 0.18515625 0.6162551440329218 0.13125 0.12757201646090535
0 0.45 0.5792181069958847 0.0890625 0.12139917695473251
0 0.865625 0.522633744855967 0.09375 0.11522633744855967
0 0.43203125 0.7211934156378601 0.0765625 0.05761316872427984
0 0.19921875 0.7921810699588477 0.134375 0.12757201646090535
0 0.325 0.7746913580246914 0.128125 0.12345679012345678
0 0.6 0.7376543209876543 0.090625 0.12345679012345678
0 0.6609375 0.7304526748971193 0.0484375 0.11522633744855967
0 0.73984375 0.7191358024691358 0.125 0.12345679012345678
0 0.8421875 0.7088477366255144 0.0828125 0.10493827160493827
0 0.89921875 0.7026748971193416 0.0453125 0.10082304526748971
0 0.41796875 0.779835390946502 0.0609375 0.08024691358024691
0 0.4734375 0.7746913580246914 0.0578125 0.07613168724279835
0 0.6234375 0.838477366255144 0.125 0.11934156378600823
0 0.33203125 0.8796296296296297 0.1265625 0.12551440329218108
0 0.87109375 0.8065843621399177 0.128125 0.12345679012345678
0 0.45390625 0.8641975308641975 0.1265625 0.11728395061728394
0 0.22265625 0.897119341563786 0.096875 0.11728395061728394
0 0.75 0.8251028806584362 0.128125 0.12345679012345678
0 0.1625 0.9063786008230452 0.0453125 0.11522633744855967
0 0.5703125 0.17078189300411523 0.13125 0.12551440329218108
0 0.15703125 0.2294238683127572 0.1359375 0.13786008230452676
0 0.37421875 0.20267489711934156 0.0859375 0.10493827160493827
0 0.69296875 0.15843621399176955 0.1203125 0.11316872427983539
0 0.43828125 0.2109053497942387 0.05625 0.0720164609053498
0 0.85390625 0.15329218106995884 0.0578125 0.0720164609053498