0 0.2875 0.25308641975308643 0.08125 0.06378600823045268
0 0.7796875 0.15020576131687244 0.084375 0.06995884773662552
0 0.27890625 0.3281893004115226 0.134375 0.12551440329218108
0 0.15390625 0.35802469135802467 0.1359375 0.12345679012345678
0 0.6921875 0.2448559670781893 0.1296875 0.12962962962962962
0 0.40234375 0.3065843621399177 0.1296875 0.12757201646090535
0 0.52578125 0.2808641975308642 0.05 0.11522633744855967
0 0.58515625 0.26851851851851855 0.0953125 0.12551440329218108
0 0.815625 0.2242798353909465 0.13125 0.12962962962962962
0 0.278125 0.4711934156378601 0.0828125 0.06995884773662552
0 0.6921875 0.38477366255144035 0.0859375 0.06995884773662552
0 0.4203125 0.48148148148148145 0.1296875 0.12962962962962962
0 0.83359375 0.3950617283950617 0.1359375 0.13580246913580246
0 0.56484375 0.455761316872428 0.084375 0.11522633744855967
0 0.15234375 0.5442386831275721 0.0890625 0.1111111111111111
0 0.6875 0.4444444444444444 0.0609375 0.08024691358024691
0 0.740625 0.4331275720164609 0.0640625 0.07613168724279835
0 0.27265625 0.5318930041152263 0.0640625 0.07818930041152264
0 0.21875 0.5442386831275721 0.0609375 0.08024691358024691
0 0.63125 0.45781893004115226 0.0609375 0.08436213991769548
0 0.32734375 0.522633744855967 0.0640625 0.0823045267489712
0 0.3125 0.6090534979423868 0.1328125 0.1337448559670782
0 0.603125 0.5493827160493827 0.128125 0.12962962962962962
0 0.72578125 0.5236625514403292 0.1296875 0.12962962962962962
0 0.80703125 0.507201646090535 0.0484375 0.11316872427983539
0 0.39453125 0.5936213991769548 0.0515625 0.12345679012345678
0 0.18984375 0.6378600823045267 0.134375 0.13580246913580246
0 0.453125 0.5823045267489712 0.09375 0.12551440329218108
0 0.865625 0.49794238683127573 0.096875 0.12139917695473251
0 0.440625 0.7263374485596708 0.078125 0.06172839506172839
0 0.2109375 0.8127572016460906 0.1375 0.13580246913580246
0 0.3359375 0.7860082304526749 0.13125 0.12962962962962962
0 0.609375 0.7304526748971193 0.0953125 0.12962962962962962
0 0.66953125 0.7191358024691358 0.0515625 0.11728395061728394
0 0.7484375 0.7026748971193416 0.128125 0.12962962962962962
0 0.85 0.6851851851851852 0.0859375 0.10905349794238683
0 0.90703125 0.6748971193415638 0.0484375 0.102880658436214
0 0.42890625 0.7860082304526749 0.0625 0.08436213991769548
0 0.484375 0.7757201646090535 0.0609375 0.08024691358024691
0 0.63671875 0.8302469135802469 0.128125 0.12551440329218108
0 0.34765625 0.8909465020576132 0.1296875 0.13168724279835392
0 0.8828125 0.7808641975308642 0.13125 0.12962962962962962
0 0.46796875 0.8672839506172839 0.1296875 0.12345679012345678
0 0.2390625 0.9156378600823045 0.1 0.12139917695473251
0 0.7625 0.8076131687242798 0.13125 0.12962962962962962
0 0.17890625 0.9290123456790124 0.0484375 0.11728395061728394
0 0.55703125 0.16666666666666666 0.134375 0.1337448559670782
0 0.146875 0.25411522633744854 0.1390625 0.14609053497942387
0 0.3625 0.21193415637860083 0.0890625 0.10905349794238683
0 0.67890625 0.14609053497942387 0.1234375 0.12139917695473251
0 0.42734375 0.21502057613168724 0.059375 0.07613168724279835
0 0.83984375 0.12962962962962962 0.0609375 0.07613168724279835