0 0.25625 0.3601694915254237 0.1640625 0.2902542372881356
0 0.10859375 0.375 0.1671875 0.2923728813559322
0 0.678125 0.3400423728813559 0.1765625 0.2330508474576271
0 0.84453125 0.3283898305084746 0.18125 0.23728813559322035
0 0.50703125 0.3633474576271186 0.1921875 0.2245762711864407
0 0.7078125 0.576271186440678 0.15 0.13135593220338984
0 0.25703125 0.6207627118644068 0.1109375 0.11228813559322035
0 0.8984375 0.597457627118644 0.0921875 0.1504237288135593
0 0.11171875 0.7584745762711864 0.10625 0.2266949152542373
0 0.43671875 0.7934322033898306 0.1671875 0.3050847457627119
0 0.26640625 0.8146186440677966 0.171875 0.3093220338983051
0 0.71640625 0.7733050847457628 0.1734375 0.3008474576271186
0 0.88203125 0.7860169491525424 0.1796875 0.2542372881355932
0 0.58671875 0.8463983050847458 0.1421875 0.17372881355932204
0 0.12109375 0.9184322033898306 0.15 0.1228813559322034
0 0.096875 0.19597457627118645 0.14375 0.1059322033898305
0 0.83046875 0.1483050847457627 0.1796875 0.15254237288135594
0 0.66171875 0.1673728813559322 0.175 0.1440677966101695
0 0.4921875 0.19279661016949154 0.18125 0.16101694915254236