0 0.2828125 0.2944915254237288 0.1765625 0.3029661016949153
0 0.1359375 0.2669491525423729 0.1796875 0.3029661016949153
0 0.6984375 0.3930084745762712 0.1859375 0.2478813559322034
0 0.86328125 0.4290254237288136 0.1921875 0.2521186440677966
0 0.528125 0.3686440677966102 0.2015625 0.23940677966101695
0 0.69140625 0.6324152542372882 0.1546875 0.1440677966101695
0 0.24375 0.5497881355932204 0.115625 0.12076271186440678
0 0.87421875 0.7076271186440678 0.0984375 0.15677966101694915
0 0.08046875 0.6440677966101694 0.1171875 0.2330508474576271
0 0.39296875 0.7690677966101694 0.18125 0.3156779661016949
0 0.2234375 0.7415254237288136 0.1859375 0.3220338983050847
0 0.66953125 0.8283898305084746 0.1875 0.3135593220338983
0 0.8296875 0.8760593220338984 0.190625 0.2478813559322034
0 0.53203125 0.8633474576271186 0.15 0.1843220338983051
0 0.07109375 0.8008474576271186 0.1421875 0.13559322033898305
0 0.15234375 0.08898305084745763 0.146875 0.11864406779661017
0 0.87734375 0.2489406779661017 0.1859375 0.1673728813559322
0 0.70859375 0.22033898305084745 0.1796875 0.15889830508474576
0 0.5390625 0.19703389830508475 0.1875 0.17584745762711865