0 0.7375 0.19383697813121273 0.128125 0.16500994035785288
0 0.52265625 0.25745526838966204 0.1328125 0.1709741550695825
0 0.08046875 0.38767395626242546 0.1359375 0.1610337972166998
0 0.6328125 0.22664015904572565 0.134375 0.16500994035785288
0 0.1921875 0.35785288270377735 0.1234375 0.1550695825049702
0 0.30234375 0.3260437375745527 0.1375 0.16500994035785288
0 0.8453125 0.17693836978131214 0.096875 0.12326043737574553
0 0.40390625 0.3101391650099404 0.103125 0.1272365805168986
0 0.5546875 0.4234592445328032 0.1296875 0.16302186878727634
0 0.21953125 0.5238568588469185 0.1359375 0.16898608349900596
0 0.33671875 0.4900596421471173 0.140625 0.16302186878727634
0 0.66015625 0.3946322067594433 0.128125 0.16302186878727634
0 0.7734375 0.3648111332007952 0.1265625 0.1610337972166998
0 0.44296875 0.5029821073558648 0.09375 0.1172962226640159
0 0.87265625 0.37673956262425445 0.103125 0.13320079522862824
0 0.6890625 0.5208747514910537 0.1296875 0.16302186878727634
0 0.57421875 0.5556660039761432 0.128125 0.16500994035785288
0 0.7953125 0.49105367793240556 0.13125 0.16898608349900596
0 0.13359375 0.6848906560636183 0.1390625 0.1749502982107356
0 0.24765625 0.6530815109343936 0.13125 0.16302186878727634
0 0.35703125 0.6202783300198808 0.1328125 0.16302186878727634
0 0.8984375 0.474155069582505 0.1 0.12922465208747516
0 0.45859375 0.6043737574552683 0.1 0.13320079522862824
0 0.2796875 0.81610337972167 0.1390625 0.1749502982107356
0 0.715625 0.6938369781312127 0.134375 0.17296222664015903
0 0.478125 0.768389662027833 0.109375 0.13916500994035785
0 0.9046875 0.6461232604373758 0.10625 0.13916500994035785
0 0.61328125 0.7326043737574552 0.1078125 0.13717693836978131
0 0.1796875 0.8608349900596421 0.1109375 0.1411530815109344
0 0.82265625 0.6998011928429424 0.1046875 0.13717693836978131
0 0.3875 0.8330019880715706 0.10625 0.14314115308151093
0 0.6296875 0.852882703777336 0.13125 0.1709741550695825
0 0.49140625 0.8956262425447317 0.13125 0.1709741550695825
0 0.93359375 0.7654075546719682 0.1296875 0.1709741550695825
0 0.1875 0.9473161033797217 0.1375 0.10536779324055666
0 0.30234375 0.9324055666003976 0.1328125 0.13518886679920478
0 0.7453125 0.8250497017892644 0.128125 0.16302186878727634
0 0.840625 0.8071570576540755 0.1046875 0.13717693836978131
0 0.39765625 0.937375745526839 0.1015625 0.12524850894632206
0 0.60703125 0.09940357852882704 0.1375 0.16699801192842942
0 0.17578125 0.2276341948310139 0.1546875 0.1749502982107356
0 0.07421875 0.26938369781312127 0.1046875 0.12524850894632206
0 0.51171875 0.1411530815109344 0.1 0.12326043737574553
0 0.7078125 0.08449304174950298 0.1015625 0.12524850894632206
0 0.2796875 0.2117296222664016 0.109375 0.12922465208747516
0 0.38359375 0.20974155069582506 0.103125 0.1272365805168986
0 0.81796875 0.08449304174950298 0.1 0.1272365805168986