0 0.409375 0.29405737704918034 0.1453125 0.13524590163934427
0 0.125 0.3043032786885246 0.140625 0.12295081967213115
0 0.73515625 0.3483606557377049 0.1375 0.12295081967213115
0 0.265625 0.3165983606557377 0.14375 0.12704918032786885
0 0.5890625 0.3391393442622951 0.1421875 0.12704918032786885
0 0.87734375 0.35963114754098363 0.140625 0.12295081967213115
0 0.7234375 0.6004098360655737 0.14375 0.12704918032786885
0 0.2671875 0.5717213114754098 0.1609375 0.1290983606557377
0 0.578125 0.5932377049180327 0.146875 0.13319672131147542
0 0.86875 0.6137295081967213 0.14375 0.125
0 0.115625 0.5635245901639344 0.153125 0.1290983606557377
0 0.2828125 0.06147540983606557 0.15 0.12295081967213115
0 0.13359375 0.05942622950819672 0.1609375 0.11885245901639344
0 0.4265625 0.0706967213114754 0.1515625 0.12704918032786885
0 0.60078125 0.08401639344262295 0.1453125 0.125
0 0.89296875 0.10450819672131148 0.1421875 0.125
0 0.74921875 0.09528688524590163 0.1421875 0.13524590163934427
0 0.85703125 0.8360655737704918 0.1375 0.16393442622950818
0 0.24375 0.8217213114754098 0.146875 0.11885245901639344
0 0.57578125 0.8493852459016393 0.1375 0.12090163934426229
0 0.10234375 0.8165983606557377 0.1390625 0.125
0 0.715625 0.8596311475409836 0.1390625 0.12295081967213115