0 0.38125 0.319672131147541 0.153125 0.14959016393442623
0 0.10390625 0.4016393442622951 0.146875 0.13934426229508196
0 0.70859375 0.29200819672131145 0.14375 0.13729508196721313
0 0.24296875 0.3790983606557377 0.15 0.1413934426229508
0 0.5640625 0.319672131147541 0.1484375 0.1413934426229508
0 0.85 0.26741803278688525 0.146875 0.13934426229508196
0 0.734375 0.5430327868852459 0.15 0.1413934426229508
0 0.28203125 0.6290983606557377 0.1671875 0.14549180327868852
0 0.590625 0.5727459016393442 0.153125 0.14754098360655737
0 0.878125 0.5194672131147541 0.15 0.13934426229508196
0 0.13203125 0.6577868852459017 0.159375 0.14549180327868852
0 0.2234375 0.12090163934426229 0.15625 0.14344262295081966
0 0.0796875 0.14856557377049182 0.159375 0.15368852459016394
0 0.365625 0.09733606557377049 0.1578125 0.14344262295081966
0 0.53828125 0.06762295081967214 0.1515625 0.13524590163934427
0 0.82734375 0.040983606557377046 0.1484375 0.08196721311475409
0 0.6859375 0.05737704918032787 0.15 0.11475409836065574
0 0.9 0.7407786885245902 0.146875 0.17827868852459017
0 0.2953125 0.8801229508196722 0.1515625 0.13319672131147542
0 0.62578125 0.8237704918032787 0.14375 0.13524590163934427
0 0.15546875 0.9098360655737705 0.1453125 0.13934426229508196
0 0.7640625 0.7991803278688525 0.1453125 0.13729508196721313