0 0.9421875 0.26521739130434785 0.115625 0.22434782608695653
0 0.80625 0.23478260869565218 0.2015625 0.23130434782608697
0 0.390625 0.1591304347826087 0.196875 0.19304347826086957
0 0.58046875 0.20173913043478262 0.2234375 0.20173913043478262
0 0.1703125 0.15043478260869564 0.1828125 0.13217391304347825
0 0.35 0.4539130434782609 0.2546875 0.288695652173913
0 0.7671875 0.5417391304347826 0.2265625 0.2747826086956522
0 0.13046875 0.4165217391304348 0.228125 0.271304347826087
0 0.54609375 0.5043478260869565 0.2203125 0.24869565217391304
0 0.29140625 0.7669565217391304 0.24375 0.29391304347826086
0 0.4984375 0.8182608695652174 0.2015625 0.2591304347826087
0 0.1 0.7382608695652174 0.2 0.27304347826086955
0 0.70703125 0.8626086956521739 0.2265625 0.26956521739130435
0 0.18671875 0.059130434782608696 0.1828125 0.11826086956521739