0 0.8640625 0.10260869565217391 0.175 0.20521739130434782
0 0.70078125 0.13043478260869565 0.2046875 0.23304347826086957
0 0.28828125 0.2252173913043478 0.2 0.19652173913043477
0 0.47890625 0.18956521739130436 0.225 0.20521739130434782
0 0.0859375 0.30434782608695654 0.171875 0.1356521739130435
0 0.3453125 0.5165217391304348 0.2578125 0.2921739130434783
0 0.7625 0.43217391304347824 0.2296875 0.2782608695652174
0 0.12890625 0.5695652173913044 0.23125 0.2747826086956522
0 0.54453125 0.4860869565217391 0.221875 0.25217391304347825
0 0.390625 0.8330434782608696 0.246875 0.2956521739130435
0 0.6015625 0.7982608695652174 0.2046875 0.2608695652173913
0 0.19296875 0.8739130434782608 0.2265625 0.25217391304347825
0 0.81015625 0.7565217391304347 0.2296875 0.27304347826086955
0 0.07734375 0.20347826086956522 0.1546875 0.1391304347826087