0 0.06971153846153846 0.296875 0.12740384615384615 0.24759615384615385
0 0.296875 0.328125 0.2283653846153846 0.25721153846153844
0 0.5024038461538461 0.3449519230769231 0.2283653846153846 0.2548076923076923
0 0.7091346153846154 0.3629807692307692 0.22355769230769232 0.25240384615384615
0 0.06129807692307692 0.53125 0.12259615384615384 0.25
0 0.3161057692307692 0.5685096153846154 0.3293269230769231 0.2668269230769231
0 0.6370192307692307 0.5913461538461539 0.3125 0.25721153846153844
0 0.8689903846153846 0.5528846153846154 0.1658653846153846 0.19471153846153846
0 0.9338942307692307 0.36899038461538464 0.13221153846153846 0.19951923076923078
0 0.051682692307692304 0.7572115384615384 0.10336538461538461 0.23557692307692307
0 0.24879807692307693 0.7872596153846154 0.22355769230769232 0.23076923076923078
0 0.46033653846153844 0.8004807692307693 0.22355769230769232 0.23076923076923078
0 0.6646634615384616 0.8185096153846154 0.22596153846153846 0.23557692307692307