0 0.10697115384615384 0.23197115384615385 0.16346153846153846 0.25721153846153844
0 0.32572115384615385 0.2980769230769231 0.2620192307692308 0.28365384615384615
0 0.5264423076923077 0.3473557692307692 0.25961538461538464 0.28125
0 0.7271634615384616 0.39663461538461536 0.2548076923076923 0.27884615384615385
0 0.07091346153846154 0.46033653846153844 0.14182692307692307 0.2620192307692308
0 0.3076923076923077 0.5384615384615384 0.3581730769230769 0.3076923076923077
0 0.6201923076923077 0.6117788461538461 0.34134615384615385 0.2980769230769231
0 0.8569711538461539 0.609375 0.19230769230769232 0.21394230769230768
0 0.9350961538461539 0.4411057692307692 0.12980769230769232 0.21394230769230768
0 0.042067307692307696 0.6814903846153846 0.08413461538461539 0.24759615384615385
0 0.20793269230769232 0.7439903846153846 0.25240384615384615 0.25721153846153844
0 0.41346153846153844 0.7908653846153846 0.25240384615384615 0.25721153846153844
0 0.6129807692307693 0.8401442307692307 0.25240384615384615 0.2620192307692308