0 0.11177884615384616 0.11899038461538461 0.0985576923076923 0.11298076923076923
0 0.11658653846153846 0.25600961538461536 0.12980769230769232 0.17548076923076922
0 0.125 0.421875 0.12740384615384615 0.18028846153846154
0 0.12740384615384615 0.5877403846153846 0.13221153846153846 0.17307692307692307
0 0.1310096153846154 0.7680288461538461 0.14423076923076922 0.2091346153846154
0 0.2824519230769231 0.19110576923076922 0.10096153846153846 0.12740384615384615
0 0.28966346153846156 0.31009615384615385 0.1778846153846154 0.16346153846153846
0 0.2980769230769231 0.44350961538461536 0.1778846153846154 0.16105769230769232
0 0.30288461538461536 0.59375 0.2091346153846154 0.19951923076923078
0 0.3125 0.7668269230769231 0.20432692307692307 0.19230769230769232
0 0.5985576923076923 0.20072115384615385 0.10336538461538461 0.09375
0 0.6105769230769231 0.3125 0.18269230769230768 0.14182692307692307
0 0.6117788461538461 0.46875 0.21153846153846154 0.18990384615384615
0 0.6117788461538461 0.65625 0.2091346153846154 0.18269230769230768
0 0.47596153846153844 0.7680288461538461 0.1201923076923077 0.17307692307692307
0 0.4387019230769231 0.2644230769230769 0.09134615384615384 0.08653846153846154
0 0.4519230769230769 0.3701923076923077 0.11298076923076923 0.15865384615384615