0 0.10576923076923077 0.125 0.10096153846153846 0.11298076923076923
0 0.11298076923076923 0.2620192307692308 0.13221153846153846 0.1778846153846154
0 0.12379807692307693 0.42908653846153844 0.13221153846153846 0.18269230769230768
0 0.12980769230769232 0.5949519230769231 0.1346153846153846 0.17548076923076922
0 0.13581730769230768 0.7752403846153846 0.14903846153846154 0.21153846153846154
0 0.2776442307692308 0.19471153846153846 0.10336538461538461 0.12740384615384615
0 0.2860576923076923 0.3137019230769231 0.18028846153846154 0.16826923076923078
0 0.296875 0.44711538461538464 0.18028846153846154 0.1658653846153846
0 0.30528846153846156 0.5973557692307693 0.21394230769230768 0.20432692307692307
0 0.3173076923076923 0.7692307692307693 0.2091346153846154 0.1971153846153846
0 0.5925480769230769 0.19831730769230768 0.10336538461538461 0.09375
0 0.6081730769230769 0.3112980769230769 0.18509615384615385 0.1466346153846154
0 0.6105769230769231 0.4675480769230769 0.21634615384615385 0.19230769230769232
0 0.6153846153846154 0.6550480769230769 0.21394230769230768 0.1875
0 0.4807692307692308 0.7692307692307693 0.12259615384615384 0.17548076923076922
0 0.4338942307692308 0.265625 0.09134615384615384 0.08653846153846154
0 0.4495192307692308 0.3701923076923077 0.11538461538461539 0.16105769230769232