0 0.13221153846153846 0.0985576923076923 0.10096153846153846 0.11298076923076923
0 0.12980769230769232 0.23557692307692307 0.13221153846153846 0.1778846153846154
0 0.12980769230769232 0.4026442307692308 0.13221153846153846 0.18269230769230768
0 0.12379807692307693 0.5685096153846154 0.1346153846153846 0.17548076923076922
0 0.11778846153846154 0.7487980769230769 0.14903846153846154 0.21153846153846154
0 0.29927884615384615 0.18028846153846154 0.10336538461538461 0.12740384615384615
0 0.3004807692307692 0.29927884615384615 0.18028846153846154 0.16826923076923078
0 0.3016826923076923 0.4326923076923077 0.18028846153846154 0.1658653846153846
0 0.2980769230769231 0.5829326923076923 0.21394230769230768 0.20432692307692307
0 0.2980769230769231 0.7560096153846154 0.2091346153846154 0.1971153846153846
0 0.6141826923076923 0.20552884615384615 0.10336538461538461 0.09375
0 0.6201923076923077 0.31850961538461536 0.18509615384615385 0.1466346153846154
0 0.6129807692307693 0.47475961538461536 0.21634615384615385 0.19230769230769232
0 0.6033653846153846 0.6622596153846154 0.21394230769230768 0.1875
0 0.46153846153846156 0.7668269230769231 0.12259615384615384 0.17548076923076922
0 0.45072115384615385 0.2608173076923077 0.09134615384615384 0.08653846153846154
0 0.45913461538461536 0.36778846153846156 0.11538461538461539 0.16105769230769232