0 0.04807692307692308 0.21394230769230768 0.09615384615384616 0.12980769230769232
0 0.07692307692307693 0.3473557692307692 0.15384615384615385 0.19951923076923078
0 0.11658653846153846 0.5084134615384616 0.16346153846153846 0.20192307692307693
0 0.15745192307692307 0.6694711538461539 0.16826923076923078 0.1971153846153846
0 0.20072115384615385 0.8449519230769231 0.1875 0.23557692307692307
0 0.21875 0.24759615384615385 0.125 0.14423076923076922
0 0.25240384615384615 0.36177884615384615 0.2091346153846154 0.19951923076923078
0 0.29086538461538464 0.49038461538461536 0.2091346153846154 0.1971153846153846
0 0.3293269230769231 0.6358173076923077 0.24759615384615385 0.2403846153846154
0 0.37740384615384615 0.8016826923076923 0.24278846153846154 0.23317307692307693
0 0.5276442307692307 0.18629807692307693 0.1201923076923077 0.11298076923076923
0 0.5661057692307693 0.2932692307692308 0.2091346153846154 0.1778846153846154
0 0.6009615384615384 0.44471153846153844 0.24759615384615385 0.23076923076923078
0 0.6442307692307693 0.6274038461538461 0.24519230769230768 0.22596153846153846
0 0.5372596153846154 0.7668269230769231 0.15625 0.19471153846153846
0 0.3870192307692308 0.28365384615384615 0.10576923076923077 0.10336538461538461
0 0.42427884615384615 0.38341346153846156 0.14423076923076922 0.1778846153846154