0 0.1045673076923077 0.10697115384615384 0.2091346153846154 0.20432692307692307
0 0.34615384615384615 0.09735576923076923 0.25240384615384615 0.19471153846153846
0 0.6165865384615384 0.10216346153846154 0.2668269230769231 0.20432692307692307
0 0.11057692307692307 0.39783653846153844 0.22115384615384615 0.3870192307692308
0 0.35336538461538464 0.390625 0.2692307692307692 0.3918269230769231
0 0.6201923076923077 0.39663461538461536 0.27884615384615385 0.39663461538461536
0 0.8762019230769231 0.40384615384615385 0.24519230769230768 0.3942307692307692
0 0.1201923076923077 0.7524038461538461 0.23557692307692307 0.32211538461538464
0 0.36899038461538464 0.7439903846153846 0.25721153846153844 0.32211538461538464
0 0.6298076923076923 0.75 0.2764423076923077 0.31009615384615385
0 0.8822115384615384 0.7463942307692307 0.23557692307692307 0.31490384615384615