0 0.1310096153846154 0.24158653846153846 0.2620192307692308 0.2668269230769231
0 0.39783653846153844 0.21875 0.28365384615384615 0.27403846153846156
0 0.6682692307692307 0.203125 0.2860576923076923 0.27884615384615385
0 0.8930288461538461 0.18389423076923078 0.18990384615384615 0.2764423076923077
0 0.04927884615384615 0.49399038461538464 0.0985576923076923 0.25240384615384615
0 0.18028846153846154 0.4831730769230769 0.19471153846153846 0.2620192307692308
0 0.36177884615384615 0.47716346153846156 0.1971153846153846 0.2620192307692308
0 0.5444711538461539 0.4675480769230769 0.19471153846153846 0.25721153846153844
0 0.7247596153846154 0.4543269230769231 0.1971153846153846 0.2644230769230769
0 0.9038461538461539 0.44471153846153844 0.19230769230769232 0.25961538461538464
0 0.140625 0.7415865384615384 0.2668269230769231 0.2692307692307692
0 0.4050480769230769 0.7283653846153846 0.28365384615384615 0.2668269230769231
0 0.6778846153846154 0.7127403846153846 0.27884615384615385 0.2644230769230769
0 0.9002403846153846 0.6959134615384616 0.19951923076923078 0.2620192307692308