0 0.125 0.2824519230769231 0.25 0.29086538461538464
0 0.3701923076923077 0.23076923076923078 0.3076923076923077 0.3004807692307692
0 0.6358173076923077 0.18629807692307693 0.31009615384615385 0.30288461538461536
0 0.8569711538461539 0.14423076923076922 0.21394230769230768 0.28846153846153844
0 0.055288461538461536 0.5408653846153846 0.11057692307692307 0.25961538461538464
0 0.18028846153846154 0.5168269230769231 0.21875 0.2764423076923077
0 0.3605769230769231 0.49158653846153844 0.22115384615384615 0.2764423076923077
0 0.5408653846153846 0.4639423076923077 0.21875 0.27163461538461536
0 0.71875 0.43149038461538464 0.22115384615384615 0.27884615384615385
0 0.8942307692307693 0.4014423076923077 0.21153846153846154 0.27403846153846156
0 0.16826923076923078 0.7776442307692307 0.29086538461538464 0.29086538461538464
0 0.42908653846153844 0.7367788461538461 0.30528846153846156 0.2932692307692308
0 0.6983173076923077 0.6935096153846154 0.3004807692307692 0.28846153846153844
0 0.9038461538461539 0.6514423076923077 0.19230769230769232 0.27884615384615385