0 0.12139423076923077 0.3112980769230769 0.24278846153846154 0.30528846153846156
0 0.35096153846153844 0.24158653846153846 0.32211538461538464 0.31490384615384615
0 0.6141826923076923 0.1778846153846154 0.3245192307692308 0.3173076923076923
0 0.8317307692307693 0.1346153846153846 0.23076923076923078 0.2692307692307692
0 0.0625 0.5733173076923077 0.125 0.2620192307692308
0 0.18269230769230768 0.5396634615384616 0.23317307692307693 0.2860576923076923
0 0.3605769230769231 0.5012019230769231 0.23557692307692307 0.2860576923076923
0 0.5384615384615384 0.46033653846153844 0.23076923076923078 0.28125
0 0.7127403846153846 0.41586538461538464 0.23557692307692307 0.28846153846153844
0 0.8870192307692307 0.375 0.22596153846153846 0.28365384615384615
0 0.18870192307692307 0.8004807692307693 0.30288461538461536 0.30528846153846156
0 0.44591346153846156 0.7415865384615384 0.31971153846153844 0.3076923076923077
0 0.7115384615384616 0.6790865384615384 0.31490384615384615 0.30288461538461536
0 0.9050480769230769 0.6213942307692307 0.18990384615384615 0.29086538461538464