0 0.20072115384615385 0.3786057692307692 0.2283653846153846 0.1658653846153846
0 0.40384615384615385 0.4326923076923077 0.1658653846153846 0.11057692307692307
0 0.6045673076923077 0.47716346153846156 0.15384615384615385 0.14182692307692307
0 0.8149038461538461 0.5552884615384616 0.17548076923076922 0.12259615384615384
0 0.7896634615384616 0.6442307692307693 0.21153846153846154 0.15144230769230768
0 0.5745192307692307 0.5793269230769231 0.22115384615384615 0.15384615384615385
0 0.37259615384615385 0.5240384615384616 0.18269230769230768 0.13221153846153846
0 0.1658653846153846 0.48677884615384615 0.22355769230769232 0.15625
0 0.11778846153846154 0.5757211538461539 0.18509615384615385 0.1346153846153846
0 0.09014423076923077 0.6622596153846154 0.18028846153846154 0.13221153846153846
0 0.3112980769230769 0.7055288461538461 0.25 0.18509615384615385
0 0.5240384615384616 0.7776442307692307 0.21875 0.14903846153846154
0 0.5492788461538461 0.6790865384615384 0.21875 0.14903846153846154
0 0.7608173076923077 0.7391826923076923 0.21394230769230768 0.1466346153846154
0 0.734375 0.8365384615384616 0.21153846153846154 0.15144230769230768
0 0.3449519230769231 0.6057692307692307 0.18269230769230768 0.125