0 0.18028846153846154 0.4543269230769231 0.20673076923076922 0.1201923076923077
0 0.390625 0.4579326923076923 0.15384615384615385 0.07692307692307693
0 0.5961538461538461 0.4519230769230769 0.13221153846153846 0.11538461538461539
0 0.8185096153846154 0.47836538461538464 0.16105769230769232 0.08653846153846154
0 0.8161057692307693 0.5709134615384616 0.19230769230769232 0.10817307692307693
0 0.5913461538461539 0.5588942307692307 0.20192307692307693 0.10817307692307693
0 0.38221153846153844 0.5540865384615384 0.16826923076923078 0.09375
0 0.17307692307692307 0.5673076923076923 0.20673076923076922 0.10817307692307693
0 0.14783653846153846 0.6658653846153846 0.16826923076923078 0.09615384615384616
0 0.13942307692307693 0.7584134615384616 0.17067307692307693 0.09375
0 0.36658653846153844 0.7451923076923077 0.22596153846153846 0.13701923076923078
0 0.5901442307692307 0.7632211538461539 0.20192307692307693 0.10336538461538461
0 0.5913461538461539 0.6610576923076923 0.20192307692307693 0.10336538461538461
0 0.8112980769230769 0.6694711538461539 0.1971153846153846 0.10096153846153846
0 0.8088942307692307 0.7704326923076923 0.19230769230769232 0.10817307692307693
0 0.375 0.6394230769230769 0.16826923076923078 0.08653846153846154