0 0.9471153846153846 0.3641826923076923 0.10576923076923077 0.17548076923076922
0 0.9302884615384616 0.5072115384615384 0.13942307692307693 0.17307692307692307
0 0.8161057692307693 0.4699519230769231 0.16826923076923078 0.18269230769230768
0 0.9122596153846154 0.6466346153846154 0.16105769230769232 0.17307692307692307
0 0.78125 0.6129807692307693 0.17548076923076922 0.18269230769230768
0 0.640625 0.5673076923076923 0.17548076923076922 0.1778846153846154
0 0.47115384615384615 0.6742788461538461 0.17307692307692307 0.17307692307692307
0 0.8737980769230769 0.7800480769230769 0.1658653846153846 0.17307692307692307
0 0.7439903846153846 0.7463942307692307 0.17067307692307693 0.17067307692307693
0 0.6057692307692307 0.7103365384615384 0.16826923076923078 0.17307692307692307
0 0.8401442307692307 0.9122596153846154 0.16105769230769232 0.1658653846153846
0 0.7127403846153846 0.8774038461538461 0.16826923076923078 0.16826923076923078
0 0.5757211538461539 0.8401442307692307 0.17067307692307693 0.16826923076923078
0 0.44471153846153844 0.8064903846153846 0.17067307692307693 0.1658653846153846
0 0.3088942307692308 0.7716346153846154 0.16826923076923078 0.16346153846153846
0 0.17548076923076922 0.7307692307692307 0.17307692307692307 0.17067307692307693
0 0.06490384615384616 0.6935096153846154 0.12980769230769232 0.17548076923076922
0 0.8052884615384616 0.9783653846153846 0.16346153846153846 0.04326923076923077
0 0.6754807692307693 0.9603365384615384 0.16346153846153846 0.07932692307692307
0 0.5420673076923077 0.9435096153846154 0.1658653846153846 0.11298076923076923
0 0.4110576923076923 0.9266826923076923 0.16346153846153846 0.1466346153846154
0 0.2800480769230769 0.8930288461538461 0.16346153846153846 0.15144230769230768
0 0.1466346153846154 0.859375 0.1658653846153846 0.14903846153846154
0 0.04807692307692308 0.8197115384615384 0.09615384615384616 0.15865384615384615