0 0.9014423076923077 0.20192307692307693 0.15384615384615385 0.15865384615384615
0 0.9194711538461539 0.3485576923076923 0.14903846153846154 0.15865384615384615
0 0.7848557692307693 0.359375 0.1466346153846154 0.1658653846153846
0 0.9326923076923077 0.4891826923076923 0.1346153846153846 0.15625
0 0.8028846153846154 0.5048076923076923 0.15625 0.1658653846153846
0 0.65625 0.5120192307692307 0.15625 0.16105769230769232
0 0.5348557692307693 0.6730769230769231 0.15625 0.15625
0 0.9375 0.6262019230769231 0.125 0.15625
0 0.8161057692307693 0.6430288461538461 0.15384615384615385 0.15384615384615385
0 0.6742788461538461 0.6586538461538461 0.15144230769230768 0.15625
0 0.9459134615384616 0.7620192307692307 0.10817307692307693 0.14903846153846154
0 0.8341346153846154 0.7764423076923077 0.15144230769230768 0.15144230769230768
0 0.6923076923076923 0.7908653846153846 0.15384615384615385 0.15144230769230768
0 0.5576923076923077 0.8052884615384616 0.15384615384615385 0.14903846153846154
0 0.41947115384615385 0.8221153846153846 0.15144230769230768 0.1466346153846154
0 0.2800480769230769 0.8317307692307693 0.15625 0.15384615384615385
0 0.14182692307692307 0.8461538461538461 0.15625 0.15865384615384615
0 0.9507211538461539 0.8894230769230769 0.0985576923076923 0.13942307692307693
0 0.8413461538461539 0.9014423076923077 0.14903846153846154 0.1346153846153846
0 0.7067307692307693 0.9182692307692307 0.15144230769230768 0.13701923076923078
0 0.5697115384615384 0.9326923076923077 0.14903846153846154 0.1346153846153846
0 0.43509615384615385 0.9387019230769231 0.14903846153846154 0.12259615384615384
0 0.296875 0.9483173076923077 0.15144230769230768 0.10336538461538461
0 0.15745192307692307 0.9519230769230769 0.15625 0.09615384615384616