0 0.5348557692307693 0.18629807692307693 0.19951923076923078 0.2548076923076923
0 0.19230769230769232 0.34615384615384615 0.19471153846153846 0.24519230769230768
0 0.8088942307692307 0.4675480769230769 0.18990384615384615 0.24278846153846154
0 0.6514423076923077 0.43149038461538464 0.19471153846153846 0.24519230769230768
0 0.3485576923076923 0.3557692307692308 0.1971153846153846 0.25
0 0.49759615384615385 0.41225961538461536 0.19471153846153846 0.25
0 0.04807692307692308 0.5360576923076923 0.09615384615384616 0.24519230769230768
0 0.15504807692307693 0.5673076923076923 0.1971153846153846 0.25240384615384615
0 0.3137019230769231 0.578125 0.19471153846153846 0.25240384615384615
0 0.46033653846153844 0.6310096153846154 0.19230769230769232 0.24519230769230768
0 0.6129807692307693 0.6538461538461539 0.18990384615384615 0.24759615384615385
0 0.7644230769230769 0.6899038461538461 0.19230769230769232 0.25
0 0.028846153846153848 0.7367788461538461 0.057692307692307696 0.18990384615384615
0 0.1201923076923077 0.7596153846153846 0.18509615384615385 0.19230769230769232
0 0.2776442307692308 0.7788461538461539 0.19230769230769232 0.21153846153846154
0 0.9026442307692307 0.71875 0.17067307692307693 0.24759615384615385
0 0.42788461538461536 0.8221153846153846 0.18028846153846154 0.1875
0 0.578125 0.8485576923076923 0.18028846153846154 0.1875
0 0.8689903846153846 0.90625 0.15625 0.17548076923076922
0 0.7283653846153846 0.8786057692307693 0.18028846153846154 0.18028846153846154