0 0.5504807692307693 0.18870192307692307 0.2091346153846154 0.2620192307692308
0 0.20072115384615385 0.3293269230769231 0.20432692307692307 0.25
0 0.8100961538461539 0.484375 0.19951923076923078 0.24759615384615385
0 0.6550480769230769 0.43990384615384615 0.20432692307692307 0.25
0 0.3557692307692308 0.3485576923076923 0.20673076923076922 0.25721153846153844
0 0.5012019230769231 0.41225961538461536 0.20432692307692307 0.2548076923076923
0 0.05048076923076923 0.5108173076923077 0.10096153846153846 0.24759615384615385
0 0.15144230769230768 0.5492788461538461 0.2091346153846154 0.25961538461538464
0 0.31009615384615385 0.5685096153846154 0.20673076923076922 0.25721153846153844
0 0.453125 0.6286057692307693 0.20192307692307693 0.25
0 0.6045673076923077 0.6598557692307693 0.19951923076923078 0.25240384615384615
0 0.7536057692307693 0.703125 0.20192307692307693 0.2548076923076923
0 0.025240384615384616 0.7091346153846154 0.05048076923076923 0.19230769230769232
0 0.10697115384615384 0.7391826923076923 0.19230769230769232 0.19951923076923078
0 0.26322115384615385 0.7668269230769231 0.19951923076923078 0.21875
0 0.890625 0.7391826923076923 0.18028846153846154 0.25240384615384615
0 0.4110576923076923 0.8173076923076923 0.1875 0.19471153846153846
0 0.5588942307692307 0.8521634615384616 0.1875 0.19471153846153846
0 0.8461538461538461 0.9170673076923077 0.16346153846153846 0.1658653846153846
0 0.7079326923076923 0.8894230769230769 0.1875 0.1875