0 0.5072115384615384 0.18509615384615385 0.18028846153846154 0.24278846153846154
0 0.18028846153846154 0.37259615384615385 0.1778846153846154 0.23317307692307693
0 0.8040865384615384 0.4411057692307692 0.17307692307692307 0.23076923076923078
0 0.6442307692307693 0.4182692307692308 0.1778846153846154 0.23317307692307693
0 0.33653846153846156 0.3701923076923077 0.18028846153846154 0.23798076923076922
0 0.4891826923076923 0.41346153846153844 0.1778846153846154 0.23798076923076922
0 0.04567307692307692 0.5769230769230769 0.09134615384615384 0.2403846153846154
0 0.1622596153846154 0.5973557692307693 0.18028846153846154 0.2403846153846154
0 0.32211538461538464 0.59375 0.1778846153846154 0.2403846153846154
0 0.47115384615384615 0.6334134615384616 0.17548076923076922 0.23317307692307693
0 0.6262019230769231 0.6442307692307693 0.17307692307692307 0.23557692307692307
0 0.7800480769230769 0.6658653846153846 0.17548076923076922 0.23798076923076922
0 0.037259615384615384 0.7788461538461539 0.07451923076923077 0.18269230769230768
0 0.14423076923076922 0.7920673076923077 0.17307692307692307 0.18028846153846154
0 0.30288461538461536 0.7980769230769231 0.1778846153846154 0.20192307692307693
0 0.9194711538461539 0.6826923076923077 0.15144230769230768 0.23798076923076922
0 0.45552884615384615 0.8269230769230769 0.16826923076923078 0.17548076923076922
0 0.6081730769230769 0.8401442307692307 0.16826923076923078 0.17548076923076922
0 0.9026442307692307 0.8725961538461539 0.14423076923076922 0.1658653846153846
0 0.7608173076923077 0.8569711538461539 0.16826923076923078 0.16826923076923078