0 0.5288461538461539 0.18629807692307693 0.19471153846153846 0.25240384615384615
0 0.18990384615384615 0.35096153846153844 0.19230769230769232 0.24278846153846154
0 0.8076923076923077 0.46274038461538464 0.18509615384615385 0.2403846153846154
0 0.6502403846153846 0.42908653846153844 0.19230769230769232 0.24278846153846154
0 0.34615384615384615 0.3581730769230769 0.19471153846153846 0.24759615384615385
0 0.4951923076923077 0.41346153846153844 0.19230769230769232 0.24759615384615385
0 0.04807692307692308 0.5456730769230769 0.09615384615384616 0.24519230769230768
0 0.15625 0.5733173076923077 0.19471153846153846 0.25
0 0.3161057692307692 0.5817307692307693 0.19230769230769232 0.25
0 0.46153846153846156 0.6310096153846154 0.18990384615384615 0.24278846153846154
0 0.6153846153846154 0.6526442307692307 0.1875 0.24519230769230768
0 0.7680288461538461 0.6850961538461539 0.18990384615384615 0.24759615384615385
0 0.03125 0.7451923076923077 0.0625 0.1875
0 0.12379807692307693 0.7668269230769231 0.18269230769230768 0.18990384615384615
0 0.2824519230769231 0.7836538461538461 0.1875 0.21153846153846154
0 0.90625 0.7115384615384616 0.1658653846153846 0.24519230769230768
0 0.4326923076923077 0.8233173076923077 0.1778846153846154 0.18509615384615385
0 0.5841346153846154 0.8461538461538461 0.1778846153846154 0.18509615384615385
0 0.8762019230769231 0.9002403846153846 0.15384615384615385 0.17307692307692307
0 0.7355769230769231 0.8737980769230769 0.1778846153846154 0.1778846153846154