0 0.11899038461538461 0.18389423076923078 0.23798076923076922 0.18990384615384615
0 0.12259615384615384 0.3713942307692308 0.24519230769230768 0.18990384615384615
0 0.38221153846153844 0.36778846153846156 0.2692307692307692 0.19230769230769232
0 0.6634615384615384 0.3701923076923077 0.27163461538461536 0.18509615384615385
0 0.125 0.5552884615384616 0.25 0.18990384615384615
0 0.3894230769230769 0.5456730769230769 0.2692307692307692 0.18509615384615385
0 0.65625 0.5504807692307693 0.27403846153846156 0.18028846153846154
0 0.12740384615384615 0.7331730769230769 0.25 0.18509615384615385
0 0.38341346153846156 0.7223557692307693 0.28125 0.1875
0 0.6550480769230769 0.7283653846153846 0.25721153846153844 0.18509615384615385
0 0.8954326923076923 0.7223557692307693 0.2091346153846154 0.18028846153846154
0 0.8930288461538461 0.5408653846153846 0.21394230769230768 0.1875
0 0.13581730769230768 0.8846153846153846 0.25961538461538464 0.12740384615384615
0 0.40024038461538464 0.8774038461538461 0.2668269230769231 0.12980769230769232
0 0.6574519230769231 0.8762019230769231 0.25961538461538464 0.1201923076923077
0 0.8966346153846154 0.8689903846153846 0.20673076923076922 0.12259615384615384