0 0.20192307692307693 0.109375 0.27884615384615385 0.21875
0 0.16346153846153846 0.2848557692307692 0.28365384615384615 0.23557692307692307
0 0.4182692307692308 0.3425480769230769 0.30288461538461536 0.24278846153846154
0 0.6899038461538461 0.41346153846153844 0.30288461538461536 0.23557692307692307
0 0.13221153846153846 0.4639423076923077 0.2644230769230769 0.23557692307692307
0 0.38100961538461536 0.5168269230769231 0.3004807692307692 0.23557692307692307
0 0.6394230769230769 0.5865384615384616 0.30528846153846156 0.23317307692307693
0 0.11177884615384616 0.6370192307692307 0.22355769230769232 0.23076923076923078
0 0.3329326923076923 0.6875 0.3125 0.2403846153846154
0 0.5961538461538461 0.7584134615384616 0.28846153846153844 0.23317307692307693
0 0.8329326923076923 0.8125 0.24519230769230768 0.21875
0 0.8725961538461539 0.6358173076923077 0.25 0.22596153846153846
0 0.09615384615384616 0.7836538461538461 0.19230769230769232 0.1778846153846154
0 0.3125 0.8425480769230769 0.2860576923076923 0.18028846153846154
0 0.5625 0.9026442307692307 0.2764423076923077 0.17067307692307693
0 0.7992788461538461 0.9375 0.23317307692307693 0.125