0 0.09975961538461539 0.2620192307692308 0.19951923076923078 0.23076923076923078
0 0.12259615384615384 0.4483173076923077 0.24519230769230768 0.23317307692307693
0 0.359375 0.3918269230769231 0.3004807692307692 0.23798076923076922
0 0.6358173076923077 0.34134615384615385 0.3004807692307692 0.23317307692307693
0 0.14182692307692307 0.6262019230769231 0.28125 0.23317307692307693
0 0.40024038461538464 0.5661057692307693 0.2980769230769231 0.23076923076923078
0 0.6622596153846154 0.5192307692307693 0.30288461538461536 0.2283653846153846
0 0.17908653846153846 0.8004807692307693 0.27884615384615385 0.2283653846153846
0 0.42788461538461536 0.7403846153846154 0.31009615384615385 0.23557692307692307
0 0.6959134615384616 0.6947115384615384 0.2860576923076923 0.2283653846153846
0 0.90625 0.6418269230769231 0.1875 0.21634615384615385
0 0.8846153846153846 0.4651442307692308 0.23076923076923078 0.22355769230769232
0 0.21514423076923078 0.9302884615384616 0.2764423076923077 0.13942307692307693
0 0.47475961538461536 0.8894230769230769 0.28365384615384615 0.1778846153846154
0 0.7271634615384616 0.8389423076923077 0.2764423076923077 0.1658653846153846
0 0.9242788461538461 0.7860576923076923 0.15144230769230768 0.15865384615384615