0 0.11177884615384616 0.21153846153846154 0.22355769230769232 0.20673076923076922
0 0.12259615384615384 0.39903846153846156 0.24519230769230768 0.20673076923076922
0 0.3737980769230769 0.3762019230769231 0.28125 0.2091346153846154
0 0.6538461538461539 0.3581730769230769 0.28365384615384615 0.20192307692307693
0 0.12980769230769232 0.5817307692307693 0.25961538461538464 0.20673076923076922
0 0.3918269230769231 0.5528846153846154 0.28125 0.20192307692307693
0 0.6586538461538461 0.5396634615384616 0.2860576923076923 0.19951923076923078
0 0.14543269230769232 0.7596153846153846 0.2620192307692308 0.20192307692307693
0 0.39903846153846156 0.7295673076923077 0.2932692307692308 0.20673076923076922
0 0.6706730769230769 0.7163461538461539 0.2692307692307692 0.20192307692307693
0 0.8990384615384616 0.6947115384615384 0.20192307692307693 0.19230769230769232
0 0.890625 0.5132211538461539 0.21875 0.19951923076923078
0 0.16346153846153846 0.9098557692307693 0.2668269230769231 0.14423076923076922
0 0.42788461538461536 0.8834134615384616 0.27403846153846156 0.1466346153846154
0 0.6838942307692307 0.8641826923076923 0.2668269230769231 0.13701923076923078
0 0.9074519230769231 0.8413461538461539 0.18509615384615385 0.1346153846153846