0 0.15985576923076922 0.4795673076923077 0.18990384615384615 0.21634615384615385
0 0.13701923076923078 0.6766826923076923 0.18990384615384615 0.22115384615384615
0 0.3557692307692308 0.3088942307692308 0.18509615384615385 0.21394230769230768
0 0.3293269230769231 0.5 0.1875 0.21394230769230768
0 0.3125 0.6923076923076923 0.1875 0.21634615384615385
0 0.5216346153846154 0.328125 0.18509615384615385 0.20673076923076922
0 0.5024038461538461 0.5168269230769231 0.18269230769230768 0.21394230769230768
0 0.4807692307692308 0.7055288461538461 0.18509615384615385 0.21153846153846154
0 0.6862980769230769 0.3473557692307692 0.1778846153846154 0.20673076923076922
0 0.6706730769230769 0.5360576923076923 0.18028846153846154 0.2091346153846154
0 0.6526442307692307 0.7235576923076923 0.18269230769230768 0.21634615384615385