0 0.16346153846153846 0.44471153846153844 0.2091346153846154 0.23076923076923078
0 0.1201923076923077 0.6382211538461539 0.2091346153846154 0.23557692307692307
0 0.3762019230769231 0.29447115384615385 0.20432692307692307 0.2283653846153846
0 0.33052884615384615 0.48197115384615385 0.20673076923076922 0.2283653846153846
0 0.29447115384615385 0.6706730769230769 0.20673076923076922 0.23076923076923078
0 0.5396634615384616 0.3317307692307692 0.20192307692307693 0.22115384615384615
0 0.5 0.5168269230769231 0.20192307692307693 0.22596153846153846
0 0.45913461538461536 0.703125 0.20192307692307693 0.22596153846153846
0 0.7019230769230769 0.36658653846153844 0.19471153846153846 0.22115384615384615
0 0.6658653846153846 0.5540865384615384 0.1971153846153846 0.22115384615384615
0 0.6286057692307693 0.7391826923076923 0.20192307692307693 0.2283653846153846