0 0.16105769230769232 0.5336538461538461 0.18028846153846154 0.2091346153846154
0 0.16947115384615385 0.7319711538461539 0.18028846153846154 0.21394230769230768
0 0.328125 0.3329326923076923 0.17548076923076922 0.20432692307692307
0 0.3317307692307692 0.5264423076923077 0.1778846153846154 0.20673076923076922
0 0.3449519230769231 0.71875 0.1778846153846154 0.2091346153846154
0 0.49399038461538464 0.3269230769230769 0.17548076923076922 0.19951923076923078
0 0.5048076923076923 0.5168269230769231 0.17307692307692307 0.20432692307692307
0 0.5132211538461539 0.7067307692307693 0.17548076923076922 0.20432692307692307
0 0.6598557692307693 0.31971153846153844 0.16826923076923078 0.19951923076923078
0 0.6742788461538461 0.5084134615384616 0.17067307692307693 0.19951923076923078
0 0.6862980769230769 0.6971153846153846 0.17307692307692307 0.20673076923076922