0 0.15985576923076922 0.5096153846153846 0.17307692307692307 0.20192307692307693
0 0.15384615384615385 0.7079326923076923 0.17307692307692307 0.20673076923076922
0 0.3401442307692308 0.32211538461538464 0.16826923076923078 0.19951923076923078
0 0.33052884615384615 0.515625 0.17067307692307693 0.19951923076923078
0 0.33052884615384615 0.7079326923076923 0.17067307692307693 0.20192307692307693
0 0.5072115384615384 0.3269230769230769 0.16826923076923078 0.19230769230769232
0 0.5036057692307693 0.5168269230769231 0.1658653846153846 0.19951923076923078
0 0.4987980769230769 0.7067307692307693 0.16826923076923078 0.1971153846153846
0 0.671875 0.33052884615384615 0.16105769230769232 0.19471153846153846
0 0.6730769230769231 0.5216346153846154 0.16346153846153846 0.19471153846153846
0 0.671875 0.7103365384615384 0.1658653846153846 0.20192307692307693