0 0.08173076923076923 0.25841346153846156 0.16346153846153846 0.16105769230769232
0 0.09134615384615384 0.16105769230769232 0.18269230769230768 0.0673076923076923
0 0.2704326923076923 0.23197115384615385 0.13701923076923078 0.28365384615384615
0 0.14903846153846154 0.0829326923076923 0.2980769230769231 0.12259615384615384
0 0.46875 0.0733173076923077 0.3173076923076923 0.1466346153846154
0 0.78125 0.04927884615384615 0.3125 0.0985576923076923
0 0.5048076923076923 0.27163461538461536 0.34615384615384615 0.34615384615384615
0 0.8100961538461539 0.22596153846153846 0.35336538461538464 0.34375
0 0.09134615384615384 0.39783653846153844 0.18269230769230768 0.16105769230769232
0 0.28365384615384615 0.46274038461538464 0.20432692307692307 0.2091346153846154
0 0.109375 0.6213942307692307 0.21875 0.3245192307692308
0 0.3004807692307692 0.6550480769230769 0.20673076923076922 0.23076923076923078
0 0.4987980769230769 0.5853365384615384 0.25 0.3389423076923077
0 0.7271634615384616 0.5516826923076923 0.28846153846153844 0.3389423076923077
0 0.9146634615384616 0.46274038461538464 0.17067307692307693 0.21875
0 0.1875 0.8569711538461539 0.3125 0.21394230769230768
0 0.5192307692307693 0.8233173076923077 0.3942307692307692 0.21394230769230768
0 0.8149038461538461 0.7860576923076923 0.2403846153846154 0.20432692307692307
0 0.9459134615384616 0.7079326923076923 0.10817307692307693 0.30528846153846156