0 0.13942307692307693 0.15264423076923078 0.20673076923076922 0.16346153846153846
0 0.17067307692307693 0.06129807692307692 0.2283653846153846 0.07211538461538461
0 0.3485576923076923 0.1814903846153846 0.14182692307692307 0.28365384615384615
0 0.26802884615384615 0.03485576923076923 0.3004807692307692 0.06971153846153846
0 0.5817307692307693 0.07692307692307693 0.3173076923076923 0.15384615384615385
0 0.8689903846153846 0.11177884615384616 0.2620192307692308 0.16105769230769232
0 0.5637019230769231 0.28125 0.35096153846153844 0.35096153846153844
0 0.8449519230769231 0.3137019230769231 0.31009615384615385 0.3485576923076923
0 0.12139423076923077 0.2932692307692308 0.2091346153846154 0.1658653846153846
0 0.3004807692307692 0.4074519230769231 0.20673076923076922 0.21153846153846154
0 0.10216346153846154 0.5144230769230769 0.20432692307692307 0.3269230769230769
0 0.2668269230769231 0.5985576923076923 0.2091346153846154 0.23317307692307693
0 0.47596153846153844 0.5817307692307693 0.2548076923076923 0.34134615384615385
0 0.7055288461538461 0.609375 0.2932692307692308 0.34134615384615385
0 0.9122596153846154 0.5721153846153846 0.17548076923076922 0.22115384615384615
0 0.1310096153846154 0.7632211538461539 0.2620192307692308 0.21875
0 0.43509615384615385 0.8173076923076923 0.39663461538461536 0.21875
0 0.7295673076923077 0.8581730769230769 0.24278846153846154 0.20673076923076922
0 0.9002403846153846 0.8233173076923077 0.15865384615384615 0.3076923076923077