0 0.15144230769230768 0.140625 0.21153846153846154 0.17067307692307693
0 0.18629807692307693 0.05048076923076923 0.23076923076923078 0.07932692307692307
0 0.359375 0.17668269230769232 0.15144230769230768 0.2860576923076923
0 0.2860576923076923 0.03365384615384615 0.30288461538461536 0.0673076923076923
0 0.5973557692307693 0.08173076923076923 0.31971153846153844 0.16346153846153846
0 0.875 0.12379807692307693 0.25 0.17067307692307693
0 0.5709134615384616 0.28365384615384615 0.3581730769230769 0.3581730769230769
0 0.8473557692307693 0.328125 0.30528846153846156 0.3581730769230769
0 0.12860576923076922 0.28125 0.21394230769230768 0.17067307692307693
0 0.30408653846153844 0.40024038461538464 0.21153846153846154 0.21634615384615385
0 0.1045673076923077 0.5 0.2091346153846154 0.3317307692307692
0 0.26322115384615385 0.5901442307692307 0.21634615384615385 0.23798076923076922
0 0.4735576923076923 0.5805288461538461 0.2644230769230769 0.34615384615384615
0 0.7019230769230769 0.6165865384615384 0.30288461538461536 0.3485576923076923
0 0.9086538461538461 0.5865384615384616 0.18269230769230768 0.22596153846153846
0 0.12860576923076922 0.7487980769230769 0.25721153846153844 0.2283653846153846
0 0.42427884615384615 0.8149038461538461 0.4014423076923077 0.23076923076923078
0 0.7175480769230769 0.8653846153846154 0.24759615384615385 0.21394230769230768
0 0.8882211538461539 0.8365384615384616 0.1658653846153846 0.31009615384615385