0 0.16466346153846154 0.12860576923076922 0.21394230769230768 0.17548076923076922
0 0.20072115384615385 0.040865384615384616 0.2283653846153846 0.08173076923076923
0 0.3701923076923077 0.171875 0.16105769230769232 0.28846153846153844
0 0.30288461538461536 0.03245192307692308 0.30288461538461536 0.06490384615384616
0 0.6105769230769231 0.08533653846153846 0.32211538461538464 0.17067307692307693
0 0.8810096153846154 0.13822115384615385 0.23798076923076922 0.18028846153846154
0 0.578125 0.2860576923076923 0.36778846153846156 0.36778846153846156
0 0.8473557692307693 0.3401442307692308 0.30528846153846156 0.36778846153846156
0 0.13701923076923078 0.26802884615384615 0.21634615384615385 0.17548076923076922
0 0.3076923076923077 0.3942307692307692 0.21875 0.22115384615384615
0 0.10576923076923077 0.4855769230769231 0.21153846153846154 0.33653846153846156
0 0.2608173076923077 0.5817307692307693 0.22115384615384615 0.24278846153846154
0 0.47115384615384615 0.5793269230769231 0.27403846153846156 0.35336538461538464
0 0.6971153846153846 0.6225961538461539 0.3125 0.3557692307692308
0 0.90625 0.6021634615384616 0.1875 0.2283653846153846
0 0.125 0.734375 0.25 0.23798076923076922
0 0.41225961538461536 0.8125 0.40384615384615385 0.24278846153846154
0 0.7043269230769231 0.8725961538461539 0.25240384615384615 0.22115384615384615
0 0.8762019230769231 0.8461538461538461 0.17548076923076922 0.3076923076923077