0 0.5384615384615384 0.5420673076923077 0.14903846153846154 0.20192307692307693
0 0.21875 0.20072115384615385 0.15144230769230768 0.18269230769230768
0 0.20192307692307693 0.38221153846153844 0.15625 0.1875
0 0.3713942307692308 0.38100961538461536 0.15625 0.18269230769230768
0 0.8125 0.7151442307692307 0.1346153846153846 0.17548076923076922
0 0.6129807692307693 0.7259615384615384 0.15625 0.1875
0 0.3629807692307692 0.5612980769230769 0.15625 0.18990384615384615
0 0.20673076923076922 0.5661057692307693 0.15625 0.18269230769230768
0 0.15384615384615385 0.7475961538461539 0.15625 0.1875
0 0.46153846153846156 0.7331730769230769 0.15865384615384615 0.18509615384615385
0 0.31009615384615385 0.7439903846153846 0.15865384615384615 0.18509615384615385