0 0.5264423076923077 0.5504807692307693 0.18269230769230768 0.22355769230769232
0 0.30649038461538464 0.13822115384615385 0.18028846153846154 0.20673076923076922
0 0.24278846153846154 0.3088942307692308 0.1875 0.21153846153846154
0 0.4074519230769231 0.35096153846153844 0.18509615384615385 0.20673076923076922
0 0.7463942307692307 0.7884615384615384 0.1658653846153846 0.19471153846153846
0 0.5504807692307693 0.7475961538461539 0.1875 0.21153846153846154
0 0.35096153846153844 0.5240384615384616 0.1875 0.21394230769230768
0 0.19951923076923078 0.48677884615384615 0.18509615384615385 0.20673076923076922
0 0.10096153846153846 0.6502403846153846 0.1875 0.21153846153846154
0 0.4026442307692308 0.7151442307692307 0.1875 0.2091346153846154
0 0.2536057692307692 0.6862980769230769 0.1875 0.2091346153846154