0 0.53125 0.5480769230769231 0.1658653846153846 0.21394230769230768
0 0.2692307692307692 0.15985576923076922 0.1658653846153846 0.19471153846153846
0 0.2247596153846154 0.33653846153846156 0.17067307692307693 0.19951923076923078
0 0.3918269230769231 0.36177884615384615 0.17067307692307693 0.19471153846153846
0 0.7752403846153846 0.7620192307692307 0.14903846153846154 0.18509615384615385
0 0.5757211538461539 0.7403846153846154 0.17067307692307693 0.19951923076923078
0 0.3545673076923077 0.5396634615384616 0.17067307692307693 0.20192307692307693
0 0.19951923076923078 0.5192307692307693 0.17067307692307693 0.19471153846153846
0 0.11899038461538461 0.6911057692307693 0.17067307692307693 0.19951923076923078
0 0.4254807692307692 0.7247596153846154 0.17307692307692307 0.1971153846153846
0 0.27403846153846156 0.7103365384615384 0.17307692307692307 0.1971153846153846