0 0.5432692307692307 0.5372596153846154 0.16826923076923078 0.21394230769230768
0 0.18870192307692307 0.23197115384615385 0.16826923076923078 0.1971153846153846
0 0.19110576923076922 0.41346153846153844 0.17307692307692307 0.20192307692307693
0 0.3605769230769231 0.3942307692307692 0.17307692307692307 0.1971153846153846
0 0.8341346153846154 0.6814903846153846 0.15144230769230768 0.1875
0 0.6358173076923077 0.7127403846153846 0.17307692307692307 0.20192307692307693
0 0.3701923076923077 0.5757211538461539 0.17307692307692307 0.20432692307692307
0 0.21514423076923078 0.5961538461538461 0.17307692307692307 0.1971153846153846
0 0.1814903846153846 0.7824519230769231 0.17307692307692307 0.20192307692307693
0 0.4855769230769231 0.7367788461538461 0.17548076923076922 0.19951923076923078
0 0.33653846153846156 0.7620192307692307 0.17548076923076922 0.19951923076923078