0 0.6526442307692307 0.18028846153846154 0.18990384615384615 0.17548076923076922
0 0.578125 0.34134615384615385 0.1875 0.17307692307692307
0 0.4026442307692308 0.35697115384615385 0.18990384615384615 0.17548076923076922
0 0.4807692307692308 0.19110576923076922 0.1875 0.1658653846153846
0 0.30288461538461536 0.21033653846153846 0.18990384615384615 0.17307692307692307
0 0.2283653846153846 0.3713942307692308 0.19230769230769232 0.17067307692307693
0 0.2403846153846154 0.5252403846153846 0.1875 0.16346153846153846
0 0.41346153846153844 0.5084134615384616 0.18509615384615385 0.17067307692307693
0 0.7764423076923077 0.6358173076923077 0.18509615384615385 0.16346153846153846
0 0.7548076923076923 0.3269230769230769 0.19230769230769232 0.17067307692307693
0 0.7644230769230769 0.4831730769230769 0.18990384615384615 0.16826923076923078
0 0.5901442307692307 0.49759615384615385 0.18509615384615385 0.16826923076923078
0 0.5997596153846154 0.6478365384615384 0.19230769230769232 0.1658653846153846
0 0.42427884615384615 0.6610576923076923 0.1875 0.16105769230769232
0 0.2512019230769231 0.6742788461538461 0.1875 0.16105769230769232