0 0.7211538461538461 0.22235576923076922 0.1971153846153846 0.18509615384615385
0 0.6117788461538461 0.3629807692307692 0.19471153846153846 0.18269230769230768
0 0.4375 0.33774038461538464 0.1971153846153846 0.18509615384615385
0 0.5504807692307693 0.19471153846153846 0.19471153846153846 0.17548076923076922
0 0.3737980769230769 0.17427884615384615 0.1971153846153846 0.18269230769230768
0 0.2644230769230769 0.3137019230769231 0.19951923076923078 0.18028846153846154
0 0.24158653846153846 0.46634615384615385 0.19471153846153846 0.17307692307692307
0 0.41466346153846156 0.4891826923076923 0.19230769230769232 0.1778846153846154
0 0.7379807692307693 0.6947115384615384 0.19230769230769232 0.17067307692307693
0 0.7872596153846154 0.38822115384615385 0.19951923076923078 0.18028846153846154
0 0.7608173076923077 0.5432692307692307 0.1971153846153846 0.1778846153846154
0 0.5889423076923077 0.5180288461538461 0.19230769230769232 0.17548076923076922
0 0.5637019230769231 0.6670673076923077 0.19951923076923078 0.17548076923076922
0 0.390625 0.6394230769230769 0.19471153846153846 0.17067307692307693
0 0.21875 0.6129807692307693 0.19471153846153846 0.17067307692307693