0 0.7487980769230769 0.24759615384615385 0.2091346153846154 0.19951923076923078
0 0.625 0.375 0.2091346153846154 0.1971153846153846
0 0.45552884615384615 0.3329326923076923 0.2091346153846154 0.19951923076923078
0 0.5817307692307693 0.20192307692307693 0.20673076923076922 0.18990384615384615
0 0.40865384615384615 0.1622596153846154 0.21153846153846154 0.1971153846153846
0 0.2848557692307692 0.28966346153846156 0.21153846153846154 0.19471153846153846
0 0.24639423076923078 0.4387019230769231 0.20673076923076922 0.1875
0 0.41586538461538464 0.4807692307692308 0.20673076923076922 0.19230769230769232
0 0.7163461538461539 0.71875 0.20432692307692307 0.1875
0 0.7980769230769231 0.41947115384615385 0.21153846153846154 0.19471153846153846
0 0.7548076923076923 0.5697115384615384 0.2091346153846154 0.19230769230769232
0 0.5865384615384616 0.5276442307692307 0.20432692307692307 0.19230769230769232
0 0.5456730769230769 0.6730769230769231 0.21153846153846154 0.18990384615384615
0 0.3762019230769231 0.6274038461538461 0.20673076923076922 0.18509615384615385
0 0.20793269230769232 0.5829326923076923 0.20673076923076922 0.18509615384615385