0 0.7259615384615384 0.22716346153846154 0.19951923076923078 0.1875
0 0.6141826923076923 0.3641826923076923 0.1971153846153846 0.18509615384615385
0 0.4411057692307692 0.33774038461538464 0.19951923076923078 0.1875
0 0.5552884615384616 0.19591346153846154 0.1971153846153846 0.1778846153846154
0 0.3786057692307692 0.171875 0.19951923076923078 0.18509615384615385
0 0.2668269230769231 0.31009615384615385 0.20192307692307693 0.18269230769230768
0 0.24158653846153846 0.46153846153846156 0.1971153846153846 0.17548076923076922
0 0.41466346153846156 0.4879807692307692 0.19471153846153846 0.18028846153846154
0 0.734375 0.6995192307692307 0.19471153846153846 0.17307692307692307
0 0.7896634615384616 0.3942307692307692 0.20192307692307693 0.18269230769230768
0 0.7608173076923077 0.546875 0.19951923076923078 0.18028846153846154
0 0.5877403846153846 0.5204326923076923 0.19471153846153846 0.1778846153846154
0 0.5612980769230769 0.6682692307692307 0.20192307692307693 0.1778846153846154
0 0.38822115384615385 0.6382211538461539 0.1971153846153846 0.17307692307692307
0 0.21634615384615385 0.6081730769230769 0.1971153846153846 0.17307692307692307