0 0.625 0.16826923076923078 0.20192307692307693 0.18990384615384615
0 0.5637019230769231 0.33533653846153844 0.19951923076923078 0.1875
0 0.390625 0.36538461538461536 0.20192307692307693 0.18990384615384615
0 0.453125 0.19471153846153846 0.19951923076923078 0.18028846153846154
0 0.27884615384615385 0.22956730769230768 0.20192307692307693 0.1875
0 0.21754807692307693 0.3954326923076923 0.20432692307692307 0.18509615384615385
0 0.2439903846153846 0.5480769230769231 0.19951923076923078 0.1778846153846154
0 0.41466346153846156 0.515625 0.1971153846153846 0.18509615384615385
0 0.7872596153846154 0.6117788461538461 0.1971153846153846 0.1778846153846154
0 0.7391826923076923 0.30528846153846156 0.20432692307692307 0.18509615384615385
0 0.7620192307692307 0.46033653846153844 0.20192307692307693 0.18269230769230768
0 0.5901442307692307 0.49038461538461536 0.1971153846153846 0.18269230769230768
0 0.6117788461538461 0.6394230769230769 0.20432692307692307 0.18028846153846154
0 0.4387019230769231 0.6670673076923077 0.1971153846153846 0.17548076923076922
0 0.2668269230769231 0.6947115384615384 0.1971153846153846 0.17548076923076922