0 0.8786057692307693 0.6382211538461539 0.08653846153846154 0.07932692307692307
0 0.7692307692307693 0.7776442307692307 0.2956730769230769 0.24519230769230768
0 0.6502403846153846 0.4855769230769231 0.0889423076923077 0.057692307692307696
0 0.6947115384615384 0.5961538461538461 0.16105769230769232 0.17067307692307693
0 0.5276442307692307 0.5588942307692307 0.1658653846153846 0.17067307692307693
0 0.5024038461538461 0.4423076923076923 0.12259615384615384 0.07932692307692307
0 0.4963942307692308 0.3389423076923077 0.09134615384615384 0.125
0 0.39783653846153844 0.4375 0.10336538461538461 0.125
0 0.3762019230769231 0.5793269230769231 0.13942307692307693 0.16826923076923078
0 0.25240384615384615 0.6165865384615384 0.12259615384615384 0.08653846153846154
0 0.25841346153846156 0.5504807692307693 0.08413461538461539 0.055288461538461536
0 0.3713942307692308 0.7836538461538461 0.16826923076923078 0.22596153846153846
0 0.6189903846153846 0.42908653846153844 0.06490384615384616 0.0625
0 0.22235576923076922 0.7824519230769231 0.18990384615384615 0.25721153846153844
0 0.5396634615384616 0.7572115384615384 0.17067307692307693 0.25240384615384615