0 0.8557692307692307 0.6887019230769231 0.0889423076923077 0.08173076923076923
0 0.7283653846153846 0.8125 0.30288461538461536 0.2548076923076923
0 0.6502403846153846 0.5072115384615384 0.09134615384615384 0.06009615384615385
0 0.6802884615384616 0.6213942307692307 0.16826923076923078 0.17548076923076922
0 0.5192307692307693 0.5625 0.17307692307692307 0.17548076923076922
0 0.5108173076923077 0.44350961538461536 0.12259615384615384 0.08173076923076923
0 0.5192307692307693 0.3401442307692308 0.09375 0.12740384615384615
0 0.4074519230769231 0.42427884615384615 0.10576923076923077 0.12740384615384615
0 0.36658653846153844 0.5625 0.1466346153846154 0.17307692307692307
0 0.23798076923076922 0.5805288461538461 0.125 0.0889423076923077
0 0.2536057692307692 0.515625 0.08653846153846154 0.057692307692307696
0 0.3329326923076923 0.7632211538461539 0.17548076923076922 0.23076923076923078
0 0.6274038461538461 0.44591346153846156 0.0673076923076923 0.06490384615384616
0 0.18509615384615385 0.7415865384615384 0.19951923076923078 0.2620192307692308
0 0.5036057692307693 0.7596153846153846 0.18028846153846154 0.25721153846153844