0 0.7944711538461539 0.27524038461538464 0.15865384615384615 0.12740384615384615
0 0.5913461538461539 0.18028846153846154 0.15625 0.1201923076923077
0 0.5528846153846154 0.31490384615384615 0.24278846153846154 0.21153846153846154
0 0.53125 0.5336538461538461 0.2980769230769231 0.3076923076923077
0 0.8221153846153846 0.4098557692307692 0.19230769230769232 0.21153846153846154
0 0.8016826923076923 0.6045673076923077 0.16826923076923078 0.28125
0 0.3473557692307692 0.7007211538461539 0.14423076923076922 0.23317307692307693
0 0.6694711538461539 0.8137019230769231 0.18269230769230768 0.2403846153846154
0 0.31971153846153844 0.052884615384615384 0.16346153846153846 0.10576923076923077
0 0.23557692307692307 0.21153846153846154 0.2692307692307692 0.28846153846153844
0 0.21634615384615385 0.6370192307692307 0.2860576923076923 0.25721153846153844
0 0.25600961538461536 0.4543269230769231 0.27403846153846156 0.2932692307692308