0 0.7103365384615384 0.19471153846153846 0.15384615384615385 0.12259615384615384
0 0.4879807692307692 0.16826923076923078 0.15384615384615385 0.11538461538461539
0 0.49399038461538464 0.3076923076923077 0.23798076923076922 0.20432692307692307
0 0.5396634615384616 0.5228365384615384 0.28846153846153844 0.3004807692307692
0 0.7788461538461539 0.31490384615384615 0.18509615384615385 0.2091346153846154
0 0.8185096153846154 0.5060096153846154 0.16105769230769232 0.27884615384615385
0 0.4170673076923077 0.7391826923076923 0.13701923076923078 0.23076923076923078
0 0.7584134615384616 0.7463942307692307 0.17548076923076922 0.23798076923076922
0 0.18870192307692307 0.12379807692307693 0.16105769230769232 0.11538461538461539
0 0.15985576923076922 0.3076923076923077 0.2620192307692308 0.28125
0 0.27163461538461536 0.7175480769230769 0.28125 0.25
0 0.2548076923076923 0.5324519230769231 0.2668269230769231 0.2860576923076923