0 0.4855769230769231 0.20192307692307693 0.06009615384615385 0.057692307692307696
0 0.4795673076923077 0.27403846153846156 0.10336538461538461 0.10576923076923077
0 0.6045673076923077 0.2764423076923077 0.11778846153846154 0.11778846153846154
0 0.34375 0.26322115384615385 0.0889423076923077 0.10336538461538461
0 0.35216346153846156 0.3701923076923077 0.16826923076923078 0.13221153846153846
0 0.4795673076923077 0.3918269230769231 0.11057692307692307 0.14423076923076922
0 0.34615384615384615 0.4879807692307692 0.16346153846153846 0.12980769230769232
0 0.4807692307692308 0.5300480769230769 0.10576923076923077 0.14423076923076922
0 0.453125 0.6514423076923077 0.16826923076923078 0.12740384615384615
0 0.453125 0.7644230769230769 0.16346153846153846 0.12740384615384615
0 0.31490384615384615 0.7463942307692307 0.10576923076923077 0.14903846153846154
0 0.30528846153846156 0.6117788461538461 0.10817307692307693 0.14182692307692307
0 0.15865384615384615 0.359375 0.08173076923076923 0.06490384615384616
0 0.1778846153846154 0.42427884615384615 0.10576923076923077 0.07932692307692307
0 0.17668269230769232 0.5132211538461539 0.15144230769230768 0.12740384615384615
0 0.1778846153846154 0.6237980769230769 0.16105769230769232 0.1346153846153846
0 0.16346153846153846 0.7283653846153846 0.15625 0.125
0 0.04326923076923077 0.640625 0.08653846153846154 0.17067307692307693
0 0.046875 0.7524038461538461 0.09375 0.08653846153846154
0 0.5973557692307693 0.3798076923076923 0.11057692307692307 0.10336538461538461
0 0.71875 0.4170673076923077 0.125 0.11778846153846154
0 0.7163461538461539 0.3389423076923077 0.0625 0.055288461538461536
0 0.7139423076923077 0.5216346153846154 0.07692307692307693 0.10817307692307693
0 0.8016826923076923 0.5204326923076923 0.11778846153846154 0.06490384615384616
0 0.8028846153846154 0.5973557692307693 0.09375 0.11298076923076923
0 0.7271634615384616 0.6382211538461539 0.07692307692307693 0.14423076923076922
0 0.5757211538461539 0.49399038461538464 0.10576923076923077 0.15384615384615385
0 0.5817307692307693 0.6322115384615384 0.11298076923076923 0.14903846153846154
0 0.5841346153846154 0.765625 0.11298076923076923 0.13942307692307693
0 0.6983173076923077 0.7704326923076923 0.10096153846153846 0.14423076923076922
0 0.9110576923076923 0.6454326923076923 0.07451923076923077 0.057692307692307696
0 0.9266826923076923 0.7043269230769231 0.1201923076923077 0.07211538461538461
0 0.8125 0.6802884615384616 0.1201923076923077 0.07692307692307693
0 0.78125 0.7764423076923077 0.09134615384615384 0.14423076923076922
0 0.9278846153846154 0.7668269230769231 0.10576923076923077 0.07932692307692307
0 0.8762019230769231 0.8245192307692307 0.07692307692307693 0.0985576923076923