0 0.08774038461538461 0.22956730769230768 0.17548076923076922 0.24759615384615385
0 0.3088942307692308 0.17668269230769232 0.3317307692307692 0.2620192307692308
0 0.10576923076923077 0.44711538461538464 0.21153846153846154 0.24519230769230768
0 0.35336538461538464 0.390625 0.33413461538461536 0.2692307692307692
0 0.13221153846153846 0.6538461538461539 0.25721153846153844 0.2620192307692308
0 0.16947115384615385 0.8617788461538461 0.2403846153846154 0.24759615384615385
0 0.390625 0.6045673076923077 0.3293269230769231 0.2692307692307692
0 0.5673076923076923 0.1310096153846154 0.2692307692307692 0.2620192307692308
0 0.8076923076923077 0.09495192307692307 0.2548076923076923 0.18990384615384615
0 0.6165865384615384 0.3401442307692308 0.28365384615384615 0.2668269230769231
0 0.8605769230769231 0.2932692307692308 0.25721153846153844 0.2860576923076923
0 0.8930288461538461 0.5336538461538461 0.21394230769230768 0.27884615384615385
0 0.43028846153846156 0.8076923076923077 0.3389423076923077 0.2668269230769231
0 0.6790865384615384 0.8064903846153846 0.36538461538461536 0.20432692307692307
0 0.6574519230769231 0.5492788461538461 0.28125 0.25721153846153844