0 0.109375 0.14903846153846154 0.21875 0.21153846153846154
0 0.3737980769230769 0.1466346153846154 0.2980769230769231 0.2091346153846154
0 0.10576923076923077 0.36899038461538464 0.21153846153846154 0.2091346153846154
0 0.37740384615384615 0.36538461538461536 0.3004807692307692 0.21634615384615385
0 0.109375 0.5817307692307693 0.21875 0.22596153846153846
0 0.10576923076923077 0.7920673076923077 0.20673076923076922 0.21153846153846154
0 0.37259615384615385 0.5817307692307693 0.2956730769230769 0.21875
0 0.6382211538461539 0.14903846153846154 0.23317307692307693 0.23076923076923078
0 0.8882211538461539 0.1201923076923077 0.21394230769230768 0.2403846153846154
0 0.6454326923076923 0.36538461538461536 0.24759615384615385 0.22596153846153846
0 0.8930288461538461 0.36538461538461536 0.21394230769230768 0.25240384615384615
0 0.8966346153846154 0.6117788461538461 0.20673076923076922 0.24278846153846154
0 0.37259615384615385 0.7884615384615384 0.30528846153846156 0.21394230769230768
0 0.6177884615384616 0.8341346153846154 0.34615384615384615 0.13942307692307693
0 0.6454326923076923 0.578125 0.24759615384615385 0.21634615384615385