0 0.09735576923076923 0.19110576923076922 0.19471153846153846 0.23317307692307693
0 0.33774038461538464 0.16105769230769232 0.3173076923076923 0.23798076923076922
0 0.10576923076923077 0.4098557692307692 0.21153846153846154 0.2283653846153846
0 0.3641826923076923 0.3786057692307692 0.31971153846153844 0.24519230769230768
0 0.1201923076923077 0.6201923076923077 0.2403846153846154 0.24519230769230768
0 0.13822115384615385 0.8317307692307693 0.22596153846153846 0.23317307692307693
0 0.38221153846153844 0.5949519230769231 0.31490384615384615 0.24759615384615385
0 0.6009615384615384 0.13701923076923078 0.2548076923076923 0.25240384615384615
0 0.8449519230769231 0.10576923076923077 0.23798076923076922 0.21153846153846154
0 0.6310096153846154 0.35096153846153844 0.2668269230769231 0.25
0 0.8774038461538461 0.32572115384615385 0.23798076923076922 0.27163461538461536
0 0.8954326923076923 0.5697115384615384 0.2091346153846154 0.2644230769230769
0 0.40384615384615385 0.8004807692307693 0.3269230769230769 0.24519230769230768
0 0.6514423076923077 0.8209134615384616 0.3581730769230769 0.17548076923076922
0 0.6526442307692307 0.5625 0.2668269230769231 0.2403846153846154