0 0.7740384615384616 0.3401442307692308 0.14423076923076922 0.24278846153846154
0 0.5961538461538461 0.19951923076923078 0.20673076923076922 0.16826923076923078
0 0.5625 0.38221153846153844 0.3485576923076923 0.2668269230769231
0 0.4387019230769231 0.24639423076923078 0.15144230769230768 0.125
0 0.28125 0.31971153846153844 0.23076923076923078 0.18028846153846154
0 0.31971153846153844 0.46033653846153844 0.21153846153846154 0.16826923076923078
0 0.46274038461538464 0.6778846153846154 0.2403846153846154 0.3629807692307692
0 0.6057692307692307 0.5492788461538461 0.15384615384615385 0.14903846153846154
0 0.7668269230769231 0.5288461538461539 0.2091346153846154 0.16346153846153846
0 0.7391826923076923 0.7115384615384616 0.34134615384615385 0.25961538461538464
0 0.29447115384615385 0.8221153846153846 0.21634615384615385 0.17067307692307693
0 0.3016826923076923 0.6358173076923077 0.14903846153846154 0.21875