0 0.7680288461538461 0.5901442307692307 0.1778846153846154 0.14423076923076922
0 0.6382211538461539 0.7560096153846154 0.23557692307692307 0.21394230769230768
0 0.42788461538461536 0.5036057692307693 0.22355769230769232 0.20673076923076922
0 0.5889423076923077 0.5240384615384616 0.12740384615384615 0.10817307692307693
0 0.20432692307692307 0.6995192307692307 0.18509615384615385 0.15144230769230768
0 0.4026442307692308 0.8449519230769231 0.23076923076923078 0.23317307692307693
0 0.21875 0.5745192307692307 0.1875 0.13701923076923078
0 0.59375 0.6177884615384616 0.18028846153846154 0.13701923076923078
0 0.8810096153846154 0.7247596153846154 0.23798076923076922 0.22355769230769232
0 0.40024038461538464 0.6538461538461539 0.18028846153846154 0.13701923076923078
0 0.21514423076923078 0.8545673076923077 0.2091346153846154 0.21394230769230768