0 0.7596153846153846 0.6141826923076923 0.16826923076923078 0.13221153846153846
0 0.6153846153846154 0.7680288461538461 0.22115384615384615 0.1971153846153846
0 0.42788461538461536 0.4963942307692308 0.21153846153846154 0.19230769230769232
0 0.5865384615384616 0.53125 0.1201923076923077 0.0985576923076923
0 0.18870192307692307 0.6730769230769231 0.17548076923076922 0.13942307692307693
0 0.37259615384615385 0.8353365384615384 0.21634615384615385 0.21875
0 0.21394230769230768 0.5492788461538461 0.18028846153846154 0.12259615384615384
0 0.5829326923076923 0.625 0.17307692307692307 0.125
0 0.8641826923076923 0.7584134615384616 0.23317307692307693 0.20673076923076922
0 0.3870192307692308 0.6454326923076923 0.17307692307692307 0.125
0 0.18509615384615385 0.828125 0.19471153846153846 0.19951923076923078