0 0.765625 0.5997596153846154 0.17307692307692307 0.13942307692307693
0 0.6286057692307693 0.7608173076923077 0.23076923076923078 0.20673076923076922
0 0.4266826923076923 0.5 0.21875 0.20192307692307693
0 0.5877403846153846 0.5264423076923077 0.125 0.10336538461538461
0 0.1971153846153846 0.6899038461538461 0.18269230769230768 0.1466346153846154
0 0.390625 0.8413461538461539 0.22596153846153846 0.2283653846153846
0 0.21634615384615385 0.5637019230769231 0.18509615384615385 0.12980769230769232
0 0.5901442307692307 0.6213942307692307 0.1778846153846154 0.13221153846153846
0 0.8774038461538461 0.7391826923076923 0.24278846153846154 0.21634615384615385
0 0.3954326923076923 0.6502403846153846 0.1778846153846154 0.13221153846153846
0 0.20192307692307693 0.84375 0.20432692307692307 0.2091346153846154