0 0.7151442307692307 0.6850961538461539 0.18028846153846154 0.14903846153846154
0 0.5324519230769231 0.7896634615384616 0.2403846153846154 0.21875
0 0.43149038461538464 0.47596153846153844 0.2283653846153846 0.21153846153846154
0 0.5733173076923077 0.5552884615384616 0.12980769230769232 0.11057692307692307
0 0.15144230769230768 0.5745192307692307 0.1875 0.15625
0 0.2800480769230769 0.7836538461538461 0.23798076923076922 0.23798076923076922
0 0.21153846153846154 0.46274038461538464 0.18990384615384615 0.14182692307692307
0 0.5432692307692307 0.6442307692307693 0.18269230769230768 0.14182692307692307
0 0.7728365384615384 0.8545673076923077 0.25240384615384615 0.2283653846153846
0 0.34975961538461536 0.6057692307692307 0.18269230769230768 0.14182692307692307
0 0.1045673076923077 0.7199519230769231 0.2091346153846154 0.21875