0 0.4519230769230769 0.7608173076923077 0.21875 0.28365384615384615
0 0.5084134615384616 0.5588942307692307 0.19230769230769232 0.19951923076923078
0 0.5661057692307693 0.4651442307692308 0.09375 0.06490384615384616
0 0.5841346153846154 0.41466346153846156 0.07932692307692307 0.07451923076923077
0 0.484375 0.4026442307692308 0.12740384615384615 0.1466346153846154
0 0.40384615384615385 0.34615384615384615 0.09134615384615384 0.07211538461538461
0 0.40865384615384615 0.2860576923076923 0.08173076923076923 0.07211538461538461
0 0.30528846153846156 0.3161057692307692 0.10336538461538461 0.13942307692307693
0 0.19471153846153846 0.4699519230769231 0.1971153846153846 0.23557692307692307
0 0.12379807692307693 0.6862980769230769 0.24759615384615385 0.30528846153846156
0 0.34375 0.5360576923076923 0.17067307692307693 0.19471153846153846
0 0.36658653846153844 0.4098557692307692 0.13701923076923078 0.11057692307692307
0 0.27163461538461536 0.7319711538461539 0.21875 0.27163461538461536