0 0.06971153846153846 0.12620192307692307 0.13942307692307693 0.20432692307692307
0 0.07091346153846154 0.35096153846153844 0.14182692307692307 0.2403846153846154
0 0.33533653846153844 0.12259615384615384 0.4206730769230769 0.24519230769230768
0 0.23918269230769232 0.35096153846153844 0.2091346153846154 0.24519230769230768
0 0.43509615384615385 0.3449519230769231 0.21394230769230768 0.24759615384615385
0 0.0889423076923077 0.578125 0.1778846153846154 0.23317307692307693
0 0.375 0.5661057692307693 0.4326923076923077 0.24519230769230768
0 0.6358173076923077 0.31850961538461536 0.23076923076923078 0.25961538461538464
0 0.09375 0.8112980769230769 0.16105769230769232 0.23076923076923078
0 0.2644230769230769 0.7992788461538461 0.21394230769230768 0.24278846153846154
0 0.46153846153846156 0.7860576923076923 0.21875 0.25240384615384615
0 0.7560096153846154 0.1045673076923077 0.44471153846153844 0.2091346153846154
0 0.8605769230769231 0.2956730769230769 0.22115384615384615 0.25240384615384615
0 0.7944711538461539 0.5264423076923077 0.4110576923076923 0.25961538461538464
0 0.6947115384615384 0.7716346153846154 0.21875 0.25
0 0.8954326923076923 0.7608173076923077 0.2091346153846154 0.25240384615384615