0 0.13942307692307693 0.07572115384615384 0.1875 0.15144230769230768
0 0.10216346153846154 0.26322115384615385 0.1778846153846154 0.25
0 0.4182692307692308 0.11658653846153846 0.4326923076923077 0.23317307692307693
0 0.27524038461538464 0.29927884615384615 0.22355769230769232 0.25721153846153844
0 0.46875 0.33533653846153844 0.2283653846153846 0.25961538461538464
0 0.0889423076923077 0.4891826923076923 0.1778846153846154 0.24278846153846154
0 0.3629807692307692 0.5396634615384616 0.44471153846153844 0.27163461538461536
0 0.6706730769230769 0.35096153846153844 0.24519230769230768 0.27163461538461536
0 0.0625 0.71875 0.125 0.2403846153846154
0 0.20673076923076922 0.7439903846153846 0.2283653846153846 0.2548076923076923
0 0.4026442307692308 0.7716346153846154 0.23317307692307693 0.2644230769230769
0 0.8040865384615384 0.1502403846153846 0.3918269230769231 0.27163461538461536
0 0.8882211538461539 0.375 0.22355769230769232 0.2644230769230769
0 0.7848557692307693 0.5877403846153846 0.43028846153846156 0.2860576923076923
0 0.6346153846153846 0.8064903846153846 0.23317307692307693 0.2620192307692308
0 0.8365384615384616 0.8401442307692307 0.23076923076923078 0.2644230769230769