0 0.18028846153846154 0.0625 0.20192307692307693 0.125
0 0.125 0.22956730769230768 0.19471153846153846 0.25721153846153844
0 0.453125 0.12139423076923077 0.44471153846153844 0.24278846153846154
0 0.29447115384615385 0.28125 0.2403846153846154 0.27163461538461536
0 0.4831730769230769 0.3329326923076923 0.24519230769230768 0.27403846153846156
0 0.09375 0.453125 0.1875 0.25240384615384615
0 0.3605769230769231 0.5264423076923077 0.4567307692307692 0.30528846153846156
0 0.6826923076923077 0.36538461538461536 0.2644230769230769 0.2860576923076923
0 0.057692307692307696 0.6790865384615384 0.11538461538461539 0.24759615384615385
0 0.1875 0.7175480769230769 0.24519230769230768 0.2668269230769231
0 0.3786057692307692 0.7620192307692307 0.25 0.2764423076923077
0 0.8161057692307693 0.1814903846153846 0.36778846153846156 0.30528846153846156
0 0.8894230769230769 0.40865384615384615 0.22115384615384615 0.27884615384615385
0 0.7776442307692307 0.6129807692307693 0.44471153846153844 0.3173076923076923
0 0.6069711538461539 0.8173076923076923 0.25 0.27403846153846156
0 0.8064903846153846 0.8641826923076923 0.24759615384615385 0.27163461538461536