0 0.7379807692307693 0.3798076923076923 0.15384615384615385 0.20192307692307693
0 0.7980769230769231 0.5697115384615384 0.2091346153846154 0.25721153846153844
0 0.47716346153846156 0.4795673076923077 0.14423076923076922 0.1875
0 0.5973557692307693 0.36899038461538464 0.1466346153846154 0.18990384615384615
0 0.30528846153846156 0.32211538461538464 0.15384615384615385 0.19471153846153846
0 0.3401442307692308 0.49399038461538464 0.17067307692307693 0.20432692307692307
0 0.30288461538461536 0.6754807692307693 0.2548076923076923 0.20673076923076922
0 0.4891826923076923 0.6490384615384616 0.16826923076923078 0.18269230769230768
0 0.6346153846153846 0.6418269230769231 0.15384615384615385 0.14423076923076922
0 0.6201923076923077 0.515625 0.16826923076923078 0.15625
0 0.19471153846153846 0.4879807692307692 0.18028846153846154 0.25240384615384615