0 0.7235576923076923 0.3557692307692308 0.17067307692307693 0.21153846153846154
0 0.8040865384615384 0.5384615384615384 0.23076923076923078 0.27163461538461536
0 0.47475961538461536 0.48197115384615385 0.16105769230769232 0.1971153846153846
0 0.5829326923076923 0.359375 0.16105769230769232 0.1971153846153846
0 0.28725961538461536 0.3425480769230769 0.16826923076923078 0.20432692307692307
0 0.3401442307692308 0.5108173076923077 0.1875 0.21634615384615385
0 0.32211538461538464 0.6959134615384616 0.2668269230769231 0.22596153846153846
0 0.5048076923076923 0.6490384615384616 0.18028846153846154 0.19230769230769232
0 0.6490384615384616 0.6274038461538461 0.1658653846153846 0.15625
0 0.6213942307692307 0.5036057692307693 0.1778846153846154 0.16826923076923078
0 0.19591346153846154 0.5192307692307693 0.20192307692307693 0.2620192307692308