0 0.04927884615384615 0.3125 0.0985576923076923 0.23076923076923078
0 0.07211538461538461 0.5036057692307693 0.14423076923076922 0.21394230769230768
0 0.10576923076923077 0.6802884615384616 0.18509615384615385 0.21153846153846154
0 0.17548076923076922 0.25240384615384615 0.2620192307692308 0.24519230769230768
0 0.38461538461538464 0.19951923076923078 0.2548076923076923 0.23557692307692307
0 0.5913461538461539 0.14783653846153846 0.25 0.23557692307692307
0 0.22596153846153846 0.4423076923076923 0.25721153846153844 0.23317307692307693
0 0.4338942307692308 0.3894230769230769 0.25 0.23076923076923078
0 0.10817307692307693 0.6814903846153846 0.19230769230769232 0.21394230769230768
0 0.27524038461538464 0.6213942307692307 0.25 0.22596153846153846
0 0.6730769230769231 0.3762019230769231 0.25721153846153844 0.24519230769230768
0 0.47596153846153844 0.5588942307692307 0.24519230769230768 0.22596153846153846
0 0.15384615384615385 0.8557692307692307 0.18990384615384615 0.21634615384615385
0 0.3233173076923077 0.7944711538461539 0.25240384615384615 0.23317307692307693
0 0.5168269230769231 0.7271634615384616 0.23798076923076922 0.22355769230769232
0 0.7043269230769231 0.6586538461538461 0.23076923076923078 0.21634615384615385
0 0.7331730769230769 0.7956730769230769 0.21394230769230768 0.16826923076923078
0 0.9038461538461539 0.7415865384615384 0.19230769230769232 0.17067307692307693
0 0.8870192307692307 0.6045673076923077 0.22596153846153846 0.2091346153846154
0 0.8533653846153846 0.43990384615384615 0.24278846153846154 0.22115384615384615
0 0.7860576923076923 0.09975961538461539 0.25 0.19951923076923078
0 0.8245192307692307 0.2608173076923077 0.23798076923076922 0.22115384615384615