0 0.05889423076923077 0.23798076923076922 0.11778846153846154 0.21634615384615385
0 0.06850961538461539 0.4338942307692308 0.13701923076923078 0.19951923076923078
0 0.08173076923076923 0.6165865384615384 0.16346153846153846 0.19471153846153846
0 0.21875 0.20432692307692307 0.23798076923076922 0.21634615384615385
0 0.4326923076923077 0.18509615384615385 0.23317307692307693 0.2091346153846154
0 0.6454326923076923 0.16706730769230768 0.2283653846153846 0.2091346153846154
0 0.23798076923076922 0.40024038461538464 0.23317307692307693 0.20432692307692307
0 0.4519230769230769 0.38100961538461536 0.22596153846153846 0.20432692307692307
0 0.08413461538461539 0.6177884615384616 0.16826923076923078 0.1971153846153846
0 0.25841346153846156 0.5841346153846154 0.2283653846153846 0.19951923076923078
0 0.6911057692307693 0.4050480769230769 0.23317307692307693 0.21875
0 0.4675480769230769 0.5540865384615384 0.22115384615384615 0.19951923076923078
0 0.10216346153846154 0.796875 0.1658653846153846 0.19951923076923078
0 0.2800480769230769 0.7632211538461539 0.23076923076923078 0.20673076923076922
0 0.48197115384615385 0.7271634615384616 0.21634615384615385 0.1971153846153846
0 0.6766826923076923 0.6887019230769231 0.2091346153846154 0.19230769230769232
0 0.6838942307692307 0.828125 0.19951923076923078 0.14423076923076922
0 0.875 0.8040865384615384 0.20432692307692307 0.14423076923076922
0 0.8689903846153846 0.6646634615384616 0.21153846153846154 0.18269230769230768
0 0.8581730769230769 0.4963942307692308 0.22115384615384615 0.19230769230769232
0 0.8485576923076923 0.1310096153846154 0.2283653846153846 0.21153846153846154
0 0.8581730769230769 0.31490384615384615 0.21634615384615385 0.19471153846153846