0 0.10817307692307693 0.17067307692307693 0.21634615384615385 0.3125
0 0.33413461538461536 0.15625 0.2764423076923077 0.31009615384615385
0 0.6105769230769231 0.14783653846153846 0.2644230769230769 0.2956730769230769
0 0.8617788461538461 0.13701923076923078 0.25240384615384615 0.27403846153846156
0 0.11899038461538461 0.4639423076923077 0.23798076923076922 0.32211538461538464
0 0.3641826923076923 0.4543269230769231 0.27884615384615385 0.3173076923076923
0 0.6394230769230769 0.42908653846153844 0.2764423076923077 0.3076923076923077
0 0.8894230769230769 0.4206730769230769 0.22115384615384615 0.3125
0 0.12740384615384615 0.7487980769230769 0.24519230769230768 0.29086538461538464
0 0.37259615384615385 0.7451923076923077 0.28125 0.3125
0 0.640625 0.734375 0.28125 0.3317307692307692
0 0.8942307692307693 0.7367788461538461 0.21153846153846154 0.31971153846153844