0 0.09495192307692307 0.24639423076923078 0.18990384615384615 0.34375
0 0.2764423076923077 0.18990384615384615 0.32211538461538464 0.34615384615384615
0 0.546875 0.14903846153846154 0.31009615384615385 0.2980769230769231
0 0.7896634615384616 0.11658653846153846 0.2956730769230769 0.23317307692307693
0 0.1310096153846154 0.53125 0.2620192307692308 0.3557692307692308
0 0.3581730769230769 0.47836538461538464 0.3269230769230769 0.3557692307692308
0 0.625 0.40625 0.32211538461538464 0.34375
0 0.8677884615384616 0.35336538461538464 0.2644230769230769 0.34134615384615385
0 0.17668269230769232 0.8100961538461539 0.28846153846153844 0.3245192307692308
0 0.4170673076923077 0.7632211538461539 0.3269230769230769 0.35096153846153844
0 0.6790865384615384 0.7067307692307693 0.3293269230769231 0.36778846153846156
0 0.9002403846153846 0.6622596153846154 0.19951923076923078 0.3485576923076923