0 0.1466346153846154 0.13822115384615385 0.2548076923076923 0.2764423076923077
0 0.38341346153846156 0.1466346153846154 0.2860576923076923 0.2932692307692308
0 0.6598557692307693 0.16346153846153846 0.27403846153846156 0.3125
0 0.8894230769230769 0.1778846153846154 0.22115384615384615 0.3076923076923077
0 0.12620192307692307 0.4098557692307692 0.25240384615384615 0.3293269230769231
0 0.3713942307692308 0.43509615384615385 0.29086538461538464 0.3245192307692308
0 0.6478365384615384 0.4495192307692308 0.2860576923076923 0.31490384615384615
0 0.890625 0.47475961538461536 0.21875 0.31971153846153844
0 0.11177884615384616 0.6947115384615384 0.22355769230769232 0.2980769230769231
0 0.3389423076923077 0.7247596153846154 0.29086538461538464 0.31971153846153844
0 0.6069711538461539 0.7524038461538461 0.29086538461538464 0.3389423076923077
0 0.8677884615384616 0.7908653846153846 0.24278846153846154 0.3245192307692308