0 0.11899038461538461 0.14783653846153846 0.23317307692307693 0.2956730769230769
0 0.35697115384615385 0.14783653846153846 0.2668269230769231 0.2956730769230769
0 0.6358173076923077 0.15264423076923078 0.2548076923076923 0.2956730769230769
0 0.8822115384615384 0.15144230769230768 0.23557692307692307 0.2932692307692308
0 0.11778846153846154 0.4362980769230769 0.23557692307692307 0.31490384615384615
0 0.36778846153846156 0.44471153846153844 0.2692307692307692 0.3076923076923077
0 0.6442307692307693 0.4387019230769231 0.2668269230769231 0.2980769230769231
0 0.8942307692307693 0.4483173076923077 0.21153846153846154 0.30528846153846156
0 0.1141826923076923 0.7211538461538461 0.2283653846153846 0.28365384615384615
0 0.3557692307692308 0.7355769230769231 0.27163461538461536 0.30288461538461536
0 0.6237980769230769 0.7439903846153846 0.2692307692307692 0.32211538461538464
0 0.8870192307692307 0.7644230769230769 0.22115384615384615 0.3125