0 0.11057692307692307 0.34975961538461536 0.20673076923076922 0.20673076923076922
0 0.2860576923076923 0.3894230769230769 0.22115384615384615 0.2091346153846154
0 0.4831730769230769 0.4387019230769231 0.22115384615384615 0.21394230769230768
0 0.6754807692307693 0.47836538461538464 0.22115384615384615 0.21153846153846154
0 0.8810096153846154 0.5276442307692307 0.23798076923076922 0.22355769230769232
0 0.06370192307692307 0.5072115384615384 0.12740384615384615 0.1875
0 0.17307692307692307 0.5324519230769231 0.16346153846153846 0.18269230769230768
0 0.30528846153846156 0.5612980769230769 0.16105769230769232 0.18269230769230768
0 0.42908653846153844 0.5973557692307693 0.15865384615384615 0.1875
0 0.5540865384615384 0.6262019230769231 0.15865384615384615 0.1875
0 0.6814903846153846 0.6490384615384616 0.15865384615384615 0.18028846153846154
0 0.84375 0.7043269230769231 0.2403846153846154 0.21153846153846154
0 0.0625 0.6682692307692307 0.125 0.18269230769230768
0 0.20072115384615385 0.7043269230769231 0.21153846153846154 0.19471153846153846
0 0.41586538461538464 0.7584134615384616 0.2091346153846154 0.19471153846153846
0 0.6057692307692307 0.8028846153846154 0.21634615384615385 0.19951923076923078
0 0.7908653846153846 0.8605769230769231 0.2283653846153846 0.1875