0 0.09254807692307693 0.5216346153846154 0.18509615384615385 0.20673076923076922
0 0.25961538461538464 0.4855769230769231 0.22115384615384615 0.2091346153846154
0 0.46033653846153844 0.45072115384615385 0.22115384615384615 0.21394230769230768
0 0.6514423076923077 0.40865384615384615 0.22115384615384615 0.21153846153846154
0 0.8617788461538461 0.36899038461538464 0.2403846153846154 0.22355769230769232
0 0.09254807692307693 0.6899038461538461 0.15625 0.1875
0 0.21514423076923078 0.6622596153846154 0.16346153846153846 0.18269230769230768
0 0.3473557692307692 0.6358173076923077 0.16105769230769232 0.18269230769230768
0 0.47475961538461536 0.6189903846153846 0.15865384615384615 0.1875
0 0.6009615384615384 0.5925480769230769 0.15865384615384615 0.1875
0 0.7271634615384616 0.5625 0.15865384615384615 0.18028846153846154
0 0.8882211538461539 0.5456730769230769 0.22355769230769232 0.21153846153846154
0 0.14182692307692307 0.84375 0.18509615384615385 0.18269230769230768
0 0.31009615384615385 0.8076923076923077 0.21153846153846154 0.19471153846153846
0 0.5276442307692307 0.7704326923076923 0.2091346153846154 0.19471153846153846
0 0.71875 0.7331730769230769 0.21634615384615385 0.19951923076923078
0 0.8990384615384616 0.7115384615384616 0.20192307692307693 0.1875