0 0.09134615384615384 0.5048076923076923 0.18269230769230768 0.20192307692307693
0 0.2608173076923077 0.47716346153846156 0.21634615384615385 0.20432692307692307
0 0.46153846153846156 0.4495192307692308 0.21634615384615385 0.20673076923076922
0 0.6550480769230769 0.41466346153846156 0.21634615384615385 0.20673076923076922
0 0.8665865384615384 0.38221153846153844 0.23557692307692307 0.21875
0 0.08653846153846154 0.6754807692307693 0.15144230769230768 0.18509615384615385
0 0.2091346153846154 0.6526442307692307 0.15865384615384615 0.18028846153846154
0 0.3425480769230769 0.6298076923076923 0.15625 0.1778846153846154
0 0.47115384615384615 0.6177884615384616 0.15384615384615385 0.18269230769230768
0 0.5973557692307693 0.5961538461538461 0.15384615384615385 0.18269230769230768
0 0.7247596153846154 0.5697115384615384 0.15384615384615385 0.17548076923076922
0 0.8882211538461539 0.5612980769230769 0.22355769230769232 0.20432692307692307
0 0.12980769230769232 0.8317307692307693 0.18028846153846154 0.1778846153846154
0 0.29927884615384615 0.8016826923076923 0.20673076923076922 0.18990384615384615
0 0.5180288461538461 0.7716346153846154 0.20432692307692307 0.18990384615384615
0 0.7103365384615384 0.7415865384615384 0.21394230769230768 0.19471153846153846
0 0.8966346153846154 0.7235576923076923 0.20673076923076922 0.18269230769230768