0 0.25841346153846156 0.14543269230769232 0.21634615384615385 0.28846153846153844
0 0.4230769230769231 0.18629807692307693 0.21153846153846154 0.2932692307692308
0 0.5757211538461539 0.22115384615384615 0.21394230769230768 0.2860576923076923
0 0.7331730769230769 0.25841346153846156 0.21634615384615385 0.28846153846153844
0 0.8882211538461539 0.296875 0.21875 0.2956730769230769
0 0.19110576923076922 0.4170673076923077 0.22355769230769232 0.3076923076923077
0 0.34975961538461536 0.45913461538461536 0.22355769230769232 0.30288461538461536
0 0.515625 0.4807692307692308 0.22115384615384615 0.30528846153846156
0 0.6754807692307693 0.5300480769230769 0.21394230769230768 0.2956730769230769
0 0.8317307692307693 0.5661057692307693 0.2283653846153846 0.3125
0 0.1346153846153846 0.6622596153846154 0.25961538461538464 0.27403846153846156
0 0.33653846153846156 0.7103365384615384 0.24759615384615385 0.2644230769230769
0 0.5444711538461539 0.7704326923076923 0.2548076923076923 0.27403846153846156
0 0.7524038461538461 0.8112980769230769 0.2548076923076923 0.27163461538461536