0 0.20673076923076922 0.1875 0.18028846153846154 0.2668269230769231
0 0.375 0.20192307692307693 0.17548076923076922 0.27403846153846156
0 0.53125 0.2127403846153846 0.1778846153846154 0.2668269230769231
0 0.6923076923076923 0.2247596153846154 0.1778846153846154 0.2692307692307692
0 0.8521634615384616 0.23918269230769232 0.18269230769230768 0.2764423076923077
0 0.1814903846153846 0.46634615384615385 0.18509615384615385 0.28846153846153844
0 0.34615384615384615 0.4831730769230769 0.18509615384615385 0.28365384615384615
0 0.5120192307692307 0.4795673076923077 0.18269230769230768 0.2860576923076923
0 0.6778846153846154 0.5012019230769231 0.1778846153846154 0.2764423076923077
0 0.8377403846153846 0.5144230769230769 0.1875 0.2932692307692308
0 0.16466346153846154 0.7175480769230769 0.2283653846153846 0.24759615384615385
0 0.3713942307692308 0.7331730769230769 0.21634615384615385 0.2403846153846154
0 0.5865384615384616 0.7608173076923077 0.22355769230769232 0.24759615384615385
0 0.7980769230769231 0.7680288461538461 0.22355769230769232 0.24519230769230768