0 0.13942307692307693 0.26802884615384615 0.20673076923076922 0.28125
0 0.30649038461538464 0.24158653846153846 0.19951923076923078 0.28846153846153844
0 0.46033653846153844 0.21394230769230768 0.20432692307692307 0.28125
0 0.6201923076923077 0.18629807692307693 0.20432692307692307 0.28365384615384615
0 0.7788461538461539 0.1622596153846154 0.20673076923076922 0.29086538461538464
0 0.18269230769230768 0.5444711538461539 0.21153846153846154 0.3004807692307692
0 0.34615384615384615 0.5204326923076923 0.21153846153846154 0.2956730769230769
0 0.5072115384615384 0.47716346153846156 0.2091346153846154 0.3004807692307692
0 0.6730769230769231 0.4579326923076923 0.20192307692307693 0.29086538461538464
0 0.8305288461538461 0.43149038461538464 0.21394230769230768 0.30528846153846156
0 0.22716346153846154 0.7920673076923077 0.25 0.2668269230769231
0 0.43149038461538464 0.7572115384615384 0.23798076923076922 0.25721153846153844
0 0.6466346153846154 0.7319711538461539 0.24519230769230768 0.2644230769230769
0 0.8545673076923077 0.6875 0.24519230769230768 0.2644230769230769