0 0.040865384615384616 0.14302884615384615 0.08173076923076923 0.12259615384615384
0 0.06610576923076923 0.2692307692307692 0.13221153846153846 0.21153846153846154
0 0.11057692307692307 0.5588942307692307 0.22115384615384615 0.4543269230769231
0 0.1875 0.19951923076923078 0.21153846153846154 0.2403846153846154
0 0.2512019230769231 0.5120192307692307 0.24519230769230768 0.4639423076923077
0 0.35336538461538464 0.2704326923076923 0.1971153846153846 0.4326923076923077
0 0.5024038461538461 0.05889423076923077 0.27403846153846156 0.11778846153846154
0 0.5444711538461539 0.2620192307692308 0.3293269230769231 0.40625
0 0.7608173076923077 0.039663461538461536 0.29086538461538464 0.07932692307692307
0 0.7860576923076923 0.0889423076923077 0.28365384615384615 0.15625
0 0.8076923076923077 0.20192307692307693 0.2980769230769231 0.19230769230769232
0 0.859375 0.4050480769230769 0.28125 0.33413461538461536
0 0.5769230769230769 0.5745192307692307 0.4495192307692308 0.34615384615384615
0 0.20673076923076922 0.8810096153846154 0.30288461538461536 0.23798076923076922
0 0.5913461538461539 0.8221153846153846 0.5264423076923077 0.2548076923076923
0 0.9302884615384616 0.7247596153846154 0.13942307692307693 0.21394230769230768