0 0.0625 0.08413461538461539 0.125 0.10576923076923077
0 0.07692307692307693 0.2127403846153846 0.15384615384615385 0.19471153846153846
0 0.09615384615384616 0.5096153846153846 0.19230769230769232 0.4423076923076923
0 0.22716346153846154 0.16346153846153846 0.1875 0.22355769230769232
0 0.2512019230769231 0.48197115384615385 0.19471153846153846 0.4543269230769231
0 0.38221153846153844 0.2548076923076923 0.14903846153846154 0.4254807692307692
0 0.5576923076923077 0.052884615384615384 0.2644230769230769 0.10576923076923077
0 0.5721153846153846 0.2692307692307692 0.29086538461538464 0.38221153846153844
0 0.8209134615384616 0.05048076923076923 0.28125 0.10096153846153846
0 0.8341346153846154 0.12740384615384615 0.2764423076923077 0.12740384615384615
0 0.8413461538461539 0.24158653846153846 0.2860576923076923 0.16346153846153846
0 0.8725961538461539 0.45072115384615385 0.2548076923076923 0.31009615384615385
0 0.5673076923076923 0.5829326923076923 0.4230769230769231 0.30288461538461536
0 0.1622596153846154 0.8473557692307693 0.28365384615384615 0.21875
0 0.5516826923076923 0.8305288461538461 0.5168269230769231 0.1971153846153846
0 0.9194711538461539 0.7800480769230769 0.16105769230769232 0.19471153846153846