0 0.1935096153846154 0.11778846153846154 0.2956730769230769 0.23557692307692307
0 0.4567307692307692 0.13942307692307693 0.2932692307692308 0.27884615384615385
0 0.7163461538461539 0.17067307692307693 0.2956730769230769 0.31490384615384615
0 0.9206730769230769 0.20793269230769232 0.15865384615384615 0.2956730769230769
0 0.15264423076923078 0.3918269230769231 0.30528846153846156 0.38461538461538464
0 0.4110576923076923 0.4362980769230769 0.31490384615384615 0.38461538461538464
0 0.6742788461538461 0.4855769230769231 0.30288461538461536 0.3918269230769231
0 0.8846153846153846 0.5144230769230769 0.23076923076923078 0.3798076923076923
0 0.11538461538461539 0.7007211538461539 0.23076923076923078 0.31009615384615385
0 0.3449519230769231 0.7475961538461539 0.30528846153846156 0.3245192307692308
0 0.6105769230769231 0.7920673076923077 0.3076923076923077 0.32211538461538464
0 0.8425480769230769 0.8305288461538461 0.25961538461538464 0.3245192307692308