0 0.2247596153846154 0.11057692307692307 0.31009615384615385 0.22115384615384615
0 0.4831730769230769 0.14182692307692307 0.3076923076923077 0.28365384615384615
0 0.7391826923076923 0.18629807692307693 0.3125 0.3293269230769231
0 0.9266826923076923 0.24158653846153846 0.1466346153846154 0.30528846153846156
0 0.16105769230769232 0.36899038461538464 0.32211538461538464 0.39663461538461536
0 0.41586538461538464 0.43028846153846156 0.33413461538461536 0.39663461538461536
0 0.6754807692307693 0.49759615384615385 0.3245192307692308 0.40384615384615385
0 0.8786057692307693 0.5420673076923077 0.24278846153846154 0.3870192307692308
0 0.11177884615384616 0.671875 0.22355769230769232 0.3245192307692308
0 0.328125 0.7355769230769231 0.31971153846153844 0.3389423076923077
0 0.5901442307692307 0.7992788461538461 0.32211538461538464 0.33653846153846156
0 0.8185096153846154 0.8425480769230769 0.2764423076923077 0.31490384615384615