0 0.16346153846153846 0.08774038461538461 0.18269230769230768 0.17548076923076922
0 0.09495192307692307 0.28846153846153844 0.1658653846153846 0.25
0 0.03245192307692308 0.5576923076923077 0.06490384615384616 0.23557692307692307
0 0.36538461538461536 0.12139423076923077 0.3125 0.24278846153846154
0 0.29086538461538464 0.328125 0.2980769230769231 0.27884615384615385
0 0.6225961538461539 0.1658653846153846 0.3004807692307692 0.2956730769230769
0 0.5540865384615384 0.38822115384615385 0.2932692307692308 0.27884615384615385
0 0.20432692307692307 0.5673076923076923 0.2932692307692308 0.27403846153846156
0 0.4639423076923077 0.6177884615384616 0.28125 0.2764423076923077
0 0.71875 0.6754807692307693 0.31009615384615385 0.28846153846153844
0 0.12980769230769232 0.7668269230769231 0.25961538461538464 0.18269230769230768
0 0.40024038461538464 0.8221153846153846 0.2764423076923077 0.1971153846153846
0 0.8605769230769231 0.21995192307692307 0.27884615384615385 0.2860576923076923
0 0.7860576923076923 0.4519230769230769 0.2860576923076923 0.2764423076923077
0 0.6490384615384616 0.8581730769230769 0.30528846153846156 0.2668269230769231