0 0.057692307692307696 0.15985576923076922 0.11538461538461539 0.24759615384615385
0 0.056490384615384616 0.41466346153846156 0.11298076923076923 0.23317307692307693
0 0.04326923076923077 0.6995192307692307 0.07932692307692307 0.2283653846153846
0 0.25600961538461536 0.15625 0.2764423076923077 0.24278846153846154
0 0.25 0.39663461538461536 0.2620192307692308 0.23798076923076922
0 0.5204326923076923 0.14423076923076922 0.2620192307692308 0.2548076923076923
0 0.5192307692307693 0.37740384615384615 0.25721153846153844 0.23798076923076922
0 0.23677884615384615 0.6514423076923077 0.25961538461538464 0.23317307692307693
0 0.5 0.6225961538461539 0.24519230769230768 0.23798076923076922
0 0.7608173076923077 0.6045673076923077 0.27403846153846156 0.24519230769230768
0 0.21995192307692307 0.8665865384615384 0.25240384615384615 0.13942307692307693
0 0.4987980769230769 0.8365384615384616 0.25721153846153844 0.15384615384615385
0 0.7740384615384616 0.12379807692307693 0.2644230769230769 0.24278846153846154
0 0.7596153846153846 0.3713942307692308 0.25 0.23798076923076922
0 0.7463942307692307 0.7992788461538461 0.27163461538461536 0.22355769230769232