0 0.054086538461538464 0.1778846153846154 0.10817307692307693 0.25
0 0.057692307692307696 0.43149038461538464 0.11538461538461539 0.23798076923076922
0 0.05048076923076923 0.7151442307692307 0.08653846153846154 0.23076923076923078
0 0.2439903846153846 0.1658653846153846 0.28365384615384615 0.25
0 0.24639423076923078 0.4050480769230769 0.2692307692307692 0.24759615384615385
0 0.5072115384615384 0.14302884615384615 0.2692307692307692 0.2644230769230769
0 0.5144230769230769 0.37740384615384615 0.2644230769230769 0.24759615384615385
0 0.24278846153846154 0.6598557692307693 0.2668269230769231 0.24278846153846154
0 0.5048076923076923 0.6225961538461539 0.25240384615384615 0.24519230769230768
0 0.7644230769230769 0.5949519230769231 0.28125 0.25240384615384615
0 0.23197115384615385 0.8762019230769231 0.2548076923076923 0.14903846153846154
0 0.5096153846153846 0.8365384615384616 0.2620192307692308 0.16346153846153846
0 0.7608173076923077 0.1201923076923077 0.27163461538461536 0.2403846153846154
0 0.7548076923076923 0.36177884615384615 0.25721153846153844 0.24519230769230768
0 0.7572115384615384 0.7896634615384616 0.27884615384615385 0.23076923076923078