0 0.203125 0.109375 0.29086538461538464 0.21875
0 0.4543269230769231 0.1466346153846154 0.3173076923076923 0.2932692307692308
0 0.14783653846153846 0.35336538461538464 0.2956730769230769 0.3701923076923077
0 0.3894230769230769 0.4170673076923077 0.32211538461538464 0.3605769230769231
0 0.7211538461538461 0.19471153846153846 0.3317307692307692 0.3605769230769231
0 0.9206730769230769 0.22596153846153846 0.15865384615384615 0.3076923076923077
0 0.6598557692307693 0.5060096153846154 0.3485576923076923 0.3918269230769231
0 0.8894230769230769 0.5204326923076923 0.22115384615384615 0.36778846153846156
0 0.11057692307692307 0.6610576923076923 0.22115384615384615 0.3557692307692308
0 0.33413461538461536 0.7247596153846154 0.3173076923076923 0.3581730769230769
0 0.6033653846153846 0.8125 0.33653846153846156 0.33653846153846156
0 0.8413461538461539 0.8329326923076923 0.25 0.33413461538461536