0 0.10576923076923077 0.19110576923076922 0.21153846153846154 0.3004807692307692
0 0.3293269230769231 0.16466346153846154 0.3004807692307692 0.32211538461538464
0 0.12860576923076922 0.48197115384615385 0.25721153846153844 0.3581730769230769
0 0.36778846153846156 0.46033653846153844 0.30288461538461536 0.34615384615384615
0 0.6021634615384616 0.15504807692307693 0.31490384615384615 0.31009615384615385
0 0.8461538461538461 0.11538461538461539 0.23557692307692307 0.23076923076923078
0 0.6526442307692307 0.45072115384615385 0.3293269230769231 0.37740384615384615
0 0.8858173076923077 0.38100961538461536 0.2283653846153846 0.3581730769230769
0 0.15625 0.796875 0.2764423076923077 0.34134615384615385
0 0.4206730769230769 0.7680288461538461 0.2980769230769231 0.34615384615384615
0 0.7043269230769231 0.7572115384615384 0.31971153846153844 0.31971153846153844
0 0.9110576923076923 0.703125 0.1778846153846154 0.34375