0 0.11057692307692307 0.16826923076923078 0.22115384615384615 0.28846153846153844
0 0.3473557692307692 0.15625 0.2860576923076923 0.31009615384615385
0 0.125 0.4639423076923077 0.25 0.34615384615384615
0 0.3701923076923077 0.453125 0.28846153846153844 0.33413461538461536
0 0.6213942307692307 0.15384615384615385 0.3004807692307692 0.3076923076923077
0 0.8665865384615384 0.12259615384615384 0.22355769230769232 0.24519230769230768
0 0.6538461538461539 0.45913461538461536 0.3125 0.36538461538461536
0 0.8930288461538461 0.40024038461538464 0.21394230769230768 0.3485576923076923
0 0.140625 0.7788461538461539 0.2620192307692308 0.3317307692307692
0 0.4074519230769231 0.7644230769230769 0.28365384615384615 0.33413461538461536
0 0.6899038461538461 0.7680288461538461 0.3076923076923077 0.3076923076923077
0 0.9098557692307693 0.7247596153846154 0.18028846153846154 0.33413461538461536