0 0.09254807692307693 0.5661057692307693 0.18509615384615385 0.27163461538461536
0 0.11057692307692307 0.8233173076923077 0.19471153846153846 0.24759615384615385
0 0.2512019230769231 0.29927884615384615 0.22115384615384615 0.28846153846153844
0 0.44471153846153844 0.07932692307692307 0.21634615384615385 0.15865384615384615
0 0.6550480769230769 0.07692307692307693 0.21875 0.15384615384615385
0 0.8569711538461539 0.0625 0.21875 0.125
0 0.45913461538461536 0.2824519230769231 0.23076923076923078 0.27403846153846156
0 0.6658653846153846 0.2692307692307692 0.22115384615384615 0.2620192307692308
0 0.875 0.24879807692307693 0.22115384615384615 0.27403846153846156
0 0.2764423076923077 0.5564903846153846 0.22115384615384615 0.2764423076923077
0 0.484375 0.5384615384615384 0.22115384615384615 0.2764423076923077
0 0.6887019230769231 0.5216346153846154 0.21875 0.28125
0 0.8918269230769231 0.5108173076923077 0.21634615384615385 0.28125
0 0.29447115384615385 0.8088942307692307 0.21634615384615385 0.2548076923076923
0 0.5036057692307693 0.7848557692307693 0.21875 0.25240384615384615
0 0.7067307692307693 0.7764423076923077 0.22596153846153846 0.2548076923076923
0 0.9026442307692307 0.7584134615384616 0.19471153846153846 0.25721153846153844