0 0.16826923076923078 0.027644230769230768 0.1875 0.055288461538461536
0 0.34615384615384615 0.037259615384615384 0.20673076923076922 0.07451923076923077
0 0.5336538461538461 0.055288461538461536 0.1971153846153846 0.11057692307692307
0 0.6971153846153846 0.10216346153846154 0.19230769230769232 0.17548076923076922
0 0.8798076923076923 0.12620192307692307 0.19230769230769232 0.16105769230769232
0 0.1310096153846154 0.16105769230769232 0.1971153846153846 0.27163461538461536
0 0.29086538461538464 0.18269230769230768 0.22355769230769232 0.27403846153846156
0 0.9771634615384616 0.15985576923076922 0.04567307692307692 0.1658653846153846
0 0.9362980769230769 0.3449519230769231 0.12740384615384615 0.24278846153846154
0 0.46634615384615385 0.22235576923076922 0.2283653846153846 0.27884615384615385
0 0.6286057692307693 0.3004807692307692 0.21394230769230768 0.28365384615384615
0 0.8016826923076923 0.3137019230769231 0.21394230769230768 0.2932692307692308
0 0.07692307692307693 0.40024038461538464 0.15384615384615385 0.2283653846153846
0 0.22115384615384615 0.4182692307692308 0.21875 0.2620192307692308
0 0.38461538461538464 0.4567307692307692 0.21153846153846154 0.23798076923076922
0 0.5480769230769231 0.5348557692307693 0.21153846153846154 0.25961538461538464
0 0.7199519230769231 0.5552884615384616 0.21153846153846154 0.2644230769230769
0 0.8894230769230769 0.5661057692307693 0.21153846153846154 0.27163461538461536
0 0.037259615384615384 0.6141826923076923 0.07451923076923077 0.22355769230769232
0 0.13581730769230768 0.6466346153846154 0.2091346153846154 0.25961538461538464
0 0.29927884615384615 0.6778846153846154 0.20192307692307693 0.24759615384615385
0 0.45913461538461536 0.7295673076923077 0.1971153846153846 0.22115384615384615
0 0.6274038461538461 0.7572115384615384 0.20192307692307693 0.22115384615384615
0 0.7908653846153846 0.7728365384615384 0.19471153846153846 0.22596153846153846
0 0.9158653846153846 0.7860576923076923 0.11778846153846154 0.22355769230769232