0 0.04447115384615385 0.15745192307692307 0.0889423076923077 0.14182692307692307
0 0.16947115384615385 0.11177884615384616 0.2091346153846154 0.1346153846153846
0 0.35336538461538464 0.06971153846153846 0.19951923076923078 0.1346153846153846
0 0.5264423076923077 0.07451923076923077 0.1971153846153846 0.14903846153846154
0 0.703125 0.04567307692307692 0.19951923076923078 0.09134615384615384
0 0.06610576923076923 0.3329326923076923 0.13221153846153846 0.2764423076923077
0 0.18389423076923078 0.28966346153846156 0.23317307692307693 0.27884615384615385
0 0.8425480769230769 0.03485576923076923 0.13221153846153846 0.06971153846153846
0 0.8653846153846154 0.1778846153846154 0.1875 0.24759615384615385
0 0.3605769230769231 0.25721153846153844 0.23798076923076922 0.2860576923076923
0 0.5408653846153846 0.265625 0.22355769230769232 0.28846153846153844
0 0.7043269230769231 0.21153846153846154 0.22596153846153846 0.2980769230769231
0 0.07692307692307693 0.5757211538461539 0.15384615384615385 0.23317307692307693
0 0.21153846153846154 0.5336538461538461 0.2283653846153846 0.2668269230769231
0 0.3762019230769231 0.5048076923076923 0.22115384615384615 0.24278846153846154
0 0.5588942307692307 0.5132211538461539 0.22115384615384615 0.2668269230769231
0 0.7235576923076923 0.4651442307692308 0.22115384615384615 0.27163461538461536
0 0.8846153846153846 0.40865384615384615 0.22115384615384615 0.2764423076923077
0 0.0985576923076923 0.7956730769230769 0.12980769230769232 0.22596153846153846
0 0.22235576923076922 0.7776442307692307 0.21875 0.2644230769230769
0 0.38461538461538464 0.7427884615384616 0.21153846153846154 0.25240384615384615
0 0.5528846153846154 0.7271634615384616 0.20432692307692307 0.22596153846153846
0 0.7175480769230769 0.6862980769230769 0.2091346153846154 0.2283653846153846
0 0.875 0.6370192307692307 0.20432692307692307 0.23076923076923078
0 0.9651442307692307 0.5997596153846154 0.06971153846153846 0.22355769230769232