0 0.10336538461538461 0.06009615384615385 0.12980769230769232 0.1201923076923077
0 0.2512019230769231 0.06850961538461539 0.18990384615384615 0.13701923076923078
0 0.08173076923076923 0.21995192307692307 0.13221153846153846 0.22596153846153846
0 0.05048076923076923 0.44350961538461536 0.10096153846153846 0.21875
0 0.040865384615384616 0.6634615384615384 0.08173076923076923 0.23076923076923078
0 0.22956730769230768 0.24278846153846154 0.19951923076923078 0.24759615384615385
0 0.20432692307692307 0.4651442307692308 0.1971153846153846 0.23798076923076922
0 0.4326923076923077 0.08533653846153846 0.1971153846153846 0.17067307692307693
0 0.4098557692307692 0.2620192307692308 0.1971153846153846 0.23798076923076922
0 0.38341346153846156 0.4831730769230769 0.19230769230769232 0.23317307692307693
0 0.6274038461538461 0.09014423076923077 0.1971153846153846 0.1778846153846154
0 0.8425480769230769 0.11298076923076923 0.20192307692307693 0.1778846153846154
0 0.5973557692307693 0.2824519230769231 0.2091346153846154 0.2403846153846154
0 0.796875 0.31009615384615385 0.20673076923076922 0.24519230769230768
0 0.9651442307692307 0.13221153846153846 0.06971153846153846 0.1778846153846154
0 0.9483173076923077 0.328125 0.10336538461538461 0.2283653846153846
0 0.9254807692307693 0.5552884615384616 0.14903846153846154 0.23076923076923078
0 0.7596153846153846 0.53125 0.2091346153846154 0.24519230769230768
0 0.5661057692307693 0.5036057692307693 0.20192307692307693 0.23798076923076922
0 0.16947115384615385 0.6778846153846154 0.19951923076923078 0.24519230769230768
0 0.34375 0.7007211538461539 0.19230769230769232 0.23798076923076922
0 0.5384615384615384 0.7271634615384616 0.19951923076923078 0.24278846153846154
0 0.7247596153846154 0.7572115384615384 0.21153846153846154 0.2548076923076923
0 0.8954326923076923 0.78125 0.16826923076923078 0.23557692307692307