0 0.109375 0.056490384615384616 0.13221153846153846 0.11298076923076923
0 0.25721153846153844 0.0673076923076923 0.19230769230769232 0.1346153846153846
0 0.08774038461538461 0.2127403846153846 0.13701923076923078 0.2283653846153846
0 0.051682692307692304 0.43509615384615385 0.10336538461538461 0.22115384615384615
0 0.039663461538461536 0.6550480769230769 0.07932692307692307 0.23317307692307693
0 0.234375 0.23798076923076922 0.20192307692307693 0.25
0 0.20432692307692307 0.46033653846153844 0.20192307692307693 0.2403846153846154
0 0.4411057692307692 0.08653846153846154 0.19951923076923078 0.17307692307692307
0 0.41466346153846156 0.2608173076923077 0.20192307692307693 0.2403846153846154
0 0.38341346153846156 0.4807692307692308 0.19471153846153846 0.23557692307692307
0 0.6346153846153846 0.09254807692307693 0.19951923076923078 0.18028846153846154
0 0.8497596153846154 0.11899038461538461 0.20432692307692307 0.18028846153846154
0 0.6021634615384616 0.28365384615384615 0.21394230769230768 0.24278846153846154
0 0.8004807692307693 0.31490384615384615 0.21153846153846154 0.24759615384615385
0 0.9675480769230769 0.140625 0.06490384615384616 0.18028846153846154
0 0.9483173076923077 0.33413461538461536 0.10336538461538461 0.23076923076923078
0 0.9230769230769231 0.5637019230769231 0.15384615384615385 0.23317307692307693
0 0.7596153846153846 0.5360576923076923 0.21394230769230768 0.24759615384615385
0 0.5661057692307693 0.5048076923076923 0.20673076923076922 0.2403846153846154
0 0.1658653846153846 0.671875 0.20192307692307693 0.24759615384615385
0 0.3401442307692308 0.6983173076923077 0.1971153846153846 0.2403846153846154
0 0.5348557692307693 0.7283653846153846 0.20432692307692307 0.24519230769230768
0 0.7199519230769231 0.7608173076923077 0.21394230769230768 0.25721153846153844
0 0.890625 0.7872596153846154 0.17307692307692307 0.23798076923076922