0 0.0625 0.07572115384615384 0.11538461538461539 0.15144230769230768
0 0.21153846153846154 0.07692307692307693 0.1778846153846154 0.15384615384615385
0 0.05889423076923077 0.25841346153846156 0.11538461538461539 0.21875
0 0.04447115384615385 0.48197115384615385 0.0889423076923077 0.21394230769230768
0 0.04326923076923077 0.7043269230769231 0.08653846153846154 0.22596153846153846
0 0.20793269230769232 0.26802884615384615 0.18028846153846154 0.23317307692307693
0 0.20192307692307693 0.49158653846153844 0.18028846153846154 0.22355769230769232
0 0.39663461538461536 0.08533653846153846 0.18269230769230768 0.17067307692307693
0 0.3894230769230769 0.2704326923076923 0.18028846153846154 0.22355769230769232
0 0.38221153846153844 0.49278846153846156 0.17548076923076922 0.21875
0 0.5913461538461539 0.08052884615384616 0.18509615384615385 0.16105769230769232
0 0.8076923076923077 0.08413461538461539 0.18990384615384615 0.16105769230769232
0 0.578125 0.27403846153846156 0.19230769230769232 0.22355769230769232
0 0.7788461538461539 0.2848557692307692 0.18990384615384615 0.2283653846153846
0 0.9519230769230769 0.09254807692307693 0.09615384615384616 0.17067307692307693
0 0.9435096153846154 0.2860576923076923 0.11298076923076923 0.22115384615384615
0 0.9314903846153846 0.5168269230769231 0.13701923076923078 0.22115384615384615
0 0.7620192307692307 0.5084134615384616 0.19230769230769232 0.2283653846153846
0 0.5661057692307693 0.49759615384615385 0.18509615384615385 0.22355769230769232
0 0.18629807692307693 0.7055288461538461 0.18028846153846154 0.23076923076923078
0 0.36177884615384615 0.7139423076923077 0.17548076923076922 0.22355769230769232
0 0.5588942307692307 0.7235576923076923 0.18269230769230768 0.2283653846153846
0 0.7463942307692307 0.7367788461538461 0.19230769230769232 0.23798076923076922
0 0.9182692307692307 0.7451923076923077 0.15144230769230768 0.22355769230769232