0 0.11658653846153846 0.17067307692307693 0.21875 0.2932692307692308
0 0.3112980769230769 0.15745192307692307 0.21875 0.2980769230769231
0 0.5024038461538461 0.13221153846153846 0.21153846153846154 0.2644230769230769
0 0.6959134615384616 0.12620192307692307 0.21875 0.25240384615384615
0 0.8846153846153846 0.11057692307692307 0.18269230769230768 0.22115384615384615
0 0.15745192307692307 0.4423076923076923 0.21153846153846154 0.28125
0 0.36177884615384615 0.4050480769230769 0.21875 0.27403846153846156
0 0.5516826923076923 0.3942307692307692 0.21153846153846154 0.28365384615384615
0 0.7403846153846154 0.375 0.20432692307692307 0.28365384615384615
0 0.9158653846153846 0.35336538461538464 0.16826923076923078 0.27884615384615385
0 0.18509615384615385 0.703125 0.20673076923076922 0.28365384615384615
0 0.052884615384615384 0.7175480769230769 0.09375 0.2668269230769231
0 0.014423076923076924 0.1778846153846154 0.028846153846153848 0.27403846153846156
0 0.03365384615384615 0.4495192307692308 0.0673076923076923 0.27403846153846156
0 0.3798076923076923 0.6754807692307693 0.21875 0.28846153846153844
0 0.5793269230769231 0.6622596153846154 0.20673076923076922 0.2980769230769231
0 0.7644230769230769 0.6430288461538461 0.20432692307692307 0.28365384615384615
0 0.9302884615384616 0.609375 0.13942307692307693 0.2764423076923077
0 0.23197115384615385 0.8810096153846154 0.1875 0.1201923076923077
0 0.41346153846153844 0.8641826923076923 0.19471153846153846 0.12740384615384615
0 0.6117788461538461 0.8497596153846154 0.1971153846153846 0.12740384615384615
0 0.7908653846153846 0.8245192307692307 0.19951923076923078 0.125
0 0.9399038461538461 0.8076923076923077 0.1201923076923077 0.13942307692307693
0 0.08533653846153846 0.8942307692307693 0.11057692307692307 0.11057692307692307