0 0.25240384615384615 0.10817307692307693 0.25961538461538464 0.21634615384615385
0 0.4387019230769231 0.13701923076923078 0.2620192307692308 0.27403846153846156
0 0.6310096153846154 0.15144230769230768 0.25 0.3004807692307692
0 0.8161057692307693 0.203125 0.25721153846153844 0.30528846153846156
0 0.9459134615384616 0.24519230769230768 0.10817307692307693 0.28365384615384615
0 0.1971153846153846 0.328125 0.25240384615384615 0.3076923076923077
0 0.4026442307692308 0.3629807692307692 0.25721153846153844 0.3004807692307692
0 0.5853365384615384 0.4182692307692308 0.25240384615384615 0.31009615384615385
0 0.7680288461538461 0.4651442307692308 0.24519230769230768 0.3076923076923077
0 0.9170673076923077 0.5036057692307693 0.1658653846153846 0.2956730769230769
0 0.1346153846153846 0.5841346153846154 0.24759615384615385 0.3076923076923077
0 0.037259615384615384 0.5516826923076923 0.07451923076923077 0.27163461538461536
0 0.13341346153846154 0.08052884615384616 0.11778846153846154 0.16105769230769232
0 0.07091346153846154 0.29086538461538464 0.12980769230769232 0.2764423076923077
0 0.3269230769230769 0.6237980769230769 0.25721153846153844 0.3125
0 0.5192307692307693 0.6790865384615384 0.25 0.32211538461538464
0 0.6995192307692307 0.7247596153846154 0.24519230769230768 0.3076923076923077
0 0.8774038461538461 0.7548076923076923 0.20192307692307693 0.29086538461538464
0 0.11778846153846154 0.765625 0.19951923076923078 0.14903846153846154
0 0.29447115384615385 0.8137019230769231 0.20673076923076922 0.15384615384615385
0 0.4855769230769231 0.8665865384615384 0.2091346153846154 0.15625
0 0.6634615384615384 0.9050480769230769 0.21153846153846154 0.15384615384615385
0 0.8221153846153846 0.9314903846153846 0.17307692307692307 0.13701923076923078
0 0.018028846153846152 0.7295673076923077 0.036057692307692304 0.12259615384615384