0 0.11057692307692307 0.17668269230769232 0.22115384615384615 0.2956730769230769
0 0.30528846153846156 0.15985576923076922 0.22355769230769232 0.3004807692307692
0 0.49759615384615385 0.13341346153846154 0.21634615384615385 0.2668269230769231
0 0.6887019230769231 0.125 0.22355769230769232 0.25
0 0.8774038461538461 0.10697115384615384 0.1875 0.21394230769230768
0 0.15625 0.4483173076923077 0.21634615384615385 0.2860576923076923
0 0.359375 0.4074519230769231 0.22355769230769232 0.2764423076923077
0 0.5504807692307693 0.39302884615384615 0.21634615384615385 0.28846153846153844
0 0.7379807692307693 0.3713942307692308 0.2091346153846154 0.2860576923076923
0 0.9134615384615384 0.34615384615384615 0.17307692307692307 0.28125
0 0.18870192307692307 0.7091346153846154 0.21153846153846154 0.2860576923076923
0 0.057692307692307696 0.7259615384615384 0.0985576923076923 0.2692307692307692
0 0.013221153846153846 0.1875 0.026442307692307692 0.27403846153846156
0 0.03485576923076923 0.4567307692307692 0.06971153846153846 0.27403846153846156
0 0.38341346153846156 0.6778846153846154 0.22115384615384615 0.29086538461538464
0 0.5817307692307693 0.6610576923076923 0.21153846153846154 0.3004807692307692
0 0.7668269230769231 0.6382211538461539 0.2091346153846154 0.2860576923076923
0 0.9302884615384616 0.6021634615384616 0.13942307692307693 0.2764423076923077
0 0.23798076923076922 0.8858173076923077 0.1875 0.12259615384615384
0 0.41947115384615385 0.8665865384615384 0.19471153846153846 0.12980769230769232
0 0.6177884615384616 0.8473557692307693 0.1971153846153846 0.12980769230769232
0 0.796875 0.8197115384615384 0.19951923076923078 0.12740384615384615
0 0.9411057692307693 0.7992788461538461 0.11778846153846154 0.14182692307692307
0 0.09254807692307693 0.9014423076923077 0.11057692307692307 0.11057692307692307