0 0.08653846153846154 0.15625 0.17307692307692307 0.19230769230769232
0 0.2620192307692308 0.11177884615384616 0.23557692307692307 0.18509615384615385
0 0.46634615384615385 0.0829326923076923 0.23076923076923078 0.1658653846153846
0 0.6766826923076923 0.0625 0.23798076923076922 0.125
0 0.8461538461538461 0.040865384615384616 0.15384615384615385 0.08173076923076923
0 0.10576923076923077 0.3173076923076923 0.21153846153846154 0.21634615384615385
0 0.31009615384615385 0.27163461538461536 0.23557692307692307 0.2091346153846154
0 0.7259615384615384 0.18870192307692307 0.2403846153846154 0.21634615384615385
0 0.8834134615384616 0.15745192307692307 0.1466346153846154 0.19951923076923078
0 0.5144230769230769 0.22956730769230768 0.23798076923076922 0.2091346153846154
0 0.5348557692307693 0.47716346153846156 0.25240384615384615 0.21875
0 0.7536057692307693 0.4338942307692308 0.25 0.21875
0 0.9302884615384616 0.40024038461538464 0.13942307692307693 0.19951923076923078
0 0.14423076923076922 0.7463942307692307 0.23798076923076922 0.21875
0 0.35697115384615385 0.703125 0.25721153846153844 0.22355769230769232
0 0.5793269230769231 0.6574519230769231 0.24759615384615385 0.2283653846153846
0 0.8004807692307693 0.6153846153846154 0.25961538461538464 0.23317307692307693
0 0.9447115384615384 0.5829326923076923 0.11057692307692307 0.19951923076923078
0 0.17668269230769232 0.9086538461538461 0.23317307692307693 0.18269230769230768
0 0.39302884615384615 0.8689903846153846 0.24759615384615385 0.19951923076923078
0 0.609375 0.8257211538461539 0.24759615384615385 0.1971153846153846
0 0.828125 0.7836538461538461 0.25240384615384615 0.20192307692307693
0 0.9591346153846154 0.7475961538461539 0.08173076923076923 0.18269230769230768
0 0.13221153846153846 0.484375 0.23557692307692307 0.2091346153846154
0 0.328125 0.4423076923076923 0.20432692307692307 0.20432692307692307