0 0.10216346153846154 0.11057692307692307 0.20432692307692307 0.17307692307692307
0 0.30408653846153844 0.0889423076923077 0.22355769230769232 0.16346153846153846
0 0.5108173076923077 0.07692307692307693 0.21875 0.15384615384615385
0 0.7259615384615384 0.06850961538461539 0.22596153846153846 0.13701923076923078
0 0.8966346153846154 0.057692307692307696 0.13942307692307693 0.11538461538461539
0 0.1141826923076923 0.27524038461538464 0.22355769230769232 0.1971153846153846
0 0.33533653846153844 0.25240384615384615 0.22115384615384615 0.18990384615384615
0 0.7572115384615384 0.21394230769230768 0.22355769230769232 0.1971153846153846
0 0.9182692307692307 0.19951923076923078 0.12980769230769232 0.18990384615384615
0 0.5432692307692307 0.23197115384615385 0.22355769230769232 0.18990384615384615
0 0.5372596153846154 0.4807692307692308 0.23557692307692307 0.19951923076923078
0 0.7596153846153846 0.46033653846153844 0.23317307692307693 0.19951923076923078
0 0.9375 0.44591346153846156 0.125 0.18990384615384615
0 0.1201923076923077 0.7079326923076923 0.22115384615384615 0.19951923076923078
0 0.33653846153846156 0.6862980769230769 0.2403846153846154 0.20192307692307693
0 0.5625 0.6646634615384616 0.23317307692307693 0.2091346153846154
0 0.7872596153846154 0.6466346153846154 0.24278846153846154 0.21394230769230768
0 0.9435096153846154 0.6310096153846154 0.11298076923076923 0.18990384615384615
0 0.13581730769230768 0.8762019230769231 0.22115384615384615 0.16826923076923078
0 0.3545673076923077 0.8557692307692307 0.23317307692307693 0.18028846153846154
0 0.5757211538461539 0.8353365384615384 0.23317307692307693 0.1778846153846154
0 0.796875 0.8161057692307693 0.23798076923076922 0.18028846153846154
0 0.9483173076923077 0.7980769230769231 0.10336538461538461 0.17307692307692307
0 0.13581730769230768 0.44591346153846156 0.22115384615384615 0.18990384615384615
0 0.33533653846153844 0.4254807692307692 0.18990384615384615 0.1875