0 0.22115384615384615 0.052884615384615384 0.2403846153846154 0.10576923076923077
0 0.43149038461538464 0.07091346153846154 0.23798076923076922 0.14182692307692307
0 0.6358173076923077 0.09375 0.23317307692307693 0.1875
0 0.8473557692307693 0.13822115384615385 0.2403846153846154 0.18990384615384615
0 0.96875 0.171875 0.0625 0.17067307692307693
0 0.19591346153846154 0.171875 0.24278846153846154 0.21875
0 0.41466346153846156 0.21514423076923078 0.23798076923076922 0.21153846153846154
0 0.8293269230769231 0.3016826923076923 0.24278846153846154 0.21875
0 0.9555288461538461 0.3329326923076923 0.0889423076923077 0.19951923076923078
0 0.6189903846153846 0.25600961538461536 0.2403846153846154 0.21394230769230768
0 0.5408653846153846 0.49278846153846156 0.2548076923076923 0.22115384615384615
0 0.7596153846153846 0.5384615384615384 0.25240384615384615 0.22115384615384615
0 0.9314903846153846 0.5757211538461539 0.13701923076923078 0.19951923076923078
0 0.09735576923076923 0.5865384615384616 0.19471153846153846 0.22115384615384615
0 0.28966346153846156 0.6310096153846154 0.25961538461538464 0.22596153846153846
0 0.5120192307692307 0.6754807692307693 0.25 0.23076923076923078
0 0.7319711538461539 0.7235576923076923 0.2620192307692308 0.23798076923076922
0 0.8942307692307693 0.7584134615384616 0.15144230769230768 0.19951923076923078
0 0.07932692307692307 0.7524038461538461 0.15865384615384615 0.19230769230769232
0 0.25721153846153844 0.796875 0.25 0.20432692307692307
0 0.4735576923076923 0.8425480769230769 0.25 0.20192307692307693
0 0.6911057692307693 0.8894230769230769 0.2548076923076923 0.20432692307692307
0 0.8581730769230769 0.9146634615384616 0.15384615384615385 0.17067307692307693
0 0.16706730769230768 0.3425480769230769 0.23798076923076922 0.21153846153846154
0 0.3641826923076923 0.3798076923076923 0.20673076923076922 0.20673076923076922