0 0.65625 0.3137019230769231 0.3317307692307692 0.33653846153846156
0 0.5877403846153846 0.8389423076923077 0.3076923076923077 0.19951923076923078
0 0.9074519230769231 0.3762019230769231 0.18509615384615385 0.2956730769230769
0 0.8942307692307693 0.6574519230769231 0.21153846153846154 0.31009615384615385
0 0.8677884615384616 0.8762019230769231 0.19471153846153846 0.16826923076923078
0 0.6225961538461539 0.6045673076923077 0.33413461538461536 0.3317307692307692
0 0.1045673076923077 0.08173076923076923 0.13221153846153846 0.16346153846153846
0 0.14423076923076922 0.296875 0.15384615384615385 0.28365384615384615
0 0.24519230769230768 0.10336538461538461 0.14903846153846154 0.20673076923076922
0 0.30288461538461536 0.3389423076923077 0.14903846153846154 0.2692307692307692
0 0.04927884615384615 0.5540865384615384 0.0985576923076923 0.28125
0 0.18629807692307693 0.5757211538461539 0.15144230769230768 0.27403846153846156
0 0.07572115384615384 0.7740384615384616 0.1466346153846154 0.18269230769230768
0 0.23918269230769232 0.7980769230769231 0.1346153846153846 0.18028846153846154
0 0.4110576923076923 0.11538461538461539 0.14423076923076922 0.23076923076923078