0 0.6682692307692307 0.3245192307692308 0.35096153846153844 0.35336538461538464
0 0.5637019230769231 0.84375 0.31490384615384615 0.21875
0 0.90625 0.4050480769230769 0.1875 0.30528846153846156
0 0.8834134615384616 0.6850961538461539 0.23076923076923078 0.31971153846153844
0 0.8413461538461539 0.9002403846153846 0.20192307692307693 0.1778846153846154
0 0.6153846153846154 0.6129807692307693 0.35096153846153844 0.35096153846153844
0 0.13822115384615385 0.06971153846153846 0.1466346153846154 0.13942307692307693
0 0.15985576923076922 0.27283653846153844 0.17307692307692307 0.29086538461538464
0 0.27403846153846156 0.09735576923076923 0.16346153846153846 0.19471153846153846
0 0.31490384615384615 0.32572115384615385 0.1658653846153846 0.27403846153846156
0 0.052884615384615384 0.5216346153846154 0.10576923076923077 0.28365384615384615
0 0.18269230769230768 0.5528846153846154 0.16826923076923078 0.28125
0 0.0673076923076923 0.7415865384615384 0.1346153846153846 0.18990384615384615
0 0.21875 0.7800480769230769 0.14423076923076922 0.1875
0 0.4375 0.1141826923076923 0.15865384615384615 0.2283653846153846