0 0.41586538461538464 0.27524038461538464 0.14423076923076922 0.12740384615384615
0 0.578125 0.057692307692307696 0.14903846153846154 0.11538461538461539
0 0.5709134615384616 0.1622596153846154 0.14903846153846154 0.11298076923076923
0 0.5637019230769231 0.2848557692307692 0.14903846153846154 0.125
0 0.7331730769230769 0.054086538461538464 0.15384615384615385 0.10336538461538461
0 0.9002403846153846 0.04447115384615385 0.15384615384615385 0.07692307692307693
0 0.7283653846153846 0.15144230769230768 0.15144230769230768 0.1201923076923077
0 0.8798076923076923 0.14543269230769232 0.15144230769230768 0.1346153846153846
0 0.7259615384615384 0.27163461538461536 0.14903846153846154 0.12980769230769232
0 0.8713942307692307 0.26802884615384615 0.14903846153846154 0.12740384615384615
0 0.40865384615384615 0.3954326923076923 0.1466346153846154 0.11538461538461539
0 0.5540865384615384 0.40384615384615385 0.14423076923076922 0.12259615384615384
0 0.7091346153846154 0.390625 0.15625 0.1201923076923077
0 0.8629807692307693 0.38822115384615385 0.15384615384615385 0.11778846153846154
0 0.5540865384615384 0.5276442307692307 0.14903846153846154 0.12980769230769232
0 0.7019230769230769 0.5108173076923077 0.15144230769230768 0.12259615384615384
0 0.859375 0.5096153846153846 0.1466346153846154 0.12259615384615384
0 0.984375 0.15625 0.03125 0.12980769230769232
0 0.9735576923076923 0.2848557692307692 0.052884615384615384 0.12259615384615384
0 0.9735576923076923 0.40384615384615385 0.052884615384615384 0.11538461538461539
0 0.9651442307692307 0.5180288461538461 0.06971153846153846 0.0985576923076923
0 0.02403846153846154 0.052884615384615384 0.038461538461538464 0.10576923076923077
0 0.02403846153846154 0.16706730769230768 0.038461538461538464 0.12259615384615384
0 0.021634615384615384 0.2848557692307692 0.038461538461538464 0.11778846153846154
0 0.02403846153846154 0.4014423076923077 0.04807692307692308 0.11778846153846154
0 0.025240384615384616 0.5192307692307693 0.05048076923076923 0.11057692307692307
0 0.025240384615384616 0.625 0.05048076923076923 0.10576923076923077
0 0.026442307692307692 0.7391826923076923 0.052884615384615384 0.11778846153846154
0 0.026442307692307692 0.8509615384615384 0.052884615384615384 0.10576923076923077
0 0.5504807692307693 0.6454326923076923 0.15144230769230768 0.1201923076923077
0 0.2608173076923077 0.7487980769230769 0.13701923076923078 0.11298076923076923
0 0.39903846153846156 0.7439903846153846 0.14423076923076922 0.11778846153846154
0 0.546875 0.7524038461538461 0.14423076923076922 0.10817307692307693
0 0.7067307692307693 0.6322115384615384 0.1466346153846154 0.12740384615384615
0 0.8557692307692307 0.6298076923076923 0.15625 0.12259615384615384
0 0.9639423076923077 0.6262019230769231 0.06971153846153846 0.11778846153846154
0 0.6971153846153846 0.7524038461538461 0.15144230769230768 0.1201923076923077
0 0.8449519230769231 0.7463942307692307 0.15144230769230768 0.125
0 0.9591346153846154 0.7439903846153846 0.07692307692307693 0.11778846153846154
0 0.2644230769230769 0.8557692307692307 0.14182692307692307 0.10576923076923077
0 0.4014423076923077 0.8569711538461539 0.14182692307692307 0.11298076923076923
0 0.546875 0.8569711538461539 0.14182692307692307 0.11778846153846154
0 0.6875 0.8605769230769231 0.1466346153846154 0.10817307692307693
0 0.8353365384615384 0.8665865384615384 0.15384615384615385 0.10817307692307693
0 0.9519230769230769 0.8605769230769231 0.08653846153846154 0.11298076923076923
0 0.12379807692307693 0.04447115384615385 0.1466346153846154 0.0889423076923077
0 0.4230769230769231 0.15384615384615385 0.1466346153846154 0.12980769230769232
0 0.42427884615384615 0.04927884615384615 0.1466346153846154 0.0985576923076923
0 0.27283653846153844 0.05048076923076923 0.15144230769230768 0.10096153846153846
0 0.2644230769230769 0.1466346153846154 0.15144230769230768 0.15384615384615385
0 0.26802884615384615 0.2668269230769231 0.15144230769230768 0.14182692307692307
0 0.2608173076923077 0.38341346153846156 0.1466346153846154 0.13701923076923078
0 0.25240384615384615 0.5024038461538461 0.14423076923076922 0.14182692307692307
0 0.25240384615384615 0.6213942307692307 0.14182692307692307 0.13942307692307693
0 0.4074519230769231 0.6298076923076923 0.1466346153846154 0.11538461538461539
0 0.4098557692307692 0.5144230769230769 0.14423076923076922 0.12980769230769232
0 0.1201923076923077 0.15144230769230768 0.14423076923076922 0.12740384615384615
0 0.12139423076923077 0.27403846153846156 0.1466346153846154 0.125
0 0.11778846153846154 0.390625 0.13701923076923078 0.1201923076923077
0 0.11658653846153846 0.5120192307692307 0.13942307692307693 0.125
0 0.11899038461538461 0.625 0.1346153846153846 0.11538461538461539
0 0.12139423076923077 0.7367788461538461 0.13701923076923078 0.1201923076923077
0 0.12139423076923077 0.8485576923076923 0.14182692307692307 0.10817307692307693