0 0.4483173076923077 0.265625 0.15865384615384615 0.1466346153846154
0 0.6394230769230769 0.0733173076923077 0.16346153846153846 0.1346153846153846
0 0.6165865384615384 0.17548076923076922 0.16105769230769232 0.13221153846153846
0 0.59375 0.2956730769230769 0.16346153846153846 0.14423076923076922
0 0.7932692307692307 0.09134615384615384 0.1658653846153846 0.12259615384615384
0 0.9387019230769231 0.10336538461538461 0.12259615384615384 0.09615384615384616
0 0.7752403846153846 0.1875 0.1658653846153846 0.13942307692307693
0 0.9206730769230769 0.20192307692307693 0.15865384615384615 0.15384615384615385
0 0.7560096153846154 0.30528846153846156 0.1658653846153846 0.14903846153846154
0 0.9002403846153846 0.32211538461538464 0.16346153846153846 0.1466346153846154
0 0.4230769230769231 0.38341346153846156 0.16105769230769232 0.1346153846153846
0 0.5673076923076923 0.41225961538461536 0.15865384615384615 0.14182692307692307
0 0.7223557692307693 0.4206730769230769 0.17067307692307693 0.13942307692307693
0 0.875 0.43990384615384615 0.16826923076923078 0.13701923076923078
0 0.5492788461538461 0.5348557692307693 0.1658653846153846 0.14903846153846154
0 0.6983173076923077 0.5384615384615384 0.1658653846153846 0.14182692307692307
0 0.8545673076923077 0.5600961538461539 0.16105769230769232 0.14182692307692307
0 0.9819711538461539 0.35336538461538464 0.036057692307692304 0.12980769230769232
0 0.9747596153846154 0.4699519230769231 0.05048076923076923 0.12259615384615384
0 0.9591346153846154 0.5829326923076923 0.08173076923076923 0.10817307692307693
0 0.09375 0.02403846153846154 0.052884615384615384 0.04807692307692308
0 0.07451923076923077 0.1045673076923077 0.055288461538461536 0.12740384615384615
0 0.056490384615384616 0.21995192307692307 0.052884615384615384 0.12259615384615384
0 0.04326923076923077 0.33653846153846156 0.0625 0.12259615384615384
0 0.030048076923076924 0.453125 0.06009615384615385 0.11778846153846154
0 0.02283653846153846 0.5588942307692307 0.04567307692307692 0.11298076923076923
0 0.015625 0.6706730769230769 0.03125 0.125
0 0.5300480769230769 0.6502403846153846 0.1658653846153846 0.13942307692307693
0 0.22956730769230768 0.7127403846153846 0.15144230769230768 0.12980769230769232
0 0.36658653846153844 0.7271634615384616 0.15865384615384615 0.13701923076923078
0 0.5120192307692307 0.7560096153846154 0.15625 0.12740384615384615
0 0.6862980769230769 0.6598557692307693 0.16105769230769232 0.1466346153846154
0 0.8341346153846154 0.6778846153846154 0.17067307692307693 0.14182692307692307
0 0.9423076923076923 0.6887019230769231 0.08413461538461539 0.12740384615384615
0 0.6610576923076923 0.7776442307692307 0.1658653846153846 0.13942307692307693
0 0.8076923076923077 0.7920673076923077 0.1658653846153846 0.14423076923076922
0 0.9206730769230769 0.8052884615384616 0.09134615384615384 0.125
0 0.21754807692307693 0.8185096153846154 0.15384615384615385 0.125
0 0.35216346153846156 0.8389423076923077 0.15384615384615385 0.13221153846153846
0 0.4963942307692308 0.859375 0.15625 0.1346153846153846
0 0.6358173076923077 0.8834134615384616 0.15865384615384615 0.12740384615384615
0 0.78125 0.9098557692307693 0.1658653846153846 0.12740384615384615
0 0.8966346153846154 0.9194711538461539 0.10096153846153846 0.12259615384615384
0 0.18990384615384615 0.026442307692307692 0.15865384615384615 0.052884615384615384
0 0.4723557692307692 0.1466346153846154 0.16346153846153846 0.14903846153846154
0 0.4879807692307692 0.05048076923076923 0.15865384615384615 0.10096153846153846
0 0.33653846153846156 0.040865384615384616 0.16346153846153846 0.08173076923076923
0 0.3161057692307692 0.11658653846153846 0.17067307692307693 0.17307692307692307
0 0.30288461538461536 0.23677884615384615 0.16826923076923078 0.16105769230769232
0 0.27884615384615385 0.35096153846153844 0.16346153846153846 0.15625
0 0.2548076923076923 0.46875 0.16105769230769232 0.16105769230769232
0 0.23798076923076922 0.5865384615384616 0.15865384615384615 0.15625
0 0.390625 0.6153846153846154 0.16105769230769232 0.1346153846153846
0 0.40865384615384615 0.5012019230769231 0.16105769230769232 0.14903846153846154
0 0.171875 0.10216346153846154 0.15865384615384615 0.1466346153846154
0 0.15625 0.22355769230769232 0.16105769230769232 0.14423076923076922
0 0.13581730769230768 0.3389423076923077 0.15144230769230768 0.13701923076923078
0 0.11778846153846154 0.45913461538461536 0.15384615384615385 0.14182692307692307
0 0.10576923076923077 0.5709134615384616 0.14903846153846154 0.13221153846153846
0 0.09134615384615384 0.6814903846153846 0.15144230769230768 0.13701923076923078
0 0.07692307692307693 0.7920673076923077 0.15384615384615385 0.12740384615384615