0 0.08052884615384616 0.04447115384615385 0.11778846153846154 0.0889423076923077
0 0.234375 0.05048076923076923 0.19471153846153846 0.10096153846153846
0 0.43149038461538464 0.054086538461538464 0.19471153846153846 0.10817307692307693
0 0.6286057692307693 0.06129807692307692 0.1971153846153846 0.1201923076923077
0 0.8125 0.0673076923076923 0.16826923076923078 0.11057692307692307
0 0.9483173076923077 0.07572115384615384 0.10336538461538461 0.11298076923076923
0 0.055288461538461536 0.203125 0.09375 0.2403846153846154
0 0.1778846153846154 0.21153846153846154 0.15865384615384615 0.24519230769230768
0 0.3233173076923077 0.21995192307692307 0.16346153846153846 0.24278846153846154
0 0.47596153846153844 0.22716346153846154 0.15625 0.24519230769230768
0 0.6225961538461539 0.23197115384615385 0.15384615384615385 0.2403846153846154
0 0.7680288461538461 0.23677884615384615 0.15384615384615385 0.2403846153846154
0 0.9158653846153846 0.24519230769230768 0.15144230769230768 0.2403846153846154
0 0.06490384615384616 0.4411057692307692 0.12980769230769232 0.24759615384615385
0 0.23918269230769232 0.453125 0.20192307692307693 0.25240384615384615
0 0.4362980769230769 0.4639423076923077 0.19951923076923078 0.24278846153846154
0 0.6322115384615384 0.4723557692307692 0.20192307692307693 0.24278846153846154
0 0.828125 0.47716346153846156 0.19230769230769232 0.2403846153846154
0 0.04326923076923077 0.6814903846153846 0.08653846153846154 0.23798076923076922
0 0.1622596153846154 0.6911057692307693 0.15625 0.24519230769230768
0 0.31009615384615385 0.6935096153846154 0.14903846153846154 0.23798076923076922
0 0.4639423076923077 0.7007211538461539 0.15384615384615385 0.23317307692307693
0 0.609375 0.7079326923076923 0.15144230769230768 0.23798076923076922
0 0.7536057692307693 0.7043269230769231 0.14903846153846154 0.2283653846153846
0 0.9002403846153846 0.7079326923076923 0.14903846153846154 0.23798076923076922