0 0.04567307692307692 0.07932692307692307 0.09134615384615384 0.11538461538461539
0 0.1875 0.07091346153846154 0.19471153846153846 0.1201923076923077
0 0.38461538461538464 0.06009615384615385 0.19471153846153846 0.11778846153846154
0 0.5817307692307693 0.055288461538461536 0.1971153846153846 0.11057692307692307
0 0.7644230769230769 0.04567307692307692 0.16826923076923078 0.09134615384615384
0 0.9134615384615384 0.04326923076923077 0.125 0.08653846153846154
0 0.037259615384615384 0.25 0.07451923076923077 0.2403846153846154
0 0.1502403846153846 0.24639423076923078 0.15865384615384615 0.24519230769230768
0 0.29447115384615385 0.2403846153846154 0.16346153846153846 0.24278846153846154
0 0.44711538461538464 0.23076923076923078 0.15625 0.24519230769230768
0 0.59375 0.22115384615384615 0.15384615384615385 0.2403846153846154
0 0.7391826923076923 0.21033653846153846 0.15384615384615385 0.2403846153846154
0 0.8870192307692307 0.203125 0.15144230769230768 0.2403846153846154
0 0.06370192307692307 0.48677884615384615 0.12740384615384615 0.24759615384615385
0 0.23557692307692307 0.4795673076923077 0.20192307692307693 0.25240384615384615
0 0.4338942307692308 0.47115384615384615 0.19951923076923078 0.24278846153846154
0 0.6286057692307693 0.4579326923076923 0.20192307692307693 0.24278846153846154
0 0.8245192307692307 0.44350961538461536 0.19230769230769232 0.2403846153846154
0 0.056490384615384616 0.7295673076923077 0.10336538461538461 0.23798076923076922
0 0.18389423076923078 0.7247596153846154 0.15625 0.24519230769230768
0 0.3317307692307692 0.7127403846153846 0.14903846153846154 0.23798076923076922
0 0.4855769230769231 0.703125 0.15384615384615385 0.23317307692307693
0 0.6310096153846154 0.6959134615384616 0.15144230769230768 0.23798076923076922
0 0.7740384615384616 0.6766826923076923 0.14903846153846154 0.2283653846153846
0 0.9206730769230769 0.6646634615384616 0.14903846153846154 0.23798076923076922