0 0.10697115384615384 0.25600961538461536 0.20673076923076922 0.24759615384615385
0 0.125 0.4963942307692308 0.20673076923076922 0.24519230769230768
0 0.1310096153846154 0.7307692307692307 0.19951923076923078 0.25
0 0.30288461538461536 0.25 0.20432692307692307 0.23317307692307693
0 0.3112980769230769 0.4879807692307692 0.19951923076923078 0.24519230769230768
0 0.32091346153846156 0.71875 0.20673076923076922 0.24519230769230768
0 0.49399038461538464 0.24639423076923078 0.1971153846153846 0.23798076923076922
0 0.4987980769230769 0.47836538461538464 0.1971153846153846 0.2403846153846154
0 0.5072115384615384 0.7067307692307693 0.19471153846153846 0.2403846153846154
0 0.6838942307692307 0.2403846153846154 0.19230769230769232 0.24519230769230768
0 0.6875 0.4699519230769231 0.19230769230769232 0.23798076923076922
0 0.6947115384615384 0.7043269230769231 0.1971153846153846 0.24278846153846154
0 0.8725961538461539 0.22716346153846154 0.19471153846153846 0.24759615384615385
0 0.8725961538461539 0.4639423076923077 0.19471153846153846 0.24519230769230768
0 0.8846153846153846 0.6959134615384616 0.1971153846153846 0.24519230769230768