0 0.125 0.22956730769230768 0.19951923076923078 0.2403846153846154
0 0.12620192307692307 0.47115384615384615 0.19951923076923078 0.23798076923076922
0 0.11538461538461539 0.7043269230769231 0.19230769230769232 0.24278846153846154
0 0.32091346153846156 0.23677884615384615 0.1971153846153846 0.22596153846153846
0 0.3125 0.47475961538461536 0.19230769230769232 0.23798076923076922
0 0.30649038461538464 0.7055288461538461 0.19951923076923078 0.23798076923076922
0 0.5120192307692307 0.24639423076923078 0.18990384615384615 0.23076923076923078
0 0.5 0.47836538461538464 0.18990384615384615 0.23317307692307693
0 0.49278846153846156 0.7067307692307693 0.1875 0.23317307692307693
0 0.7019230769230769 0.2536057692307692 0.18509615384615385 0.23798076923076922
0 0.6887019230769231 0.4831730769230769 0.18509615384615385 0.23076923076923078
0 0.6802884615384616 0.7175480769230769 0.18990384615384615 0.23557692307692307
0 0.890625 0.2548076923076923 0.1875 0.2403846153846154
0 0.8737980769230769 0.4891826923076923 0.1875 0.23798076923076922
0 0.8701923076923077 0.7223557692307693 0.18990384615384615 0.23798076923076922