0 0.11899038461538461 0.13942307692307693 0.18028846153846154 0.21153846153846154
0 0.2860576923076923 0.15384615384615385 0.17067307692307693 0.20432692307692307
0 0.44471153846153844 0.15865384615384615 0.17307692307692307 0.21634615384615385
0 0.6021634615384616 0.16947115384615385 0.17307692307692307 0.21153846153846154
0 0.7620192307692307 0.18870192307692307 0.17307692307692307 0.21153846153846154
0 0.9194711538461539 0.1935096153846154 0.16105769230769232 0.21394230769230768
0 0.10576923076923077 0.34375 0.17548076923076922 0.21153846153846154
0 0.27163461538461536 0.35697115384615385 0.17067307692307693 0.20432692307692307
0 0.42908653846153844 0.3629807692307692 0.16105769230769232 0.20432692307692307
0 0.5829326923076923 0.3786057692307692 0.1658653846153846 0.20432692307692307
0 0.7451923076923077 0.39302884615384615 0.16826923076923078 0.2091346153846154
0 0.9086538461538461 0.40384615384615385 0.1778846153846154 0.21394230769230768
0 0.09254807692307693 0.5420673076923077 0.17307692307692307 0.20673076923076922
0 0.2536057692307692 0.5600961538461539 0.16826923076923078 0.20432692307692307
0 0.41586538461538464 0.5637019230769231 0.1658653846153846 0.20432692307692307
0 0.5745192307692307 0.5793269230769231 0.1658653846153846 0.20432692307692307
0 0.734375 0.5973557692307693 0.17067307692307693 0.20192307692307693
0 0.8966346153846154 0.6069711538461539 0.17307692307692307 0.21634615384615385
0 0.08173076923076923 0.7451923076923077 0.16346153846153846 0.20192307692307693
0 0.2403846153846154 0.7560096153846154 0.16826923076923078 0.19951923076923078
0 0.40024038461538464 0.7680288461538461 0.17067307692307693 0.2091346153846154
0 0.5564903846153846 0.7800480769230769 0.16346153846153846 0.1971153846153846
0 0.71875 0.7920673076923077 0.16826923076923078 0.19951923076923078
0 0.8834134615384616 0.8064903846153846 0.17548076923076922 0.20673076923076922