0 0.08533653846153846 0.1814903846153846 0.17067307692307693 0.20432692307692307
0 0.2512019230769231 0.1778846153846154 0.1658653846153846 0.19951923076923078
0 0.40865384615384615 0.1658653846153846 0.1658653846153846 0.21153846153846154
0 0.5673076923076923 0.16105769230769232 0.1658653846153846 0.20673076923076922
0 0.7271634615384616 0.1622596153846154 0.1658653846153846 0.20673076923076922
0 0.8942307692307693 0.15144230769230768 0.17067307692307693 0.20673076923076922
0 0.09134615384615384 0.3858173076923077 0.16826923076923078 0.20673076923076922
0 0.25721153846153844 0.38221153846153844 0.1658653846153846 0.19951923076923078
0 0.41466346153846156 0.3701923076923077 0.15384615384615385 0.19951923076923078
0 0.5697115384615384 0.3701923076923077 0.16105769230769232 0.19951923076923078
0 0.7319711538461539 0.36778846153846156 0.16105769230769232 0.20432692307692307
0 0.8966346153846154 0.3605769230769231 0.17067307692307693 0.20673076923076922
0 0.0985576923076923 0.5853365384615384 0.1658653846153846 0.20192307692307693
0 0.2608173076923077 0.5853365384615384 0.16346153846153846 0.19951923076923078
0 0.4230769230769231 0.5721153846153846 0.16105769230769232 0.19951923076923078
0 0.5817307692307693 0.5721153846153846 0.16105769230769232 0.19951923076923078
0 0.7427884615384616 0.5721153846153846 0.1658653846153846 0.1971153846153846
0 0.9050480769230769 0.5649038461538461 0.1658653846153846 0.21153846153846154
0 0.10576923076923077 0.7896634615384616 0.1658653846153846 0.1971153846153846
0 0.26802884615384615 0.7824519230769231 0.16346153846153846 0.19471153846153846
0 0.42908653846153844 0.7764423076923077 0.16346153846153846 0.20432692307692307
0 0.5853365384615384 0.7728365384615384 0.15865384615384615 0.19230769230769232
0 0.7487980769230769 0.7680288461538461 0.16346153846153846 0.19471153846153846
0 0.9134615384615384 0.7644230769230769 0.17067307692307693 0.19951923076923078