0 0.171875 0.10216346153846154 0.20432692307692307 0.20432692307692307
0 0.33653846153846156 0.12740384615384615 0.19471153846153846 0.22355769230769232
0 0.49278846153846156 0.15384615384615385 0.1971153846153846 0.23557692307692307
0 0.6478365384615384 0.1875 0.1971153846153846 0.23076923076923078
0 0.8028846153846154 0.22716346153846154 0.1971153846153846 0.23076923076923078
0 0.9326923076923077 0.25721153846153844 0.1346153846153846 0.23076923076923078
0 0.13221153846153846 0.28966346153846156 0.19951923076923078 0.23076923076923078
0 0.2932692307692308 0.3269230769230769 0.19471153846153846 0.22355769230769232
0 0.4483173076923077 0.35336538461538464 0.18509615384615385 0.22115384615384615
0 0.5997596153846154 0.390625 0.18990384615384615 0.22355769230769232
0 0.7572115384615384 0.42788461538461536 0.19230769230769232 0.22596153846153846
0 0.9086538461538461 0.46153846153846156 0.18269230769230768 0.23076923076923078
0 0.09375 0.4855769230769231 0.1875 0.22596153846153846
0 0.24759615384615385 0.5252403846153846 0.19230769230769232 0.22355769230769232
0 0.4074519230769231 0.5516826923076923 0.18990384615384615 0.22355769230769232
0 0.5625 0.5889423076923077 0.18990384615384615 0.22355769230769232
0 0.71875 0.6286057692307693 0.19471153846153846 0.22115384615384615
0 0.8774038461538461 0.6610576923076923 0.1971153846153846 0.23557692307692307
0 0.07211538461538461 0.6850961538461539 0.14423076923076922 0.22115384615384615
0 0.20673076923076922 0.7175480769230769 0.19230769230769232 0.21875
0 0.3641826923076923 0.7512019230769231 0.19471153846153846 0.2283653846153846
0 0.5168269230769231 0.7848557692307693 0.1875 0.21394230769230768
0 0.6766826923076923 0.8197115384615384 0.19230769230769232 0.21875
0 0.8365384615384616 0.8569711538461539 0.19951923076923078 0.22355769230769232