0 0.09735576923076923 0.3004807692307692 0.16826923076923078 0.33413461538461536
0 0.26322115384615385 0.31009615384615385 0.16346153846153846 0.34134615384615385
0 0.4254807692307692 0.31490384615384615 0.16105769230769232 0.31490384615384615
0 0.5841346153846154 0.3161057692307692 0.16105769230769232 0.32211538461538464
0 0.09134615384615384 0.6322115384615384 0.16105769230769232 0.3317307692307692
0 0.2548076923076923 0.6370192307692307 0.16105769230769232 0.3317307692307692
0 0.4182692307692308 0.640625 0.16105769230769232 0.3173076923076923
0 0.5769230769230769 0.6454326923076923 0.15865384615384615 0.3317307692307692
0 0.7463942307692307 0.32572115384615385 0.16346153846153846 0.3245192307692308
0 0.7379807692307693 0.65625 0.16105769230769232 0.32211538461538464
0 0.9110576923076923 0.3245192307692308 0.16826923076923078 0.3293269230769231
0 0.9026442307692307 0.6574519230769231 0.16346153846153846 0.32211538461538464