0 0.08774038461538461 0.32211538461538464 0.17548076923076922 0.33653846153846156
0 0.2536057692307692 0.32211538461538464 0.17067307692307693 0.34375
0 0.41586538461538464 0.31850961538461536 0.1658653846153846 0.3173076923076923
0 0.5745192307692307 0.3125 0.16826923076923078 0.3245192307692308
0 0.0985576923076923 0.6538461538461539 0.16826923076923078 0.33413461538461536
0 0.2620192307692308 0.6502403846153846 0.16826923076923078 0.33413461538461536
0 0.4254807692307692 0.6442307692307693 0.16826923076923078 0.31971153846153844
0 0.5841346153846154 0.6418269230769231 0.1658653846153846 0.33413461538461536
0 0.7367788461538461 0.3125 0.17067307692307693 0.3269230769230769
0 0.7451923076923077 0.6442307692307693 0.16826923076923078 0.3245192307692308
0 0.9002403846153846 0.30288461538461536 0.17548076923076922 0.3317307692307692
0 0.9098557692307693 0.6358173076923077 0.17067307692307693 0.3245192307692308