0 0.08653846153846154 0.35697115384615385 0.17307692307692307 0.3485576923076923
0 0.23918269230769232 0.3449519230769231 0.19951923076923078 0.3557692307692308
0 0.40024038461538464 0.3269230769230769 0.19230769230769232 0.3293269230769231
0 0.5576923076923077 0.30649038461538464 0.19471153846153846 0.33653846153846156
0 0.1141826923076923 0.6875 0.19471153846153846 0.34615384615384615
0 0.2764423076923077 0.6706730769230769 0.19471153846153846 0.34615384615384615
0 0.4387019230769231 0.6502403846153846 0.19230769230769232 0.3317307692307692
0 0.5961538461538461 0.6334134615384616 0.19230769230769232 0.34615384615384615
0 0.71875 0.2920673076923077 0.1971153846153846 0.3389423076923077
0 0.7572115384615384 0.6225961538461539 0.19471153846153846 0.33653846153846156
0 0.8822115384615384 0.2692307692307692 0.20192307692307693 0.34375
0 0.9110576923076923 0.5985576923076923 0.1778846153846154 0.33653846153846156