0 0.0889423076923077 0.41947115384615385 0.1778846153846154 0.3629807692307692
0 0.21995192307692307 0.38221153846153844 0.2403846153846154 0.36778846153846156
0 0.37740384615384615 0.3425480769230769 0.23076923076923078 0.34134615384615385
0 0.5300480769230769 0.3004807692307692 0.23317307692307693 0.3485576923076923
0 0.14423076923076922 0.7403846153846154 0.23557692307692307 0.3581730769230769
0 0.3016826923076923 0.6995192307692307 0.23557692307692307 0.3581730769230769
0 0.46033653846153844 0.6574519230769231 0.23317307692307693 0.34375
0 0.6141826923076923 0.6189903846153846 0.23317307692307693 0.3581730769230769
0 0.6887019230769231 0.2644230769230769 0.23557692307692307 0.35336538461538464
0 0.7716346153846154 0.5853365384615384 0.23317307692307693 0.3485576923076923
0 0.8461538461538461 0.21754807692307693 0.24278846153846154 0.3581730769230769
0 0.90625 0.5408653846153846 0.1875 0.35096153846153844