0 0.11658653846153846 0.22956730769230768 0.20192307692307693 0.2548076923076923
0 0.31009615384615385 0.23798076923076922 0.18990384615384615 0.24759615384615385
0 0.109375 0.48677884615384615 0.19471153846153846 0.25240384615384615
0 0.1045673076923077 0.7355769230769231 0.19230769230769232 0.24519230769230768
0 0.30528846153846156 0.48677884615384615 0.18990384615384615 0.24759615384615385
0 0.3016826923076923 0.7355769230769231 0.19230769230769232 0.24278846153846154
0 0.5024038461538461 0.24519230769230768 0.18990384615384615 0.25
0 0.4987980769230769 0.49038461538461536 0.18990384615384615 0.24759615384615385
0 0.4951923076923077 0.7367788461538461 0.18509615384615385 0.24519230769230768
0 0.6947115384615384 0.25 0.19471153846153846 0.24278846153846154
0 0.6923076923076923 0.5012019230769231 0.18990384615384615 0.23798076923076922
0 0.6862980769230769 0.7451923076923077 0.18990384615384615 0.23076923076923078
0 0.8822115384615384 0.7451923076923077 0.19471153846153846 0.24759615384615385
0 0.890625 0.5024038461538461 0.19951923076923078 0.25
0 0.8918269230769231 0.24759615384615385 0.19230769230769232 0.24278846153846154