0 0.19230769230769232 0.1466346153846154 0.2548076923076923 0.2932692307692308
0 0.3786057692307692 0.19951923076923078 0.24278846153846154 0.28365384615384615
0 0.12379807692307693 0.39302884615384615 0.24759615384615385 0.29086538461538464
0 0.09014423076923077 0.6322115384615384 0.18028846153846154 0.28365384615384615
0 0.31490384615384615 0.43990384615384615 0.24278846153846154 0.28365384615384615
0 0.25 0.6802884615384616 0.24278846153846154 0.28125
0 0.5637019230769231 0.2536057692307692 0.24278846153846154 0.2860576923076923
0 0.5012019230769231 0.49038461538461536 0.24278846153846154 0.28365384615384615
0 0.4375 0.7283653846153846 0.23798076923076922 0.28125
0 0.7487980769230769 0.30408653846153844 0.24519230769230768 0.28125
0 0.6862980769230769 0.546875 0.2403846153846154 0.2764423076923077
0 0.6225961538461539 0.7824519230769231 0.23798076923076922 0.2692307692307692
0 0.8125 0.8305288461538461 0.24759615384615385 0.2860576923076923
0 0.8762019230769231 0.5961538461538461 0.24759615384615385 0.28846153846153844
0 0.9098557692307693 0.34975961538461536 0.18028846153846154 0.28125