0 0.038461538461538464 0.1622596153846154 0.07692307692307693 0.15625
0 0.08173076923076923 0.35697115384615385 0.16346153846153846 0.31971153846153844
0 0.11538461538461539 0.6213942307692307 0.23076923076923078 0.30528846153846156
0 0.20192307692307693 0.10576923076923077 0.2956730769230769 0.16105769230769232
0 0.47596153846153844 0.06490384615384616 0.3076923076923077 0.12980769230769232
0 0.7596153846153846 0.030048076923076924 0.28846153846153844 0.06009615384615385
0 0.23798076923076922 0.3112980769230769 0.2668269230769231 0.3245192307692308
0 0.453125 0.2620192307692308 0.28125 0.33653846153846156
0 0.6754807692307693 0.21033653846153846 0.28846153846153844 0.34375
0 0.8617788461538461 0.17307692307692307 0.21394230769230768 0.34615384615384615
0 0.11538461538461539 0.6225961538461539 0.23076923076923078 0.30288461538461536
0 0.33653846153846156 0.5769230769230769 0.3125 0.3269230769230769
0 0.6069711538461539 0.5276442307692307 0.3557692307692308 0.3629807692307692
0 0.8641826923076923 0.47596153846153844 0.27163461538461536 0.34134615384615385
0 0.18629807692307693 0.8641826923076923 0.24278846153846154 0.27163461538461536
0 0.38100961538461536 0.8305288461538461 0.2548076923076923 0.27403846153846156
0 0.59375 0.7908653846153846 0.2620192307692308 0.27163461538461536
0 0.8197115384615384 0.7475961538461539 0.27163461538461536 0.2548076923076923
0 0.9591346153846154 0.7175480769230769 0.08173076923076923 0.22355769230769232