0 0.07932692307692307 0.06009615384615385 0.14903846153846154 0.1201923076923077
0 0.09134615384615384 0.25961538461538464 0.18028846153846154 0.29086538461538464
0 0.09375 0.53125 0.1875 0.27403846153846156
0 0.29927884615384615 0.051682692307692304 0.28125 0.10336538461538461
0 0.578125 0.054086538461538464 0.2956730769230769 0.10817307692307693
0 0.8653846153846154 0.054086538461538464 0.2692307692307692 0.10336538461538461
0 0.28725961538461536 0.25721153846153844 0.21634615384615385 0.29086538461538464
0 0.5084134615384616 0.25721153846153844 0.2283653846153846 0.3004807692307692
0 0.7367788461538461 0.25721153846153844 0.23557692307692307 0.3076923076923077
0 0.9230769230769231 0.26322115384615385 0.15384615384615385 0.3245192307692308
0 0.09375 0.5324519230769231 0.1875 0.27163461538461536
0 0.3233173076923077 0.5372596153846154 0.2644230769230769 0.28365384615384615
0 0.5973557692307693 0.5504807692307693 0.30288461538461536 0.3125
0 0.8737980769230769 0.5612980769230769 0.25240384615384615 0.3004807692307692
0 0.11298076923076923 0.7872596153846154 0.20192307692307693 0.24519230769230768
0 0.31009615384615385 0.7944711538461539 0.21634615384615385 0.2403846153846154
0 0.5264423076923077 0.8040865384615384 0.22355769230769232 0.23557692307692307
0 0.7548076923076923 0.8137019230769231 0.23798076923076922 0.21634615384615385
0 0.9326923076923077 0.8233173076923077 0.11298076923076923 0.20673076923076922