0 0.09975961538461539 0.33052884615384615 0.19951923076923078 0.23317307692307693
0 0.3161057692307692 0.2980769230769231 0.2956730769230769 0.24759615384615385
0 0.5865384615384616 0.2620192307692308 0.2956730769230769 0.24278846153846154
0 0.8413461538461539 0.2247596153846154 0.27403846153846156 0.23798076923076922
0 0.11658653846153846 0.5288461538461539 0.23317307692307693 0.22115384615384615
0 0.36177884615384615 0.4987980769230769 0.2932692307692308 0.23076923076923078
0 0.6286057692307693 0.45913461538461536 0.28846153846153844 0.23076923076923078
0 0.8737980769230769 0.42427884615384615 0.25240384615384615 0.22355769230769232
0 0.13942307692307693 0.7259615384615384 0.24759615384615385 0.21634615384615385
0 0.38822115384615385 0.6911057692307693 0.27403846153846156 0.22115384615384615
0 0.6394230769230769 0.65625 0.28365384615384615 0.22596153846153846
0 0.8786057692307693 0.6237980769230769 0.24278846153846154 0.23317307692307693