0 0.17908653846153846 0.1814903846153846 0.25961538461538464 0.25240384615384615
0 0.4098557692307692 0.24158653846153846 0.31490384615384615 0.27403846153846156
0 0.6730769230769231 0.31490384615384615 0.3125 0.2692307692307692
0 0.8882211538461539 0.3786057692307692 0.22355769230769232 0.2620192307692308
0 0.1310096153846154 0.3762019230769231 0.2620192307692308 0.24278846153846154
0 0.37259615384615385 0.44471153846153844 0.31009615384615385 0.25721153846153844
0 0.6346153846153846 0.5120192307692307 0.30528846153846156 0.25721153846153844
0 0.8689903846153846 0.5757211538461539 0.2620192307692308 0.24759615384615385
0 0.10576923076923077 0.5661057692307693 0.21153846153846154 0.23798076923076922
0 0.32211538461538464 0.6334134615384616 0.29086538461538464 0.24519230769230768
0 0.5673076923076923 0.6983173076923077 0.3004807692307692 0.25240384615384615
0 0.8161057692307693 0.7692307692307693 0.2932692307692308 0.25721153846153844