0 0.5108173076923077 0.2247596153846154 0.22596153846153846 0.24759615384615385
0 0.47836538461538464 0.6694711538461539 0.21153846153846154 0.2283653846153846
0 0.7151442307692307 0.23918269230769232 0.21153846153846154 0.23798076923076922
0 0.9086538461538461 0.25 0.18269230769230768 0.24519230769230768
0 0.4963942307692308 0.4567307692307692 0.22115384615384615 0.23317307692307693
0 0.9014423076923077 0.4831730769230769 0.1971153846153846 0.23076923076923078
0 0.7019230769230769 0.46634615384615385 0.21394230769230768 0.23557692307692307
0 0.6814903846153846 0.6887019230769231 0.21634615384615385 0.2283653846153846
0 0.8810096153846154 0.7007211538461539 0.20192307692307693 0.22115384615384615
0 0.22355769230769232 0.7055288461538461 0.27403846153846156 0.21634615384615385
0 0.4675480769230769 0.8533653846153846 0.2091346153846154 0.14423076923076922
0 0.8737980769230769 0.8846153846153846 0.20673076923076922 0.14182692307692307
0 0.6646634615384616 0.8605769230769231 0.21153846153846154 0.15144230769230768