0 0.47716346153846156 0.22596153846153846 0.22115384615384615 0.24278846153846154
0 0.4987980769230769 0.6706730769230769 0.2091346153846154 0.22355769230769232
0 0.6814903846153846 0.21514423076923078 0.2091346153846154 0.23557692307692307
0 0.8882211538461539 0.20072115384615385 0.20432692307692307 0.24278846153846154
0 0.49038461538461536 0.4567307692307692 0.21875 0.2283653846153846
0 0.8990384615384616 0.4338942307692308 0.20192307692307693 0.2283653846153846
0 0.6971153846153846 0.4411057692307692 0.21153846153846154 0.23076923076923078
0 0.703125 0.6646634615384616 0.21394230769230768 0.22355769230769232
0 0.9014423076923077 0.6526442307692307 0.1971153846153846 0.21875
0 0.2512019230769231 0.7379807692307693 0.2692307692307692 0.21394230769230768
0 0.5108173076923077 0.8545673076923077 0.20673076923076922 0.13942307692307693
0 0.9074519230769231 0.8353365384615384 0.18509615384615385 0.13701923076923078
0 0.7079326923076923 0.8377403846153846 0.2091346153846154 0.1466346153846154