0 0.4579326923076923 0.2283653846153846 0.23557692307692307 0.25721153846153844
0 0.5108173076923077 0.6706730769230769 0.22115384615384615 0.23557692307692307
0 0.6610576923076923 0.203125 0.22355769230769232 0.24759615384615385
0 0.8665865384615384 0.17427884615384615 0.21875 0.2548076923076923
0 0.4879807692307692 0.4579326923076923 0.23076923076923078 0.24278846153846154
0 0.8930288461538461 0.40625 0.21394230769230768 0.2403846153846154
0 0.6923076923076923 0.42788461538461536 0.22596153846153846 0.24278846153846154
0 0.7151442307692307 0.6502403846153846 0.22596153846153846 0.23798076923076922
0 0.9026442307692307 0.6225961538461539 0.19471153846153846 0.23076923076923078
0 0.26802884615384615 0.7548076923076923 0.28125 0.23076923076923078
0 0.5360576923076923 0.8533653846153846 0.21394230769230768 0.15384615384615385
0 0.9170673076923077 0.8040865384615384 0.1658653846153846 0.15144230769230768
0 0.7307692307692307 0.8233173076923077 0.21634615384615385 0.16105769230769232