0 0.43509615384615385 0.23197115384615385 0.25240384615384615 0.27163461538461536
0 0.5264423076923077 0.6694711538461539 0.23798076923076922 0.25
0 0.6346153846153846 0.18990384615384615 0.2403846153846154 0.2620192307692308
0 0.8365384615384616 0.14302884615384615 0.23557692307692307 0.2692307692307692
0 0.484375 0.45913461538461536 0.24759615384615385 0.25721153846153844
0 0.8846153846153846 0.37259615384615385 0.23076923076923078 0.2548076923076923
0 0.6850961538461539 0.4110576923076923 0.2403846153846154 0.25721153846153844
0 0.7271634615384616 0.6310096153846154 0.24278846153846154 0.25240384615384615
0 0.9038461538461539 0.5877403846153846 0.19230769230769232 0.24278846153846154
0 0.2920673076923077 0.7740384615384616 0.2956730769230769 0.25
0 0.5661057692307693 0.8485576923076923 0.22115384615384615 0.16826923076923078
0 0.9266826923076923 0.765625 0.1466346153846154 0.1658653846153846
0 0.7584134615384616 0.8016826923076923 0.22596153846153846 0.17548076923076922