0 0.078125 0.14423076923076922 0.15625 0.14903846153846154
0 0.1045673076923077 0.32091346153846156 0.2091346153846154 0.31971153846153844
0 0.1310096153846154 0.5841346153846154 0.2620192307692308 0.3076923076923077
0 0.1875 0.8377403846153846 0.2932692307692308 0.31009615384615385
0 0.30408653846153844 0.265625 0.3004807692307692 0.31490384615384615
0 0.3641826923076923 0.5216346153846154 0.2956730769230769 0.3125
0 0.4326923076923077 0.7764423076923077 0.2932692307692308 0.3125
0 0.5336538461538461 0.21514423076923078 0.27163461538461536 0.28365384615384615
0 0.6045673076923077 0.4675480769230769 0.28846153846153844 0.3125
0 0.6682692307692307 0.7235576923076923 0.28846153846153844 0.3076923076923077
0 0.7235576923076923 0.04567307692307692 0.21634615384615385 0.09134615384615384
0 0.7572115384615384 0.171875 0.22596153846153846 0.24278846153846154
0 0.8413461538461539 0.40384615384615385 0.3004807692307692 0.31971153846153844
0 0.8762019230769231 0.6670673076923077 0.24759615384615385 0.31971153846153844