0 0.08173076923076923 0.13701923076923078 0.16346153846153846 0.14423076923076922
0 0.10576923076923077 0.3125 0.21153846153846154 0.3173076923076923
0 0.12980769230769232 0.578125 0.25961538461538464 0.30528846153846156
0 0.18269230769230768 0.8317307692307693 0.28846153846153844 0.30528846153846156
0 0.3076923076923077 0.2620192307692308 0.2980769230769231 0.3125
0 0.3641826923076923 0.5192307692307693 0.2932692307692308 0.31009615384615385
0 0.42788461538461536 0.7752403846153846 0.29086538461538464 0.3076923076923077
0 0.5384615384615384 0.21514423076923078 0.2692307692307692 0.28125
0 0.6057692307692307 0.46875 0.2860576923076923 0.31009615384615385
0 0.6634615384615384 0.7271634615384616 0.2860576923076923 0.30528846153846156
0 0.7319711538461539 0.046875 0.21394230769230768 0.09375
0 0.7632211538461539 0.17668269230769232 0.22355769230769232 0.2403846153846154
0 0.84375 0.4098557692307692 0.2956730769230769 0.3173076923076923
0 0.8762019230769231 0.6730769230769231 0.24759615384615385 0.3173076923076923