0 0.10817307692307693 0.07572115384615384 0.21634615384615385 0.11298076923076923
0 0.11177884615384616 0.2548076923076923 0.22355769230769232 0.28846153846153844
0 0.11778846153846154 0.5240384615384616 0.23557692307692307 0.27884615384615385
0 0.13942307692307693 0.7848557692307693 0.25721153846153844 0.27884615384615385
0 0.3425480769230769 0.23798076923076922 0.2644230769230769 0.28365384615384615
0 0.3629807692307692 0.5 0.25961538461538464 0.28125
0 0.390625 0.7632211538461539 0.25721153846153844 0.28125
0 0.578125 0.22355769230769232 0.2403846153846154 0.2548076923076923
0 0.6081730769230769 0.484375 0.2548076923076923 0.28365384615384615
0 0.6310096153846154 0.7475961538461539 0.25240384615384615 0.27884615384615385
0 0.796875 0.05889423076923077 0.19951923076923078 0.11778846153846154
0 0.8052884615384616 0.21634615384615385 0.19951923076923078 0.21875
0 0.8521634615384616 0.4579326923076923 0.2644230769230769 0.28846153846153844
0 0.8701923076923077 0.7283653846153846 0.25961538461538464 0.28846153846153844