0 0.22235576923076922 0.025240384615384616 0.25721153846153844 0.05048076923076923
0 0.1814903846153846 0.15625 0.2860576923076923 0.3125
0 0.12980769230769232 0.4170673076923077 0.25961538461538464 0.30528846153846156
0 0.109375 0.6742788461538461 0.21875 0.30528846153846156
0 0.421875 0.20432692307692307 0.2980769230769231 0.3125
0 0.36778846153846156 0.46153846153846156 0.2932692307692308 0.31009615384615385
0 0.32211538461538464 0.7223557692307693 0.29086538461538464 0.3076923076923077
0 0.6514423076923077 0.25600961538461536 0.2692307692307692 0.28125
0 0.6081730769230769 0.5144230769230769 0.2860576923076923 0.31009615384615385
0 0.5576923076923077 0.7740384615384616 0.2860576923076923 0.30528846153846156
0 0.9026442307692307 0.14543269230769232 0.19471153846153846 0.17067307692307693
0 0.8713942307692307 0.3112980769230769 0.22355769230769232 0.2403846153846154
0 0.8497596153846154 0.5576923076923077 0.2956730769230769 0.3173076923076923
0 0.7944711538461539 0.8221153846153846 0.2932692307692308 0.3173076923076923