0 0.3899188921875 0.36755516093749996 0.3598262015625 0.6192262359375 0.52646485 0.6391514703125 0.5565575390624999 0.3874803953125 0.3899188921875 0.36755516093749996
0 0.5271554968750001 0.630038884375 0.6533372015625 0.6490869203125 0.6809363375 0.46625935937499996 0.5547546328124999 0.4472113234375 0.5271554968750001 0.630038884375
0 0.0152577609375 0.365690871875 0.36686253281250003 0.4181745265625 0.41216638124999994 0.1146695625 0.060561610937499996 0.062185907812499996 0.0152577609375 0.365690871875
0 0 0.674408884375 0.30622635625 0.718648859375 0.34960508749999997 0.41838397499999996 0.013383142187499999 0.369810590625 0 0.465036596875 0 0.674408884375
0 0 0.772913171875 0.344392321875 0.82131435625 0.3581645875 0.72331959375 0 0.6729828453125 0 0.772913171875
0 0.384009265625 0.6231987515624999 0.346637140625 0.9084362421875 0.6333099203125 0.9459964187500001 0.6706820437500001 0.660758928125 0.384009265625 0.6231987515624999
0 0.1218959296875 0 0.11159391249999999 0.07330266875 0.3797925453125 0.11099552812499999 0.39539195 0 0.1218959296875 0
0 0.3961924671875 0.35918235625 0.53931715 0.37929721875 0.5652309640625 0.19491085156250001 0.42210628124999994 0.1747959890625 0.3961924671875 0.35918235625
0 1 0.06535663124999999 0.7526824750000001 0.030598420312500003 0.699767775 0.4071060765625 1 0.4493009640625 1 0.06535663124999999
0 0.6638620078125 0.7530900046875 0.638385171875 0.9467841281249999 0.9330560421874999 0.9855425640625001 0.958532878125 0.7918484421875001 0.6638620078125 0.7530900046875
0 1 0.45850617343750005 0.6830261859375 0.4139584078125 0.6359104375 0.7492043796875001 0.9569739125 0.7943269078124999 1 0.48818038750000003 1 0.45850617343750005