0 0.10697115384615384 0.4579326923076923 0.1971153846153846 0.2644230769230769
0 0.23076923076923078 0.6045673076923077 0.30528846153846156 0.2956730769230769
0 0.33533653846153844 0.6826923076923077 0.2620192307692308 0.3004807692307692
0 0.5997596153846154 0.7572115384615384 0.23798076923076922 0.23557692307692307
0 0.49278846153846156 0.6442307692307693 0.3870192307692308 0.3918269230769231
0 0.4326923076923077 0.4050480769230769 0.19951923076923078 0.1778846153846154
0 0.27283653846153844 0.3954326923076923 0.2932692307692308 0.2764423076923077
0 0.7824519230769231 0.71875 0.3293269230769231 0.27163461538461536
0 0.7740384615384616 0.5252403846153846 0.34615384615384615 0.31490384615384615
0 0.5925480769230769 0.4579326923076923 0.27403846153846156 0.20432692307692307
0 0.6850961538461539 0.3329326923076923 0.20432692307692307 0.16346153846153846
0 0.5552884615384616 0.2668269230769231 0.30528846153846156 0.25721153846153844
0 0.37259615384615385 0.2692307692307692 0.17307692307692307 0.17548076923076922