0 0.1045673076923077 0.4987980769230769 0.17307692307692307 0.25240384615384615
0 0.2439903846153846 0.6322115384615384 0.28365384615384615 0.27163461538461536
0 0.3557692307692308 0.6995192307692307 0.23557692307692307 0.28125
0 0.6262019230769231 0.7451923076923077 0.21875 0.21875
0 0.5072115384615384 0.6442307692307693 0.3557692307692308 0.3605769230769231
0 0.4230769230769231 0.41225961538461536 0.1875 0.16105769230769232
0 0.26322115384615385 0.41947115384615385 0.27163461538461536 0.25240384615384615
0 0.8040865384615384 0.6887019230769231 0.31009615384615385 0.24278846153846154
0 0.7752403846153846 0.4963942307692308 0.32211538461538464 0.2860576923076923
0 0.5877403846153846 0.4495192307692308 0.25961538461538464 0.18028846153846154
0 0.6670673076923077 0.3137019230769231 0.19230769230769232 0.1466346153846154
0 0.5300480769230769 0.2620192307692308 0.2860576923076923 0.23317307692307693
0 0.34975961538461536 0.28365384615384615 0.15865384615384615 0.16346153846153846