19 0.1625 0.39675925925925926 0.07916666666666666 0.23703703703703705
18 0.2578125 0.4041666666666667 0.065625 0.23148148148148148
9 0.45859375 0.4273148148148148 0.041666666666666664 0.20555555555555555
7 0.5322916666666667 0.4324074074074074 0.0390625 0.20185185185185187
12 0.6041666666666666 0.4597222222222222 0.058333333333333334 0.16574074074074074
17 0.44635416666666666 0.7143518518518519 0.04010416666666667 0.19166666666666668
6 0.5536458333333333 0.7092592592592593 0.04010416666666667 0.17777777777777778
11 0.16901041666666666 0.06481481481481481 0.0640625 0.12962962962962962
14 0.0625 0.056018518518518516 0.06875 0.11203703703703703
7 0.27109375 0.0763888888888889 0.07552083333333333 0.1527777777777778
15 0.3997395833333333 0.08981481481481482 0.04739583333333333 0.17962962962962964
14 0.5716145833333334 0.11203703703703703 0.04114583333333333 0.21203703703703702
5 0.48880208333333336 0.10046296296296296 0.04635416666666667 0.20092592592592592
15 0.6403645833333333 0.11990740740740741 0.04583333333333333 0.22592592592592592
0 0.19973958333333333 0.7208333333333333 0.22604166666666667 0.34629629629629627
0 0.06380208333333333 0.37083333333333335 0.12760416666666666 0.3138888888888889
0 0.04583333333333333 0.7282407407407407 0.09166666666666666 0.3175925925925926
0 0.834375 0.43472222222222223 0.209375 0.26944444444444443
0 0.8645833333333334 0.15138888888888888 0.2171875 0.2712962962962963