16 0.4114583333333333 0.4532407407407407 0.08020833333333334 0.24074074074074073
4 0.4973958333333333 0.45787037037037037 0.08854166666666667 0.3074074074074074
1 0.5638020833333334 0.4976851851851852 0.0859375 0.29259259259259257
3 0.6393229166666666 0.5319444444444444 0.08697916666666666 0.2861111111111111
0 0.7627604166666667 0.5537037037037037 0.20520833333333333 0.24259259259259258
0 0.9127604166666666 0.649537037037037 0.14479166666666668 0.1814814814814815
0 0.22109375 0.362962962962963 0.2515625 0.3592592592592593
0 0.04479166666666667 0.6291666666666667 0.08958333333333333 0.3435185185185185
0 0.17604166666666668 0.7347222222222223 0.21666666666666667 0.32592592592592595
0 0.40963541666666664 0.7939814814814815 0.1859375 0.40185185185185185
0 0.5515625 0.875462962962963 0.18645833333333334 0.2490740740740741
0 0.7291666666666666 0.9601851851851851 0.14479166666666668 0.07962962962962963
15 0.9236979166666667 0.8671296296296296 0.05416666666666667 0.19074074074074074
7 0.87109375 0.861574074074074 0.07916666666666666 0.20092592592592592
11 0.8174479166666667 0.8444444444444444 0.06822916666666666 0.1814814814814815
10 0.7661458333333333 0.8245370370370371 0.06614583333333333 0.19166666666666668
8 0.7203125 0.7986111111111112 0.052083333333333336 0.19907407407407407