19 0.18203125 0.274537037037037 0.10364583333333334 0.25833333333333336
18 0.27421875 0.31666666666666665 0.09010416666666667 0.24722222222222223
9 0.46796875 0.4134259259259259 0.06458333333333334 0.21388888888888888
7 0.5393229166666667 0.44583333333333336 0.0609375 0.20925925925925926
12 0.6067708333333334 0.49907407407407406 0.07552083333333333 0.1814814814814815
17 0.42239583333333336 0.6898148148148148 0.0609375 0.19907407407407407
6 0.5278645833333333 0.7245370370370371 0.059375 0.18611111111111112
7 0.3265625 0.044444444444444446 0.09270833333333334 0.08888888888888889
15 0.4505208333333333 0.0787037037037037 0.06770833333333333 0.1574074074074074
14 0.6153645833333333 0.14675925925925926 0.06458333333333334 0.22037037037037038
5 0.5359375 0.1050925925925926 0.06875 0.2101851851851852
15 0.6817708333333333 0.18009259259259258 0.07083333333333333 0.23425925925925925
0 0.18046875 0.6050925925925926 0.25833333333333336 0.41759259259259257
0 0.08828125 0.2125 0.1609375 0.3509259259259259
0 0.04609375 0.5537037037037037 0.0921875 0.3425925925925926
0 0.8348958333333333 0.5597222222222222 0.23333333333333334 0.337037037037037
0 0.8885416666666667 0.29398148148148145 0.22291666666666668 0.3416666666666667