6 0.5140625 0.6587962962962963 0.040625 0.175
17 0.41119791666666666 0.6435185185185185 0.04479166666666667 0.17314814814814813
19 0.19088541666666667 0.32592592592592595 0.06458333333333334 0.19814814814814816
18 0.2630208333333333 0.3398148148148148 0.06145833333333333 0.2064814814814815
9 0.42890625 0.38425925925925924 0.04791666666666667 0.19074074074074074
10 0.5002604166666667 0.39444444444444443 0.043229166666666666 0.18888888888888888
12 0.5731770833333333 0.4287037037037037 0.04895833333333333 0.1574074074074074
15 0.6145833333333334 0.11203703703703703 0.049479166666666664 0.1925925925925926
15 0.38359375 0.07685185185185185 0.0515625 0.1537037037037037
5 0.46458333333333335 0.08657407407407407 0.046875 0.17314814814814813
14 0.5432291666666667 0.10046296296296296 0.04895833333333333 0.19537037037037036
7 0.27291666666666664 0.06435185185185185 0.06041666666666667 0.1287037037037037
11 0.19947916666666668 0.05787037037037037 0.06458333333333334 0.11574074074074074
10 0.12265625 0.04861111111111111 0.06614583333333333 0.09722222222222222
8 0.05755208333333333 0.04212962962962963 0.0703125 0.08425925925925926
0 0.08723958333333333 0.28703703703703703 0.1640625 0.26481481481481484
0 0.06666666666666667 0.5648148148148148 0.13333333333333333 0.2537037037037037
0 0.20260416666666667 0.5879629629629629 0.16614583333333333 0.2935185185185185
0 0.8291666666666667 0.43703703703703706 0.265625 0.3111111111111111
0 0.85390625 0.16527777777777777 0.25104166666666666 0.2462962962962963