21 0.6270833333333333 0.4337962962962963 0.0515625 0.14074074074074075
0 0.32317708333333334 0.350462962962963 0.1625 0.20092592592592592
0 0.49661458333333336 0.4041666666666667 0.12395833333333334 0.16203703703703703
0 0.9143229166666667 0.47685185185185186 0.09375 0.175
0 0.928125 0.6990740740740741 0.13697916666666668 0.2351851851851852
0 0.9125 0.9023148148148148 0.14166666666666666 0.19537037037037036
0 0.2916666666666667 0.8837962962962963 0.14270833333333333 0.18333333333333332
0 0.0765625 0.7787037037037037 0.153125 0.2722222222222222
8 0.2786458333333333 0.6194444444444445 0.06666666666666667 0.22037037037037038
10 0.36171875 0.6370370370370371 0.04635416666666667 0.18981481481481483
11 0.43333333333333335 0.6472222222222223 0.0421875 0.18518518518518517
7 0.5044270833333333 0.6509259259259259 0.05572916666666667 0.2
3 0.15598958333333332 0.3527777777777778 0.05260416666666667 0.3074074074074074
1 0.0671875 0.33611111111111114 0.08125 0.31851851851851853
4 0.013541666666666667 0.34074074074074073 0.027083333333333334 0.26481481481481484
15 0.58828125 0.6314814814814815 0.040625 0.22962962962962963
5 0.6479166666666667 0.6472222222222223 0.04583333333333333 0.21388888888888888
14 0.7067708333333333 0.6458333333333334 0.0453125 0.2175925925925926
15 0.7598958333333333 0.6523148148148148 0.04895833333333333 0.225
10 0.6861979166666666 0.4337962962962963 0.042708333333333334 0.1638888888888889
13 0.7432291666666667 0.4597222222222222 0.05364583333333333 0.1361111111111111
9 0.61953125 0.9074074074074074 0.042708333333333334 0.1787037037037037
10 0.6760416666666667 0.9060185185185186 0.04583333333333333 0.1712962962962963
12 0.7315104166666667 0.912962962962963 0.053125 0.1527777777777778
18 0.47994791666666664 0.9069444444444444 0.0453125 0.18611111111111112
19 0.41510416666666666 0.8962962962962963 0.043229166666666666 0.18611111111111112