0 0.13818181818181818 0.4726775956284153 0.21454545454545454 0.28415300546448086
0 0.34 0.5163934426229508 0.2509090909090909 0.2896174863387978
0 0.5963636363636363 0.5792349726775956 0.26545454545454544 0.37158469945355194
0 0.8472727272727273 0.639344262295082 0.3054545454545455 0.41530054644808745
0 0.12181818181818181 0.6830601092896175 0.19272727272727272 0.18032786885245902
0 0.31636363636363635 0.726775956284153 0.22545454545454546 0.20218579234972678
0 0.5745454545454546 0.8224043715846995 0.2509090909090909 0.20218579234972678
0 0.8290909090909091 0.8879781420765027 0.2727272727272727 0.20765027322404372
0 0.8618181818181818 0.27049180327868855 0.27636363636363637 0.3989071038251366
0 0.6218181818181818 0.2568306010928962 0.2545454545454545 0.34972677595628415
0 0.35818181818181816 0.2568306010928962 0.24363636363636362 0.30601092896174864
0 0.15272727272727274 0.25136612021857924 0.19636363636363635 0.23497267759562843