0 0.5895522388059702 0.5478723404255319 0.12313432835820895 0.16489361702127658
0 0.9048507462686567 0.5159574468085106 0.1791044776119403 0.1702127659574468
0 0.13805970149253732 0.5930851063829787 0.16417910447761194 0.18085106382978725
0 0.7611940298507462 0.5319148936170213 0.12313432835820895 0.1595744680851064
0 0.4533582089552239 0.5664893617021277 0.16044776119402984 0.1595744680851064
0 0.26865671641791045 0.5851063829787234 0.12686567164179105 0.15425531914893617
0 0.2574626865671642 0.723404255319149 0.16417910447761194 0.13829787234042554
0 0.5727611940298507 0.699468085106383 0.17164179104477612 0.16489361702127658
0 0.11940298507462686 0.7446808510638298 0.11194029850746269 0.14893617021276595
0 0.43656716417910446 0.7180851063829787 0.11940298507462686 0.16489361702127658
0 0.7910447761194029 0.6808510638297872 0.16791044776119404 0.1702127659574468
0 0.9347014925373134 0.6702127659574468 0.12686567164179105 0.1595744680851064
0 0.42350746268656714 0.40691489361702127 0.11940298507462686 0.1595744680851064
0 0.5578358208955224 0.3962765957446808 0.16417910447761194 0.1595744680851064
0 0.9160447761194029 0.35904255319148937 0.13432835820895522 0.17553191489361702
0 0.7649253731343284 0.38563829787234044 0.16791044776119404 0.1595744680851064
0 0.11380597014925373 0.4521276595744681 0.12313432835820895 0.1595744680851064
0 0.2462686567164179 0.43882978723404253 0.15671641791044777 0.17553191489361702