0 0.7593283582089553 0.6143617021276596 0.15671641791044777 0.17553191489361702
0 0.6305970149253731 0.6808510638297872 0.14925373134328357 0.26063829787234044
0 0.503731343283582 0.7367021276595744 0.15671641791044777 0.28191489361702127
0 0.3302238805970149 0.7872340425531915 0.22388059701492538 0.3351063829787234
0 0.13432835820895522 0.8351063829787234 0.23134328358208955 0.32978723404255317
0 0.09514925373134328 0.22340425531914893 0.19029850746268656 0.3191489361702128
0 0.27611940298507465 0.2047872340425532 0.23507462686567165 0.3617021276595745
0 0.4552238805970149 0.19414893617021275 0.16044776119402984 0.30319148936170215
0 0.582089552238806 0.2154255319148936 0.12686567164179105 0.26063829787234044
0 0.7201492537313433 0.22340425531914893 0.15671641791044777 0.24468085106382978
0 0.8656716417910447 0.23138297872340424 0.1417910447761194 0.18617021276595744
0 0.10820895522388059 0.5212765957446809 0.21641791044776118 0.35106382978723405
0 0.30597014925373134 0.4946808510638298 0.21641791044776118 0.32978723404255317
0 0.6007462686567164 0.44148936170212766 0.12313432835820895 0.25
0 0.47761194029850745 0.47074468085106386 0.16044776119402984 0.2978723404255319
0 0.7126865671641791 0.43617021276595747 0.10074626865671642 0.22872340425531915
0 0.8824626865671642 0.40425531914893614 0.12686567164179105 0.19680851063829788