0 0.697986577181208 0.8224852071005917 0.18456375838926176 0.33136094674556216
0 0.5469798657718121 0.757396449704142 0.19463087248322147 0.33727810650887574
0 0.09563758389261745 0.5650887573964497 0.18456375838926176 0.3431952662721893
0 0.24664429530201343 0.6331360946745562 0.174496644295302 0.33136094674556216
0 0.39932885906040266 0.7011834319526628 0.174496644295302 0.3254437869822485
0 0.1761744966442953 0.10059171597633136 0.18456375838926176 0.20118343195266272
0 0.32046979865771813 0.13609467455621302 0.17785234899328858 0.27218934911242604
0 0.28187919463087246 0.35798816568047337 0.18456375838926176 0.3076923076923077
0 0.1325503355704698 0.3047337278106509 0.18456375838926176 0.31952662721893493
0 0.436241610738255 0.4408284023668639 0.174496644295302 0.33136094674556216
0 0.5771812080536913 0.5059171597633136 0.18791946308724833 0.31952662721893493