0 0.5914179104477612 0.5372340425531915 0.13059701492537312 0.17553191489361702
0 0.9048507462686567 0.47606382978723405 0.1865671641791045 0.18617021276595744
0 0.14365671641791045 0.6276595744680851 0.17164179104477612 0.19680851063829788
0 0.7630597014925373 0.5053191489361702 0.13059701492537312 0.1702127659574468
0 0.4552238805970149 0.5718085106382979 0.16417910447761194 0.1702127659574468
0 0.27238805970149255 0.6063829787234043 0.13059701492537312 0.16489361702127658
0 0.26865671641791045 0.7473404255319149 0.16791044776119404 0.15425531914893617
0 0.5839552238805971 0.6941489361702128 0.17537313432835822 0.18085106382978725
0 0.13246268656716417 0.7819148936170213 0.11567164179104478 0.1595744680851064
0 0.4458955223880597 0.723404255319149 0.12686567164179105 0.17553191489361702
0 0.8003731343283582 0.651595744680851 0.17537313432835822 0.18617021276595744
0 0.9365671641791045 0.6223404255319149 0.12686567164179105 0.1702127659574468
0 0.4197761194029851 0.4148936170212766 0.12686567164179105 0.1702127659574468
0 0.5541044776119403 0.39095744680851063 0.16791044776119404 0.17553191489361702
0 0.9085820895522388 0.3191489361702128 0.1417910447761194 0.18617021276595744
0 0.7593283582089553 0.35904255319148937 0.17164179104477612 0.17553191489361702
0 0.11380597014925373 0.4920212765957447 0.13059701492537312 0.1702127659574468
0 0.24440298507462688 0.4654255319148936 0.16417910447761194 0.18617021276595744