0 0.48201438848920863 0.5552486187845304 0.20503597122302158 0.23204419889502761
0 0.64568345323741 0.5662983425414365 0.11510791366906475 0.20441988950276244
0 0.27697841726618705 0.5773480662983426 0.17266187050359713 0.2265193370165746
0 0.09532374100719425 0.5939226519337016 0.1906474820143885 0.27624309392265195
0 0.9172661870503597 0.7182320441988951 0.10431654676258993 0.16022099447513813
0 0.789568345323741 0.7265193370165746 0.18345323741007194 0.18232044198895028
0 0.4748201438848921 0.7569060773480663 0.21223021582733814 0.1878453038674033
0 0.6366906474820144 0.7762430939226519 0.12589928057553956 0.2265193370165746
0 0.2715827338129496 0.8204419889502762 0.18345323741007194 0.24861878453038674
0 0.08633093525179857 0.8370165745856354 0.17266187050359713 0.2265193370165746
0 0.11151079136690648 0.1132596685082873 0.20863309352517986 0.2265193370165746
0 0.29676258992805754 0.12154696132596685 0.17625899280575538 0.2430939226519337
0 0.4982014388489209 0.16574585635359115 0.19784172661870503 0.2265193370165746
0 0.6636690647482014 0.17955801104972377 0.12589928057553956 0.22099447513812154
0 0.802158273381295 0.20441988950276244 0.16546762589928057 0.18232044198895028
0 0.9370503597122302 0.21823204419889503 0.10431654676258993 0.19337016574585636
0 0.6492805755395683 0.35911602209944754 0.11870503597122302 0.16574585635359115
0 0.9280575539568345 0.3812154696132597 0.10071942446043165 0.14917127071823205
0 0.7985611510791367 0.3784530386740331 0.16906474820143885 0.17679558011049723
0 0.289568345323741 0.3397790055248619 0.17266187050359713 0.2265193370165746
0 0.49460431654676257 0.36464088397790057 0.19424460431654678 0.20441988950276244
0 0.10611510791366907 0.3425414364640884 0.2014388489208633 0.2596685082872928
0 0.9298561151079137 0.5497237569060773 0.09712230215827339 0.16022099447513813
0 0.7913669064748201 0.5469613259668509 0.16546762589928057 0.16022099447513813