0 0.7164179104477612 0.7340425531914894 0.16044776119402984 0.18617021276595744
0 0.5802238805970149 0.7340425531914894 0.16044776119402984 0.2712765957446808
0 0.44776119402985076 0.723404255319149 0.16791044776119404 0.2872340425531915
0 0.27238805970149255 0.6861702127659575 0.23507462686567165 0.35106382978723405
0 0.09701492537313433 0.6595744680851063 0.19402985074626866 0.3829787234042553
0 0.166044776119403 0.09840425531914894 0.24253731343283583 0.19680851063829788
0 0.3619402985074627 0.14893617021276595 0.2462686567164179 0.2978723404255319
0 0.5317164179104478 0.19148936170212766 0.17164179104477612 0.31382978723404253
0 0.6455223880597015 0.2712765957446808 0.13805970149253732 0.2712765957446808
0 0.7723880597014925 0.34574468085106386 0.16791044776119404 0.2553191489361702
0 0.9085820895522388 0.425531914893617 0.14925373134328357 0.19680851063829788
0 0.12126865671641791 0.3271276595744681 0.24253731343283583 0.3670212765957447
0 0.31902985074626866 0.39893617021276595 0.22761194029850745 0.3404255319148936
0 0.6100746268656716 0.4946808510638298 0.13432835820895522 0.26063829787234044
0 0.4869402985074627 0.4601063829787234 0.17164179104477612 0.30319148936170215
0 0.7145522388059702 0.5425531914893617 0.11194029850746269 0.23404255319148937
0 0.8824626865671642 0.5957446808510638 0.13432835820895522 0.2074468085106383