2 0.33 0.475 0.3425 0.19666666666666666
2 0.5925 0.49333333333333335 0.2325 0.13
2 0.65 0.69 0.3675 0.19666666666666666
2 0.49125 0.9 0.345 0.15333333333333332
2 0.32 0.735 0.2075 0.13
2 0.11875 0.7083333333333334 0.145 0.15
2 0.535 0.09333333333333334 0.38 0.18666666666666668
2 0.7775 0.45666666666666667 0.3325 0.20666666666666667
2 0.89125 0.9083333333333333 0.2025 0.18333333333333332
2 0.6925 0.955 0.15 0.09
2 0.10125 0.9033333333333333 0.2025 0.17333333333333334
2 0.17125 0.26 0.335 0.24333333333333335
2 0.885 0.23 0.23 0.2733333333333333