0 0.5956284153005464 0.3509090909090909 0.39344262295081966 0.1709090909090909
0 0.319672131147541 0.49454545454545457 0.32786885245901637 0.14181818181818182
0 0.6284153005464481 0.45636363636363636 0.33879781420765026 0.13454545454545455
0 0.8797814207650273 0.4290909090909091 0.24043715846994534 0.29818181818181816
0 0.6284153005464481 0.5363636363636364 0.3551912568306011 0.14545454545454545
0 0.34153005464480873 0.5836363636363636 0.29508196721311475 0.14545454545454545
0 0.36885245901639346 0.6818181818181818 0.3224043715846995 0.13090909090909092
0 0.6830601092896175 0.6436363636363637 0.3770491803278688 0.16363636363636364
0 0.9207650273224044 0.66 0.15846994535519127 0.2
0 0.5355191256830601 0.07818181818181819 0.45901639344262296 0.15636363636363637
0 0.4016393442622951 0.7818181818181819 0.34972677595628415 0.14181818181818182
0 0.16666666666666666 0.11454545454545455 0.30601092896174864 0.15272727272727274
0 0.7158469945355191 0.7472727272727273 0.3442622950819672 0.14181818181818182
0 0.9398907103825137 0.7872727272727272 0.12021857923497267 0.14909090909090908
0 0.4371584699453552 0.8763636363636363 0.32786885245901637 0.15272727272727274
0 0.7213114754098361 0.84 0.3825136612021858 0.16
0 0.2185792349726776 0.20727272727272728 0.31693989071038253 0.13454545454545455
0 0.5136612021857924 0.1690909090909091 0.3224043715846995 0.10545454545454545
0 0.8005464480874317 0.15454545454545454 0.21311475409836064 0.13090909090909092
0 0.22131147540983606 0.2963636363636364 0.366120218579235 0.13454545454545455
0 0.546448087431694 0.2509090909090909 0.30601092896174864 0.13454545454545455
0 0.8360655737704918 0.25636363636363635 0.21311475409836064 0.14181818181818182
0 0.2677595628415301 0.39090909090909093 0.33879781420765026 0.12727272727272726