0 0.6420765027322405 0.3690909090909091 0.366120218579235 0.12727272727272726
0 0.3251366120218579 0.4672727272727273 0.3005464480874317 0.10545454545454545
0 0.639344262295082 0.4763636363636364 0.31693989071038253 0.09454545454545454
0 0.9043715846994536 0.4909090909090909 0.18579234972677597 0.28363636363636363
0 0.6120218579234973 0.5545454545454546 0.3333333333333333 0.10545454545454545
0 0.31693989071038253 0.5581818181818182 0.273224043715847 0.11272727272727273
0 0.3087431693989071 0.6581818181818182 0.3005464480874317 0.09454545454545454
0 0.6284153005464481 0.6672727272727272 0.3551912568306011 0.12
0 0.8961748633879781 0.7272727272727273 0.1912568306010929 0.18181818181818182
0 0.6857923497267759 0.07454545454545454 0.4262295081967213 0.14909090909090908
0 0.3087431693989071 0.76 0.32786885245901637 0.10181818181818182
0 0.30601092896174864 0.07454545454545454 0.2786885245901639 0.12
0 0.6256830601092896 0.7727272727272727 0.31693989071038253 0.10545454545454545
0 0.8879781420765027 0.8563636363636363 0.20218579234972678 0.12727272727272726
0 0.3114754098360656 0.8581818181818182 0.30601092896174864 0.11636363636363636
0 0.6010928961748634 0.8654545454545455 0.36065573770491804 0.11636363636363636
0 0.3251366120218579 0.17272727272727273 0.29508196721311475 0.09818181818181818
0 0.6256830601092896 0.18 0.30601092896174864 0.06909090909090909
0 0.907103825136612 0.20909090909090908 0.18579234972677597 0.11272727272727273
0 0.2978142076502732 0.26 0.3442622950819672 0.09090909090909091
0 0.6284153005464481 0.26545454545454544 0.28415300546448086 0.10181818181818182
0 0.907103825136612 0.31272727272727274 0.18579234972677597 0.12363636363636364
0 0.3087431693989071 0.36 0.31693989071038253 0.08727272727272728