0 0.5391421609375 0.1338827828125 0.6088978015625 0.433051540625 0.8463947375 0.37767560312500004 0.776639096875 0.07850684375 0.5391421609375 0.1338827828125
0 0.017110303125 0.58278299375 0.178837415625 0.8941946265625 0.424056959375 0.7668434140625 0.262329846875 0.45543178281249996 0.017110303125 0.58278299375
0 0.504363425 1 0.6942407359375 0.9966856796875 0.6891029718749999 0.7023433812500001 0.4231631109375 0.7069853796875 0.42827770000000004 1 0.504363425 1
0 0.5228851765625 0.748540878125 0.764298403125 0.74530478125 0.759225459375 0.3668625046875 0.5178122328125 0.3700986 0.5228851765625 0.748540878125
0 0.1599890640625 0.24733242500000002 0.2477159859375 0.5513897953125 0.48847694375 0.4819252140625 0.400750021875 0.17786784375 0.1599890640625 0.24733242500000002
0 1 0.8329114171875001 0.995079128125 0.5824375265625 0.8495133296875 0.5852973484375 0.85753956875 0.9938352874999999 0.9224341609375 0.9927025484374999 1 0.9911786703125 1 0.8329114171875001
0 0.8924930375000001 0.6090301359375 0.9978825078125 0.6080877453125 0.9949486484375001 0.279988240625 0.889559178125 0.2809306296875 0.8924930375000001 0.6090301359375
0 0.916749521875 0.0169531671875 0.9224851015625 0.29289164375 0.9960662375 0.29136220625 0.9903306578125 0.01542373125 0.916749521875 0.0169531671875
0 0.6478090562500001 0 0.65552348125 0.10861730624999999 0.8315757984375001 0.096113384375 0.82474945 0 0.6478090562500001 0
0 0.49563654843749994 0 0.302756825 0.003366728125 0.3069549984375 0.243879921875 0.512843840625 0.24028611875 0.50864963125 0 0.49563654843749994 0
0 0 0.35691649999999997 9.171875e-7 0.35692894375 0.164331875 0.3448169375 0.1393754984375 0.006218559375 0.10847505625000001 0.0067579296875 0 0.014753078125 0 0.35691649999999997
0 0 0.49884961875 0.0028033140625000003 0.61579693125 0.05270113125 0.6146008421875 0.0463880296875 0.3512338578125 0 0.35234581249999997 0 0.49884961875