0 0.38341346153846156 0.4735576923076923 0.3485576923076923 0.19951923076923078
0 0.7536057692307693 0.5625 0.4110576923076923 0.27163461538461536
0 0.12620192307692307 0.3894230769230769 0.23798076923076922 0.18028846153846154
0 0.4170673076923077 0.36177884615384615 0.3293269230769231 0.20673076923076922
0 0.16826923076923078 0.2800480769230769 0.2668269230769231 0.19471153846153846
0 0.7427884615384616 0.41225961538461536 0.3581730769230769 0.20192307692307693
0 0.46153846153846156 0.28846153846153844 0.2956730769230769 0.1658653846153846
0 0.21875 0.1935096153846154 0.28365384615384615 0.18509615384615385
0 0.7536057692307693 0.3088942307692308 0.33653846153846156 0.17548076923076922
0 0.6009615384615384 0.875 0.4182692307692308 0.25
0 0.09975961538461539 0.5673076923076923 0.19951923076923078 0.2932692307692308
0 0.6911057692307693 0.7091346153846154 0.4254807692307692 0.3004807692307692
0 0.3389423076923077 0.6177884615384616 0.3942307692307692 0.28365384615384615