0 0.38100961538461536 0.49399038461538464 0.33653846153846156 0.14423076923076922
0 0.7596153846153846 0.5180288461538461 0.3894230769230769 0.21153846153846154
0 0.11298076923076923 0.45552884615384615 0.22115384615384615 0.1466346153846154
0 0.3942307692307692 0.3786057692307692 0.31490384615384615 0.15865384615384615
0 0.13581730769230768 0.34134615384615385 0.25 0.15865384615384615
0 0.7235576923076923 0.3713942307692308 0.34615384615384615 0.1466346153846154
0 0.4254807692307692 0.2980769230769231 0.2860576923076923 0.1201923076923077
0 0.16947115384615385 0.24639423076923078 0.2692307692307692 0.14182692307692307
0 0.7163461538461539 0.26802884615384615 0.3293269230769231 0.12259615384615384
0 0.6658653846153846 0.8617788461538461 0.39663461538461536 0.21153846153846154
0 0.0985576923076923 0.640625 0.1971153846153846 0.2668269230769231
0 0.7235576923076923 0.671875 0.39903846153846156 0.2403846153846154
0 0.36177884615384615 0.6430288461538461 0.3701923076923077 0.2283653846153846