0 0.5925480769230769 0.5228365384615384 0.33413461538461536 0.15865384615384615
0 0.22355769230769232 0.47836538461538464 0.3894230769230769 0.22355769230769232
0 0.8689903846153846 0.5745192307692307 0.2548076923076923 0.16105769230769232
0 0.5745192307692307 0.6346153846153846 0.3125 0.17307692307692307
0 0.8269230769230769 0.6826923076923077 0.2548076923076923 0.16346153846153846
0 0.25240384615384615 0.625 0.34375 0.15865384615384615
0 0.5396634615384616 0.7103365384615384 0.28125 0.12980769230769232
0 0.7872596153846154 0.7752403846153846 0.2692307692307692 0.15384615384615385
0 0.2536057692307692 0.7247596153846154 0.3245192307692308 0.13701923076923078
0 0.3329326923076923 0.14543269230769232 0.3942307692307692 0.22355769230769232
0 0.8858173076923077 0.39302884615384615 0.2283653846153846 0.2764423076923077
0 0.2668269230769231 0.328125 0.39663461538461536 0.25240384615384615
0 0.6189903846153846 0.3762019230769231 0.3701923076923077 0.24278846153846154