0 0.190625 0.17798594847775176 0.1421875 0.1451990632318501
0 0.075 0.16159250585480095 0.1109375 0.1451990632318501
0 0.56875 0.2576112412177986 0.265625 0.1522248243559719
0 0.7796875 0.2962529274004684 0.1609375 0.1288056206088993
0 0.92734375 0.3231850117096019 0.1453125 0.13114754098360656
0 0.3328125 0.3430913348946136 0.140625 0.1405152224824356
0 0.1796875 0.32201405152224827 0.1359375 0.12177985948477751
0 0.06484375 0.3009367681498829 0.1109375 0.117096018735363
0 0.49140625 0.3875878220140515 0.1328125 0.1053864168618267
0 0.74453125 0.43559718969555034 0.1328125 0.09601873536299765
0 0.6171875 0.4133489461358314 0.1359375 0.10070257611241218
0 0.87265625 0.4637002341920375 0.1375 0.10304449648711944
0 0.73671875 0.531615925058548 0.1375 0.14285714285714285
0 0.484375 0.4859484777517564 0.1359375 0.1451990632318501
0 0.05390625 0.4063231850117096 0.1078125 0.14285714285714285
0 0.16875 0.4309133489461358 0.1390625 0.1358313817330211
0 0.61015625 0.5117096018735363 0.1390625 0.1451990632318501
0 0.8640625 0.5585480093676815 0.14375 0.1405152224824356
0 0.32109375 0.4637002341920375 0.1421875 0.1451990632318501
0 0.859375 0.6686182669789227 0.1390625 0.1358313817330211
0 0.728125 0.6463700234192038 0.1421875 0.14285714285714285
0 0.47265625 0.5995316159250585 0.134375 0.14285714285714285
0 0.59921875 0.6229508196721312 0.134375 0.13817330210772832
0 0.1609375 0.5456674473067916 0.1375 0.14285714285714285
0 0.0515625 0.5234192037470726 0.103125 0.14285714285714285
0 0.3125 0.5807962529274004 0.140625 0.14754098360655737
0 0.35703125 0.0585480093676815 0.1453125 0.117096018735363
0 0.153125 0.04566744730679157 0.2125 0.09133489461358314
0 0.11796875 0.702576112412178 0.146875 0.14988290398126464
0 0.53203125 0.08079625292740047 0.1578125 0.14988290398126464
0 0.6828125 0.11007025761124122 0.15625 0.14754098360655737
0 0.87734375 0.8770491803278688 0.153125 0.17096018735362997
0 0.87578125 0.14988290398126464 0.2484375 0.16393442622950818
0 0.7328125 0.8758782201405152 0.1625 0.24824355971896955
0 0.02421875 0.7564402810304449 0.0484375 0.24824355971896955
0 0.2953125 0.819672131147541 0.15 0.3114754098360656
0 0.4796875 0.8536299765807962 0.1984375 0.2388758782201405
0 0.61328125 0.8969555035128806 0.1015625 0.17798594847775176
0 0.1109375 0.8266978922716628 0.146875 0.1522248243559719
0 0.8703125 0.9637002341920374 0.15 0.07259953161592506
0 0.34453125 0.20140515222482436 0.1375 0.1405152224824356