0 0.475 0.36199095022624433 0.2234375 0.2737556561085973
0 0.70546875 0.29638009049773756 0.265625 0.3438914027149321
0 0.8984375 0.23755656108597284 0.175 0.2850678733031674
0 0.25546875 0.4819004524886878 0.2640625 0.2579185520361991
0 0.2421875 0.7975113122171946 0.415625 0.40497737556561086
0 0.8328125 0.6515837104072398 0.334375 0.5429864253393665
0 0.57265625 0.7635746606334841 0.3515625 0.47285067873303166
0 0.7890625 0.04072398190045249 0.20625 0.08144796380090498
0 0.6125 0.07126696832579185 0.19375 0.1425339366515837
0 0.26171875 0.17986425339366516 0.1765625 0.18778280542986425
0 0.43828125 0.12104072398190045 0.1703125 0.16515837104072398