0 0.49140625 0.3574660633484163 0.203125 0.23076923076923078
0 0.72734375 0.3506787330316742 0.2390625 0.29638009049773756
0 0.92421875 0.3416289592760181 0.15 0.2579185520361991
0 0.2609375 0.42081447963800905 0.2484375 0.20361990950226244
0 0.2 0.7816742081447964 0.371875 0.43665158371040724
0 0.83203125 0.7409502262443439 0.3359375 0.47285067873303166
0 0.5390625 0.7861990950226244 0.3125 0.4276018099547511
0 0.84609375 0.07013574660633484 0.1953125 0.14027149321266968
0 0.66484375 0.08597285067873303 0.184375 0.14479638009049775
0 0.303125 0.1255656108597285 0.165625 0.1515837104072398
0 0.484375 0.11199095022624435 0.1609375 0.12895927601809956