0 0.7784946236559139 0.11796875 0.13548387096774195 0.16875
0 0.0935483870967742 0.4203125 0.1870967741935484 0.25
0 0.2537634408602151 0.41640625 0.22795698924731184 0.225
0 0.5870967741935483 0.42421875 0.26881720430107525 0.2046875
0 0.7569892473118279 0.41484375 0.15268817204301074 0.1796875
0 0.8666666666666667 0.41171875 0.14408602150537633 0.1671875
0 0.23440860215053763 0.6 0.36129032258064514 0.2546875
0 0.17311827956989248 0.0984375 0.32903225806451614 0.159375
0 0.6365591397849463 0.57890625 0.3548387096774194 0.2
0 0.878494623655914 0.553125 0.1956989247311828 0.1640625
0 0.943010752688172 0.68984375 0.11397849462365592 0.1578125
0 0.3365591397849462 0.7875 0.26021505376344084 0.2265625
0 0.6344086021505376 0.7453125 0.36129032258064514 0.20625
0 0.8516129032258064 0.71171875 0.16129032258064516 0.171875
0 0.16559139784946236 0.8203125 0.21505376344086022 0.240625
0 0.4752688172043011 0.09921875 0.28817204301075267 0.1984375
0 0.6634408602150538 0.09375 0.16129032258064516 0.1875