0 0.8311827956989247 0.140625 0.11397849462365592 0.1640625
0 0.0935483870967742 0.38828125 0.1870967741935484 0.2390625
0 0.26666666666666666 0.3984375 0.2021505376344086 0.215625
0 0.5967741935483871 0.43125 0.24731182795698925 0.190625
0 0.7677419354838709 0.43515625 0.13118279569892474 0.175
0 0.8774193548387097 0.43984375 0.12258064516129032 0.1609375
0 0.221505376344086 0.5796875 0.33548387096774196 0.234375
0 0.23333333333333334 0.07578125 0.31827956989247314 0.1375
0 0.624731182795699 0.5890625 0.33978494623655914 0.178125
0 0.8688172043010752 0.58203125 0.17634408602150536 0.1546875
0 0.9279569892473118 0.72421875 0.12473118279569892 0.153125
0 0.2967741935483871 0.7734375 0.23440860215053763 0.2140625
0 0.5978494623655914 0.75390625 0.34408602150537637 0.184375
0 0.8193548387096774 0.7375 0.13978494623655913 0.165625
0 0.12150537634408602 0.79296875 0.18494623655913978 0.2328125
0 0.5333333333333333 0.0953125 0.26666666666666666 0.190625
0 0.7215053763440861 0.1078125 0.13763440860215054 0.1859375