0 0.23359375 0.12212943632567849 0.1296875 0.10020876826722339
0 0.4984375 0.2035490605427975 0.128125 0.08768267223382047
0 0.35234375 0.1638830897703549 0.128125 0.09812108559498957
0 0.61171875 0.2453027139874739 0.115625 0.08768267223382047
0 0.73203125 0.30062630480167013 0.128125 0.08977035490605428
0 0.840625 0.33716075156576203 0.1125 0.08350730688935282
0 0.22109375 0.16805845511482254 0.1265625 0.08768267223382047
0 0.33984375 0.21294363256784968 0.125 0.08977035490605428
0 0.49296875 0.2620041753653445 0.125 0.08977035490605428
0 0.60859375 0.302713987473904 0.1140625 0.08559498956158663
0 0.7296875 0.348643006263048 0.1296875 0.08559498956158663
0 0.9578125 0.42693110647181626 0.084375 0.13987473903966596
0 0.84296875 0.3872651356993737 0.125 0.07933194154488518
0 0.1546875 0.407098121085595 0.1546875 0.1315240083507307
0 0.7015625 0.581419624217119 0.165625 0.1336116910229645
0 0.54296875 0.535490605427975 0.1359375 0.11482254697286012
0 0.8328125 0.627348643006263 0.14375 0.12108559498956159
0 0.28359375 0.4592901878914405 0.1421875 0.12734864300626306
0 0.4234375 0.5020876826722338 0.134375 0.11691022964509394
0 0.128125 0.48747390396659707 0.15625 0.12943632567849686
0 0.53828125 0.6179540709812108 0.1390625 0.11691022964509394
0 0.40859375 0.5793319415448852 0.140625 0.11899791231732777
0 0.6953125 0.6670146137787056 0.171875 0.12734864300626306
0 0.8296875 0.708768267223382 0.1484375 0.12526096033402923
0 0.2625 0.5375782881002088 0.1484375 0.12317327766179541
0 0.52421875 0.6993736951983298 0.1453125 0.12943632567849686
0 0.10390625 0.5709812108559499 0.1640625 0.1419624217118998
0 0.83125 0.7964509394572025 0.1578125 0.13778705636743216
0 0.6921875 0.755741127348643 0.165625 0.13569937369519833
0 0.39375 0.6638830897703549 0.1453125 0.12317327766179541
0 0.2421875 0.6179540709812108 0.1515625 0.12943632567849686
0 0.078125 0.6440501043841336 0.15625 0.11899791231732777
0 0.5140625 0.7797494780793319 0.146875 0.11482254697286012
0 0.37890625 0.7390396659707724 0.1515625 0.11899791231732777
0 0.21875 0.6941544885177453 0.153125 0.11482254697286012
0 0.828125 0.8820459290187892 0.1640625 0.12943632567849686
0 0.684375 0.8434237995824635 0.175 0.1315240083507307
0 0.26796875 0.029227557411273485 0.1234375 0.05845511482254697
0 0.51484375 0.08768267223382047 0.1203125 0.09394572025052192
0 0.6203125 0.12943632567849686 0.10625 0.08350730688935282
0 0.3765625 0.05845511482254697 0.1171875 0.08977035490605428
0 0.740625 0.18997912317327767 0.125 0.09603340292275574
0 0.8453125 0.22233820459290188 0.115625 0.08977035490605428
0 0.253125 0.06784968684759916 0.125 0.09812108559498957
0 0.50546875 0.14613778705636743 0.121875 0.09394572025052192
0 0.61640625 0.18580375782881003 0.115625 0.09812108559498957
0 0.36484375 0.1127348643006263 0.11875 0.08977035490605428
0 0.73671875 0.2453027139874739 0.1203125 0.081419624217119
0 0.84140625 0.2797494780793319 0.115625 0.08350730688935282
0 0.9609375 0.33924843423799583 0.078125 0.11899791231732777