0 0.16953125 0.22755741127348644 0.1234375 0.0709812108559499
0 0.440625 0.2139874739039666 0.1234375 0.05845511482254697
0 0.2921875 0.2265135699373695 0.121875 0.06889352818371608
0 0.55859375 0.2150313152400835 0.1109375 0.060542797494780795
0 0.68515625 0.22755741127348644 0.1234375 0.060542797494780795
0 0.79765625 0.2254697286012526 0.1078125 0.05636743215031315
0 0.16640625 0.2755741127348643 0.121875 0.05845511482254697
0 0.2890625 0.2776617954070981 0.1203125 0.06263048016701461
0 0.446875 0.27244258872651356 0.1203125 0.06263048016701461
0 0.56640625 0.27244258872651356 0.109375 0.05845511482254697
0 0.69296875 0.2745302713987474 0.1265625 0.05636743215031315
0 0.94375 0.2651356993736952 0.103125 0.11691022964509394
0 0.809375 0.27244258872651356 0.121875 0.05010438413361169
0 0.1484375 0.5302713987473904 0.14375 0.09812108559498957
0 0.71015625 0.5093945720250522 0.15625 0.09603340292275574
0 0.5484375 0.5198329853862212 0.128125 0.08559498956158663
0 0.846875 0.5083507306889353 0.134375 0.08977035490605428
0 0.2828125 0.535490605427975 0.13125 0.09603340292275574
0 0.4265625 0.5281837160751566 0.125 0.08768267223382047
0 0.13828125 0.615866388308977 0.146875 0.09394572025052192
0 0.559375 0.6002087682672234 0.13125 0.08559498956158663
0 0.42734375 0.6075156576200418 0.13125 0.08768267223382047
0 0.72109375 0.593945720250522 0.1640625 0.08977035490605428
0 0.85859375 0.5876826722338204 0.1390625 0.0918580375782881
0 0.278125 0.6179540709812108 0.1390625 0.08977035490605428
0 0.56171875 0.6837160751565762 0.134375 0.09812108559498957
0 0.13125 0.7056367432150313 0.1546875 0.10438413361169102
0 0.87734375 0.6711899791231732 0.1484375 0.1022964509394572
0 0.73515625 0.6805845511482255 0.15625 0.09812108559498957
0 0.42890625 0.6951983298538622 0.1359375 0.0918580375782881
0 0.27421875 0.7025052192066806 0.1421875 0.09603340292275574
0 0.1203125 0.7849686847599165 0.15 0.08350730688935282
0 0.56796875 0.7651356993736952 0.1390625 0.081419624217119
0 0.4296875 0.7724425887265136 0.14375 0.08350730688935282
0 0.265625 0.7849686847599165 0.146875 0.07933194154488518
0 0.89140625 0.755741127348643 0.1546875 0.0918580375782881
0 0.74453125 0.767223382045929 0.1671875 0.0918580375782881
0 0.18203125 0.10751565762004175 0.1171875 0.0709812108559499
0 0.434375 0.09707724425887265 0.1140625 0.06680584551148225
0 0.54453125 0.10020876826722339 0.1015625 0.05845511482254697
0 0.2953125 0.11586638830897704 0.1125 0.06263048016701461
0 0.671875 0.11691022964509394 0.11875 0.06889352818371608
0 0.7796875 0.11169102296450939 0.109375 0.06263048016701461
0 0.178125 0.16805845511482254 0.11875 0.0709812108559499
0 0.43671875 0.15657620041753653 0.115625 0.06680584551148225
0 0.5515625 0.15657620041753653 0.109375 0.0709812108559499
0 0.29453125 0.1722338204592902 0.1140625 0.06263048016701461
0 0.67890625 0.1722338204592902 0.1171875 0.054279749478079335
0 0.78671875 0.16910229645093947 0.1109375 0.05636743215031315
0 0.93671875 0.17745302713987474 0.1125 0.0918580375782881