0 0.4 0.27702702702702703 0.1796875 0.19144144144144143
0 0.12734375 0.24324324324324326 0.1421875 0.14864864864864866
0 0.7375 0.33896396396396394 0.153125 0.1463963963963964
0 0.875 0.36036036036036034 0.1453125 0.14414414414414414
0 0.58671875 0.32094594594594594 0.1609375 0.14864864864864866
0 0.15 0.012387387387387387 0.14375 0.024774774774774775
0 0.74375 0.07545045045045046 0.15 0.1036036036036036
0 0.2859375 0.03265765765765766 0.1375 0.06531531531531531
0 0.42421875 0.04842342342342342 0.1421875 0.09684684684684684
0 0.59609375 0.06644144144144144 0.15625 0.13063063063063063
0 0.24921875 0.5213963963963963 0.1671875 0.16666666666666666
0 0.88671875 0.11261261261261261 0.1515625 0.12837837837837837
0 0.10625 0.5033783783783784 0.15 0.1463963963963964
0 0.40234375 0.5506756756756757 0.1453125 0.1463963963963964
0 0.57734375 0.5822072072072072 0.1671875 0.14864864864864866
0 0.87734375 0.6306306306306306 0.1546875 0.15090090090090091
0 0.73359375 0.6103603603603603 0.1546875 0.14864864864864866
0 0.23203125 0.8018018018018018 0.1546875 0.15090090090090091
0 0.0859375 0.7792792792792793 0.1484375 0.15090090090090091
0 0.56875 0.8547297297297297 0.1703125 0.1554054054054054
0 0.71953125 0.8772522522522522 0.1578125 0.14414414414414414
0 0.86953125 0.9031531531531531 0.1609375 0.15090090090090091