0 0.41640625 0.26238738738738737 0.1890625 0.21396396396396397
0 0.1484375 0.18806306306306306 0.15 0.16666666666666666
0 0.74765625 0.375 0.1609375 0.16666666666666666
0 0.8828125 0.4177927927927928 0.153125 0.16216216216216217
0 0.59921875 0.3344594594594595 0.16875 0.16891891891891891
0 0.7734375 0.11373873873873874 0.153125 0.12387387387387387
0 0.321875 0.02252252252252252 0.140625 0.04504504504504504
0 0.4578125 0.04842342342342342 0.146875 0.09684684684684684
0 0.62734375 0.08333333333333333 0.1625 0.15090090090090091
0 0.24921875 0.4831081081081081 0.175 0.1891891891891892
0 0.9125 0.17229729729729729 0.15625 0.14864864864864866
0 0.1078125 0.44481981981981983 0.1578125 0.16666666666666666
0 0.39921875 0.536036036036036 0.153125 0.16441441441441443
0 0.57109375 0.5934684684684685 0.1734375 0.17117117117117117
0 0.865625 0.6869369369369369 0.1625 0.16891891891891891
0 0.725 0.6452702702702703 0.1625 0.16666666666666666
0 0.21171875 0.759009009009009 0.1609375 0.17117117117117117
0 0.07265625 0.7150900900900901 0.1453125 0.16891891891891891
0 0.5421875 0.8626126126126126 0.178125 0.17567567567567569
0 0.690625 0.9087837837837838 0.1640625 0.16441441441441443
0 0.8375 0.9358108108108109 0.16875 0.12837837837837837