0 0.6112759643916914 0.178125 0.228486646884273 0.1625
0 0.3545994065281899 0.21171875 0.2997032640949555 0.1953125
0 0.5964391691394659 0.27734375 0.2522255192878338 0.1796875
0 0.8204747774480712 0.34375 0.22255192878338279 0.1609375
0 0.271513353115727 0.434375 0.32047477744807124 0.1921875
0 0.543026706231454 0.4796875 0.2166172106824926 0.078125
0 0.7359050445103857 0.509375 0.18100890207715134 0.06875
0 0.5474777448071216 0.53984375 0.22255192878338279 0.0734375
0 0.7373887240356083 0.565625 0.18100890207715134 0.08125
0 0.857566765578635 0.57890625 0.06824925816023739 0.0796875
0 0.28041543026706234 0.59296875 0.258160237388724 0.1953125
0 0.526706231454006 0.63828125 0.26706231454005935 0.1921875
0 0.7744807121661721 0.678125 0.23738872403560832 0.165625
0 0.17062314540059348 0.88671875 0.34124629080118696 0.2234375
0 0.48516320474777447 0.90546875 0.3056379821958457 0.1890625
0 0.7507418397626113 0.91796875 0.24925816023738873 0.1640625
0 0.37091988130563797 0.0921875 0.27596439169139464 0.175