0 0.3734375 0.16563786008230452 0.0828125 0.06995884773662552
0 0.859375 0.31378600823045266 0.0875 0.07613168724279835
0 0.34375 0.23148148148148148 0.1375 0.13580246913580246
0 0.21953125 0.19753086419753085 0.1390625 0.1337448559670782
0 0.75078125 0.35905349794238683 0.134375 0.13991769547325103
0 0.46484375 0.2726337448559671 0.134375 0.13786008230452676
0 0.5859375 0.3096707818930041 0.0546875 0.11728395061728394
0 0.64453125 0.3271604938271605 0.1 0.13168724279835392
0 0.87109375 0.4002057613168724 0.1359375 0.13991769547325103
0 0.30234375 0.36419753086419754 0.0859375 0.07613168724279835
0 0.7109375 0.4876543209876543 0.0890625 0.07613168724279835
0 0.43125 0.4434156378600823 0.134375 0.13991769547325103
0 0.8390625 0.5668724279835391 0.140625 0.14609053497942387
0 0.57265625 0.49176954732510286 0.0890625 0.11934156378600823
0 0.165625 0.36934156378600824 0.0921875 0.11728395061728394
0 0.68984375 0.5411522633744856 0.0640625 0.08436213991769548
0 0.7421875 0.5565843621399177 0.065625 0.08024691358024691
0 0.28046875 0.4176954732510288 0.0671875 0.0823045267489712
0 0.2265625 0.4022633744855967 0.0640625 0.08436213991769548
0 0.63359375 0.5257201646090535 0.0640625 0.08847736625514403
0 0.33359375 0.43621399176954734 0.0671875 0.08641975308641975
0 0.29453125 0.5082304526748971 0.1375 0.1419753086419753
0 0.58203125 0.5967078189300411 0.1328125 0.13991769547325103
0 0.70234375 0.6337448559670782 0.134375 0.13991769547325103
0 0.7828125 0.6574074074074074 0.053125 0.11522633744855967
0 0.375 0.5349794238683128 0.05625 0.12551440329218108
0 0.1734375 0.4742798353909465 0.1390625 0.1440329218106996
0 0.4328125 0.5534979423868313 0.0984375 0.13168724279835392
0 0.83984375 0.6779835390946503 0.1015625 0.12757201646090535
0 0.38125 0.6800411522633745 0.0796875 0.06790123456790123
0 0.14296875 0.647119341563786 0.1421875 0.14609053497942387
0 0.26640625 0.684156378600823 0.1359375 0.13991769547325103
0 0.5359375 0.7674897119341564 0.1 0.13580246913580246
0 0.59453125 0.7860082304526749 0.0578125 0.11934156378600823
0 0.67265625 0.8096707818930041 0.1328125 0.13991769547325103
0 0.771875 0.8446502057613169 0.0890625 0.11522633744855967
0 0.82734375 0.8621399176954733 0.053125 0.10493827160493827
0 0.353125 0.7294238683127572 0.065625 0.08847736625514403
0 0.40703125 0.7479423868312757 0.0640625 0.08436213991769548
0 0.5328125 0.8734567901234568 0.13125 0.13580246913580246
0 0.24765625 0.7870370370370371 0.134375 0.1419753086419753
0 0.77421875 0.9393004115226338 0.1359375 0.12139917695473251
0 0.36640625 0.8251028806584362 0.1328125 0.1337448559670782
0 0.13984375 0.757201646090535 0.1046875 0.12962962962962962
0 0.65546875 0.9146090534979424 0.1359375 0.13991769547325103
0 0.08046875 0.7397119341563786 0.0546875 0.11934156378600823
0 0.64765625 0.2191358024691358 0.1390625 0.1419753086419753
0 0.24296875 0.09773662551440329 0.14375 0.15637860082304528
0 0.4546875 0.16563786008230452 0.0921875 0.11522633744855967
0 0.76640625 0.2602880658436214 0.1265625 0.12962962962962962
0 0.51328125 0.19958847736625515 0.0609375 0.08024691358024691
0 0.9203125 0.32407407407407407 0.0625 0.08024691358024691