0 0.2859375 0.2902542372881356 0.1796875 0.3050847457627119
0 0.1390625 0.2584745762711864 0.1828125 0.3072033898305085
0 0.7 0.3983050847457627 0.1890625 0.25
0 0.8640625 0.4375 0.19375 0.2563559322033898
0 0.5296875 0.3686440677966102 0.203125 0.24364406779661016
0 0.68984375 0.6377118644067796 0.15625 0.1483050847457627
0 0.24375 0.5434322033898306 0.1171875 0.1228813559322034
0 0.871875 0.7161016949152542 0.1 0.15889830508474576
0 0.07890625 0.6334745762711864 0.11875 0.23516949152542374
0 0.38984375 0.7669491525423728 0.184375 0.3199152542372881
0 0.2203125 0.7351694915254238 0.190625 0.3241525423728814
0 0.66484375 0.8326271186440678 0.190625 0.3156779661016949
0 0.82421875 0.8792372881355932 0.1921875 0.24152542372881355
0 0.52734375 0.864406779661017 0.1515625 0.1885593220338983
0 0.06953125 0.7923728813559322 0.1390625 0.13983050847457626
0 0.15703125 0.0815677966101695 0.1484375 0.12076271186440678
0 0.88046875 0.2574152542372881 0.1875 0.1716101694915254
0 0.7125 0.2245762711864407 0.18125 0.163135593220339
0 0.54296875 0.19809322033898305 0.1890625 0.18008474576271186