0 0.2546875 0.3665254237288136 0.1671875 0.2944915254237288
0 0.10703125 0.3834745762711864 0.1703125 0.2944915254237288
0 0.67578125 0.3358050847457627 0.1796875 0.23728813559322035
0 0.8421875 0.3199152542372881 0.184375 0.24152542372881355
0 0.50546875 0.3633474576271186 0.19375 0.2288135593220339
0 0.70859375 0.5709745762711864 0.1515625 0.13559322033898305
0 0.25859375 0.6260593220338984 0.1125 0.11440677966101695
0 0.89921875 0.5879237288135594 0.09375 0.1504237288135593
0 0.11484375 0.7680084745762712 0.109375 0.2288135593220339
0 0.440625 0.7955508474576272 0.171875 0.3072033898305085
0 0.2703125 0.8199152542372882 0.1765625 0.3114406779661017
0 0.71953125 0.7680084745762712 0.1765625 0.3029661016949153
0 0.8859375 0.7764830508474576 0.18125 0.2584745762711864
0 0.59140625 0.8442796610169492 0.14375 0.17584745762711865
0 0.1265625 0.926906779661017 0.1515625 0.1271186440677966
0 0.09296875 0.2055084745762712 0.14375 0.11016949152542373
0 0.82578125 0.13983050847457626 0.18125 0.15466101694915255
0 0.65703125 0.163135593220339 0.1765625 0.1483050847457627
0 0.48828125 0.19279661016949154 0.184375 0.1652542372881356