0 0.7828125 0.2634194831013916 0.1078125 0.13916500994035785
0 0.56171875 0.26938369781312127 0.1125 0.14512922465208747
0 0.1078125 0.279324055666004 0.1171875 0.13320079522862824
0 0.675 0.2673956262425447 0.1140625 0.13916500994035785
0 0.221875 0.279324055666004 0.1046875 0.1312127236580517
0 0.33515625 0.2783300198807157 0.11875 0.13717693836978131
0 0.890625 0.2753479125248509 0.0828125 0.10536779324055666
0 0.43671875 0.2882703777335984 0.0875 0.1073558648111332
0 0.565625 0.4403578528827038 0.109375 0.13717693836978131
0 0.221875 0.44930417495029823 0.115625 0.1411530815109344
0 0.3421875 0.44731610337972166 0.121875 0.13320079522862824
0 0.67421875 0.4393638170974155 0.1078125 0.13717693836978131
0 0.78984375 0.4403578528827038 0.1078125 0.13518886679920478
0 0.44375 0.4870775347912525 0.0796875 0.09940357852882704
0 0.88515625 0.47813121272365805 0.0875 0.11332007952286283
0 0.68125 0.5705765407554672 0.109375 0.13717693836978131
0 0.56328125 0.5745526838966203 0.1078125 0.13916500994035785
0 0.78984375 0.5695825049701789 0.1109375 0.14314115308151093
0 0.1109375 0.584493041749503 0.11875 0.147117296222664
0 0.228125 0.5825049701789264 0.1125 0.13717693836978131
0 0.33984375 0.5805168986083499 0.1140625 0.13717693836978131
0 0.89375 0.5795228628230616 0.084375 0.10934393638170974
0 0.44296875 0.5904572564612326 0.084375 0.11530815109343936
0 0.2328125 0.7504970178926441 0.1171875 0.147117296222664
0 0.67890625 0.7465208747514911 0.1125 0.147117296222664
0 0.434375 0.7564612326043738 0.0921875 0.1172962226640159
0 0.871875 0.7504970178926441 0.0890625 0.11928429423459244
0 0.5734375 0.757455268389662 0.090625 0.1172962226640159
0 0.128125 0.768389662027833 0.09375 0.11928429423459244
0 0.7828125 0.7813121272365805 0.0875 0.1172962226640159
0 0.33515625 0.7962226640159046 0.0890625 0.12326043737574553
0 0.56953125 0.8797216699801192 0.1109375 0.14512922465208747
0 0.42734375 0.8846918489065606 0.1109375 0.14512922465208747
0 0.88125 0.8747514910536779 0.109375 0.14512922465208747
0 0.115625 0.8916500994035785 0.115625 0.14910536779324055
0 0.23359375 0.8906560636182903 0.1109375 0.14910536779324055
0 0.68671875 0.882703777335984 0.1078125 0.13717693836978131
0 0.7828125 0.8906560636182903 0.0875 0.1172962226640159
0 0.32890625 0.9035785288270378 0.0859375 0.11133200795228629
0 0.6703125 0.13618290258449303 0.1171875 0.13916500994035785
0 0.22734375 0.1481113320079523 0.134375 0.14314115308151093
0 0.12109375 0.1610337972166998 0.090625 0.10536779324055666
0 0.5703125 0.15208747514910537 0.0859375 0.10337972166998012
0 0.77109375 0.14910536779324055 0.0875 0.10536779324055666
0 0.33125 0.16003976143141152 0.0953125 0.1073558648111332
0 0.4328125 0.1848906560636183 0.0890625 0.1073558648111332
0 0.87890625 0.17693836978131214 0.084375 0.1073558648111332