0 0.44453125 0.2735655737704918 0.1609375 0.1680327868852459
0 0.16484375 0.20594262295081966 0.1546875 0.15778688524590165
0 0.75390625 0.4149590163934426 0.1515625 0.1557377049180328
0 0.3 0.257172131147541 0.1578125 0.1598360655737705
0 0.61328125 0.3668032786885246 0.15625 0.1598360655737705
0 0.89140625 0.4651639344262295 0.1546875 0.15778688524590165
0 0.703125 0.6588114754098361 0.1578125 0.1598360655737705
0 0.2609375 0.507172131147541 0.175 0.1680327868852459
0 0.56171875 0.6127049180327869 0.1609375 0.1680327868852459
0 0.8421875 0.7120901639344263 0.15625 0.15778688524590165
0 0.1140625 0.4569672131147541 0.1671875 0.16598360655737704
0 0.35859375 0.045081967213114756 0.1640625 0.09016393442622951
0 0.21328125 0.0235655737704918 0.1765625 0.0471311475409836
0 0.4953125 0.0706967213114754 0.165625 0.1413934426229508
0 0.66484375 0.12090163934426229 0.1578125 0.15778688524590165
0 0.934375 0.22028688524590165 0.13125 0.15778688524590165
0 0.8078125 0.1721311475409836 0.1578125 0.1680327868852459
0 0.79609375 0.9139344262295082 0.1578125 0.1721311475409836
0 0.1984375 0.7448770491803278 0.159375 0.15368852459016394
0 0.51875 0.8616803278688525 0.15 0.15368852459016394
0 0.06875 0.6997950819672131 0.1375 0.15778688524590165
0 0.65390625 0.9108606557377049 0.153125 0.1557377049180328