0 0.40390625 0.29815573770491804 0.1421875 0.1290983606557377
0 0.1203125 0.3206967213114754 0.1375 0.11885245901639344
0 0.73125 0.33709016393442626 0.134375 0.1168032786885246
0 0.2609375 0.32786885245901637 0.140625 0.12090163934426229
0 0.58515625 0.3350409836065574 0.1390625 0.12090163934426229
0 0.8734375 0.3422131147540984 0.1375 0.11885245901639344
0 0.7265625 0.5901639344262295 0.140625 0.12090163934426229
0 0.26953125 0.5829918032786885 0.1578125 0.12295081967213115
0 0.58046875 0.5901639344262295 0.14375 0.12704918032786885
0 0.87109375 0.5963114754098361 0.140625 0.11885245901639344
0 0.11796875 0.5809426229508197 0.15 0.12295081967213115
0 0.271875 0.06864754098360656 0.146875 0.12295081967213115
0 0.12265625 0.06762295081967214 0.1578125 0.13114754098360656
0 0.41484375 0.07479508196721311 0.1484375 0.12090163934426229
0 0.58984375 0.07991803278688525 0.1421875 0.11885245901639344
0 0.88203125 0.0860655737704918 0.1390625 0.11885245901639344
0 0.73828125 0.08401639344262295 0.1390625 0.1290983606557377
0 0.86640625 0.819672131147541 0.1328125 0.15778688524590165
0 0.25234375 0.8340163934426229 0.14375 0.11270491803278689
0 0.58515625 0.8452868852459017 0.134375 0.11475409836065574
0 0.1109375 0.8340163934426229 0.1359375 0.11885245901639344
0 0.725 0.8493852459016393 0.1359375 0.1168032786885246