0 0.94375 0.2747826086956522 0.1125 0.22608695652173913
0 0.81015625 0.2408695652173913 0.2046875 0.23304347826086957
0 0.39609375 0.1565217391304348 0.2 0.19652173913043477
0 0.58515625 0.20347826086956522 0.225 0.20521739130434782
0 0.1765625 0.14347826086956522 0.184375 0.1356521739130435
0 0.35078125 0.45130434782608697 0.2578125 0.2921739130434783
0 0.76640625 0.5469565217391305 0.2296875 0.2782608695652174
0 0.13203125 0.40956521739130436 0.23125 0.2747826086956522
0 0.54609375 0.5052173913043478 0.221875 0.25217391304347825
0 0.28671875 0.7634782608695653 0.246875 0.2956521739130435
0 0.49375 0.8182608695652174 0.2046875 0.2608695652173913
0 0.09921875 0.7295652173913043 0.1984375 0.27652173913043476
0 0.70078125 0.8652173913043478 0.2296875 0.26956521739130435
0 0.19375 0.05652173913043478 0.184375 0.11304347826086956