0 0.08533653846153846 0.26802884615384615 0.14423076923076922 0.25240384615384615
0 0.3088942307692308 0.3137019230769231 0.24519230769230768 0.2692307692307692
0 0.5132211538461539 0.3449519230769231 0.24278846153846154 0.2668269230769231
0 0.7175480769230769 0.37740384615384615 0.23798076923076922 0.2644230769230769
0 0.06490384615384616 0.5 0.12980769230769232 0.2548076923076923
0 0.3125 0.5552884615384616 0.34375 0.2860576923076923
0 0.6298076923076923 0.6009615384615384 0.3269230769230769 0.2764423076923077
0 0.8653846153846154 0.578125 0.1778846153846154 0.20432692307692307
0 0.9338942307692307 0.4014423076923077 0.13221153846153846 0.20673076923076922
0 0.046875 0.7247596153846154 0.09375 0.24278846153846154
0 0.22956730769230768 0.7692307692307693 0.23798076923076922 0.24278846153846154
0 0.43990384615384615 0.796875 0.23798076923076922 0.24278846153846154
0 0.6430288461538461 0.8293269230769231 0.23798076923076922 0.24759615384615385