0 0.054086538461538464 0.34134615384615385 0.10817307692307693 0.2403846153846154
0 0.2800480769230769 0.34975961538461536 0.21394230769230768 0.24519230769230768
0 0.48677884615384615 0.3449519230769231 0.21394230769230768 0.24278846153846154
0 0.6935096153846154 0.34134615384615385 0.2091346153846154 0.23798076923076922
0 0.06009615384615385 0.5757211538461539 0.1201923076923077 0.24278846153846154
0 0.3245192307692308 0.5877403846153846 0.31490384615384615 0.24519230769230768
0 0.6454326923076923 0.5769230769230769 0.2980769230769231 0.23798076923076922
0 0.8725961538461539 0.5144230769230769 0.15384615384615385 0.18509615384615385
0 0.9290865384615384 0.3245192307692308 0.13942307692307693 0.18990384615384615
0 0.06370192307692307 0.8052884615384616 0.12259615384615384 0.2283653846153846
0 0.2800480769230769 0.8112980769230769 0.21153846153846154 0.21634615384615385
0 0.49158653846153844 0.8028846153846154 0.21153846153846154 0.21634615384615385
0 0.6971153846153846 0.7992788461538461 0.21153846153846154 0.22115384615384615