0 0.04927884615384615 0.20673076923076922 0.0985576923076923 0.12980769230769232
0 0.078125 0.3389423076923077 0.15625 0.1971153846153846
0 0.11658653846153846 0.5024038461538461 0.16105769230769232 0.20192307692307693
0 0.15384615384615385 0.6634615384615384 0.1658653846153846 0.19471153846153846
0 0.19471153846153846 0.8389423076923077 0.18509615384615385 0.23317307692307693
0 0.22355769230769232 0.24278846153846154 0.125 0.14423076923076922
0 0.2548076923076923 0.3581730769230769 0.20673076923076922 0.1971153846153846
0 0.29086538461538464 0.48677884615384615 0.20673076923076922 0.19471153846153846
0 0.3269230769230769 0.6322115384615384 0.24519230769230768 0.23798076923076922
0 0.3713942307692308 0.7992788461538461 0.2403846153846154 0.23076923076923078
0 0.5336538461538461 0.18629807692307693 0.11778846153846154 0.11057692307692307
0 0.5697115384615384 0.29447115384615385 0.20673076923076922 0.17548076923076922
0 0.6021634615384616 0.44711538461538464 0.24519230769230768 0.2283653846153846
0 0.6418269230769231 0.6298076923076923 0.24278846153846154 0.22115384615384615
0 0.5324519230769231 0.7680288461538461 0.15384615384615385 0.19230769230769232
0 0.390625 0.2824519230769231 0.10576923076923077 0.10096153846153846
0 0.4254807692307692 0.38221153846153844 0.14182692307692307 0.1778846153846154