0 0.16706730769230768 0.08173076923076923 0.24278846153846154 0.16346153846153846
0 0.4110576923076923 0.09495192307692307 0.27403846153846156 0.18990384615384615
0 0.6778846153846154 0.12379807692307693 0.29086538461538464 0.23798076923076922
0 0.13221153846153846 0.33653846153846156 0.2644230769230769 0.40865384615384615
0 0.37259615384615385 0.36899038461538464 0.3125 0.4206730769230769
0 0.6346153846153846 0.4170673076923077 0.3245192307692308 0.4254807692307692
0 0.8701923076923077 0.46153846153846156 0.25961538461538464 0.4182692307692308
0 0.11057692307692307 0.6875 0.22115384615384615 0.34615384615384615
0 0.3317307692307692 0.7199519230769231 0.2932692307692308 0.3485576923076923
0 0.5889423076923077 0.7668269230769231 0.3125 0.3389423076923077
0 0.8413461538461539 0.8052884615384616 0.27884615384615385 0.34134615384615385