0 0.15144230769230768 0.08533653846153846 0.23557692307692307 0.17067307692307693
0 0.39663461538461536 0.09375 0.2692307692307692 0.1875
0 0.6646634615384616 0.11778846153846154 0.28365384615384615 0.23076923076923078
0 0.12620192307692307 0.35096153846153844 0.25240384615384615 0.40384615384615385
0 0.36778846153846156 0.3737980769230769 0.3004807692307692 0.41346153846153844
0 0.6310096153846154 0.41225961538461536 0.31009615384615385 0.4182692307692308
0 0.8725961538461539 0.4483173076923077 0.2548076923076923 0.4110576923076923
0 0.11057692307692307 0.703125 0.22115384615384615 0.3389423076923077
0 0.3401442307692308 0.7259615384615384 0.28365384615384615 0.34134615384615385
0 0.5973557692307693 0.7644230769230769 0.30288461538461536 0.3317307692307692
0 0.8521634615384616 0.7932692307692307 0.2692307692307692 0.33413461538461536