0 0.07932692307692307 0.18990384615384615 0.15865384615384615 0.2403846153846154
0 0.27283653846153844 0.1346153846153846 0.28365384615384615 0.23798076923076922
0 0.5372596153846154 0.10576923076923077 0.3004807692307692 0.21153846153846154
0 0.12139423076923077 0.4723557692307692 0.24278846153846154 0.4206730769230769
0 0.33533653846153844 0.4206730769230769 0.33653846153846156 0.4326923076923077
0 0.5973557692307693 0.3762019230769231 0.34615384615384615 0.43990384615384615
0 0.8461538461538461 0.3329326923076923 0.3076923076923077 0.43028846153846156
0 0.17427884615384615 0.8197115384615384 0.29086538461538464 0.3581730769230769
0 0.4170673076923077 0.7644230769230769 0.3125 0.3629807692307692
0 0.6742788461538461 0.7211538461538461 0.3293269230769231 0.3557692307692308
0 0.8882211538461539 0.6694711538461539 0.22355769230769232 0.35336538461538464