0 0.07572115384615384 0.20673076923076922 0.15144230769230768 0.24519230769230768
0 0.25961538461538464 0.14302884615384615 0.28846153846153844 0.24519230769230768
0 0.5228365384615384 0.10697115384615384 0.30528846153846156 0.21394230769230768
0 0.125 0.48677884615384615 0.25 0.4254807692307692
0 0.3329326923076923 0.4266826923076923 0.3485576923076923 0.43990384615384615
0 0.59375 0.37259615384615385 0.3581730769230769 0.44471153846153844
0 0.8413461538461539 0.32091346153846156 0.3173076923076923 0.43509615384615385
0 0.18629807692307693 0.8245192307692307 0.3004807692307692 0.35096153846153844
0 0.4266826923076923 0.7668269230769231 0.32211538461538464 0.36778846153846156
0 0.6826923076923077 0.7151442307692307 0.33653846153846156 0.3629807692307692
0 0.8894230769230769 0.6550480769230769 0.22115384615384615 0.3581730769230769