0 0.19831730769230768 0.0733173076923077 0.25240384615384615 0.1466346153846154
0 0.43990384615384615 0.09615384615384616 0.28365384615384615 0.19230769230769232
0 0.7043269230769231 0.13701923076923078 0.3004807692307692 0.2548076923076923
0 0.14423076923076922 0.3112980769230769 0.28846153846153844 0.4206730769230769
0 0.38221153846153844 0.3605769230769231 0.33653846153846156 0.4326923076923077
0 0.6394230769230769 0.4266826923076923 0.34615384615384615 0.43990384615384615
0 0.8653846153846154 0.4891826923076923 0.2692307692307692 0.43028846153846156
0 0.109375 0.6598557692307693 0.21875 0.3581730769230769
0 0.3173076923076923 0.7079326923076923 0.3125 0.3629807692307692
0 0.5697115384615384 0.7728365384615384 0.3293269230769231 0.3557692307692308
0 0.8197115384615384 0.8257211538461539 0.2980769230769231 0.3485576923076923