0 0.13822115384615385 0.22235576923076922 0.2668269230769231 0.2548076923076923
0 0.41346153846153844 0.21394230769230768 0.27163461538461536 0.2620192307692308
0 0.6838942307692307 0.21153846153846154 0.27403846153846156 0.2644230769230769
0 0.9098557692307693 0.20432692307692307 0.17548076923076922 0.2668269230769231
0 0.046875 0.47115384615384615 0.09375 0.25
0 0.1814903846153846 0.4675480769230769 0.18269230769230768 0.25240384615384615
0 0.3641826923076923 0.4699519230769231 0.18509615384615385 0.25240384615384615
0 0.546875 0.4699519230769231 0.18269230769230768 0.24759615384615385
0 0.7271634615384616 0.46634615384615385 0.18509615384615385 0.2548076923076923
0 0.9086538461538461 0.46634615384615385 0.18269230769230768 0.25
0 0.12860576923076922 0.7223557692307693 0.2548076923076923 0.25721153846153844
0 0.39302884615384615 0.7235576923076923 0.27163461538461536 0.2548076923076923
0 0.6658653846153846 0.7223557692307693 0.2668269230769231 0.25240384615384615
0 0.8978365384615384 0.7163461538461539 0.20432692307692307 0.25