0 0.12620192307692307 0.2692307692307692 0.25240384615384615 0.28365384615384615
0 0.3786057692307692 0.22716346153846154 0.3004807692307692 0.29086538461538464
0 0.6466346153846154 0.19110576923076922 0.30288461538461536 0.2956730769230769
0 0.8701923076923077 0.15625 0.20673076923076922 0.2860576923076923
0 0.052884615384615384 0.5252403846153846 0.10576923076923077 0.25721153846153844
0 0.18028846153846154 0.5060096153846154 0.21153846153846154 0.27163461538461536
0 0.3605769230769231 0.48677884615384615 0.21394230769230768 0.27163461538461536
0 0.5420673076923077 0.4651442307692308 0.2091346153846154 0.2668269230769231
0 0.7211538461538461 0.4387019230769231 0.21394230769230768 0.27403846153846156
0 0.8978365384615384 0.41586538461538464 0.20432692307692307 0.2692307692307692
0 0.15865384615384615 0.7668269230769231 0.28365384615384615 0.28365384615384615
0 0.421875 0.734375 0.2980769230769231 0.28365384615384615
0 0.6923076923076923 0.6995192307692307 0.2932692307692308 0.28125
0 0.9026442307692307 0.6658653846153846 0.19471153846153846 0.27403846153846156