0 0.12259615384615384 0.30288461538461536 0.24519230769230768 0.30288461538461536
0 0.3557692307692308 0.23798076923076922 0.3173076923076923 0.31009615384615385
0 0.6201923076923077 0.18028846153846154 0.31971153846153844 0.3125
0 0.8389423076923077 0.13701923076923078 0.22596153846153846 0.27403846153846156
0 0.06009615384615385 0.5661057692307693 0.1201923076923077 0.2620192307692308
0 0.18269230769230768 0.5336538461538461 0.2283653846153846 0.28365384615384615
0 0.3605769230769231 0.4987980769230769 0.23076923076923078 0.28365384615384615
0 0.5396634615384616 0.46153846153846156 0.2283653846153846 0.27884615384615385
0 0.7151442307692307 0.41947115384615385 0.23317307692307693 0.2860576923076923
0 0.8882211538461539 0.38100961538461536 0.22355769230769232 0.28125
0 0.18269230769230768 0.7956730769230769 0.3004807692307692 0.30288461538461536
0 0.4423076923076923 0.7403846153846154 0.3173076923076923 0.30288461538461536
0 0.7091346153846154 0.6826923076923077 0.31009615384615385 0.3004807692307692
0 0.9050480769230769 0.6286057692307693 0.18990384615384615 0.2860576923076923