0 0.19471153846153846 0.3942307692307692 0.22355769230769232 0.15865384615384615
0 0.40024038461538464 0.4387019230769231 0.16346153846153846 0.10336538461538461
0 0.6033653846153846 0.47115384615384615 0.15144230769230768 0.13701923076923078
0 0.8173076923076923 0.5396634615384616 0.17307692307692307 0.11538461538461539
0 0.796875 0.6298076923076923 0.20673076923076922 0.14182692307692307
0 0.578125 0.5757211538461539 0.21634615384615385 0.14423076923076922
0 0.3737980769230769 0.53125 0.18028846153846154 0.125
0 0.1658653846153846 0.5036057692307693 0.22115384615384615 0.1466346153846154
0 0.12259615384615384 0.5949519230769231 0.18269230769230768 0.125
0 0.09735576923076923 0.6850961538461539 0.18269230769230768 0.125
0 0.3233173076923077 0.7151442307692307 0.24519230769230768 0.17548076923076922
0 0.5384615384615384 0.7764423076923077 0.21634615384615385 0.13942307692307693
0 0.5588942307692307 0.6754807692307693 0.21634615384615385 0.13942307692307693
0 0.7728365384615384 0.7247596153846154 0.21153846153846154 0.13701923076923078
0 0.7524038461538461 0.8233173076923077 0.20673076923076922 0.14182692307692307
0 0.35096153846153844 0.6129807692307693 0.18028846153846154 0.11778846153846154