0 0.17668269230769232 0.4879807692307692 0.21394230769230768 0.1346153846153846
0 0.3858173076923077 0.4699519230769231 0.15625 0.08653846153846154
0 0.5901442307692307 0.4423076923076923 0.13942307692307693 0.125
0 0.8149038461538461 0.44471153846153844 0.1658653846153846 0.0985576923076923
0 0.8221153846153846 0.5372596153846154 0.19951923076923078 0.12259615384615384
0 0.5973557692307693 0.5492788461538461 0.2091346153846154 0.12259615384615384
0 0.38822115384615385 0.5661057692307693 0.17307692307692307 0.10576923076923077
0 0.1814903846153846 0.6009615384615384 0.21394230769230768 0.12259615384615384
0 0.16706730769230768 0.7019230769230769 0.17307692307692307 0.10817307692307693
0 0.16826923076923078 0.7944711538461539 0.17548076923076922 0.10576923076923077
0 0.39302884615384615 0.7584134615384616 0.23317307692307693 0.15144230769230768
0 0.6177884615384616 0.7524038461538461 0.20673076923076922 0.11778846153846154
0 0.6069711538461539 0.6514423076923077 0.20673076923076922 0.11778846153846154
0 0.8269230769230769 0.6358173076923077 0.20192307692307693 0.11538461538461539
0 0.8353365384615384 0.7355769230769231 0.19951923076923078 0.12259615384615384
0 0.390625 0.6514423076923077 0.17307692307692307 0.0985576923076923