0 0.8617788461538461 0.15504807692307693 0.16826923076923078 0.17307692307692307
0 0.8978365384615384 0.2980769230769231 0.16346153846153846 0.17067307692307693
0 0.765625 0.32572115384615385 0.16346153846153846 0.18028846153846154
0 0.9266826923076923 0.43509615384615385 0.1466346153846154 0.16826923076923078
0 0.8004807692307693 0.4675480769230769 0.17307692307692307 0.18028846153846154
0 0.65625 0.49399038461538464 0.17067307692307693 0.17548076923076922
0 0.5552884615384616 0.6670673076923077 0.17067307692307693 0.17067307692307693
0 0.9399038461538461 0.5709134615384616 0.1201923076923077 0.17067307692307693
0 0.8305288461538461 0.6033653846153846 0.16826923076923078 0.16826923076923078
0 0.6923076923076923 0.6358173076923077 0.1658653846153846 0.16826923076923078
0 0.9579326923076923 0.7043269230769231 0.08413461538461539 0.16346153846153846
0 0.8653846153846154 0.734375 0.16346153846153846 0.16346153846153846
0 0.7259615384615384 0.7644230769230769 0.1658653846153846 0.1658653846153846
0 0.59375 0.796875 0.1658653846153846 0.16346153846153846
0 0.45913461538461536 0.8293269230769231 0.1658653846153846 0.16105769230769232
0 0.32211538461538464 0.8557692307692307 0.17067307692307693 0.16826923076923078
0 0.1875 0.8870192307692307 0.17067307692307693 0.17307692307692307
0 0.9699519230769231 0.828125 0.06009615384615385 0.15144230769230768
0 0.8882211538461539 0.8569711538461539 0.16105769230769232 0.14903846153846154
0 0.7560096153846154 0.8894230769230769 0.16346153846153846 0.15144230769230768
0 0.6237980769230769 0.921875 0.16105769230769232 0.14903846153846154
0 0.4891826923076923 0.9375 0.16105769230769232 0.125
0 0.3557692307692308 0.9543269230769231 0.16346153846153846 0.09134615384615384
0 0.21875 0.9675480769230769 0.16826923076923078 0.06490384615384616