0 0.90625 0.2091346153846154 0.15144230769230768 0.15625
0 0.921875 0.3557692307692308 0.1466346153846154 0.15625
0 0.7872596153846154 0.3641826923076923 0.14423076923076922 0.1658653846153846
0 0.9338942307692307 0.4951923076923077 0.13221153846153846 0.15384615384615385
0 0.8028846153846154 0.5096153846153846 0.15384615384615385 0.16346153846153846
0 0.65625 0.515625 0.15384615384615385 0.15865384615384615
0 0.5324519230769231 0.6730769230769231 0.15384615384615385 0.15384615384615385
0 0.9375 0.6334134615384616 0.125 0.15625
0 0.8137019230769231 0.6490384615384616 0.15144230769230768 0.15144230769230768
0 0.6706730769230769 0.6610576923076923 0.14903846153846154 0.15384615384615385
0 0.9447115384615384 0.7704326923076923 0.11057692307692307 0.1466346153846154
0 0.8293269230769231 0.7824519230769231 0.14903846153846154 0.14903846153846154
0 0.6875 0.7932692307692307 0.15144230769230768 0.14903846153846154
0 0.5516826923076923 0.8064903846153846 0.15144230769230768 0.1466346153846154
0 0.41346153846153844 0.8197115384615384 0.15144230769230768 0.14423076923076922
0 0.27403846153846156 0.8269230769230769 0.15384615384615385 0.15144230769230768
0 0.13581730769230768 0.8389423076923077 0.15384615384615385 0.15625
0 0.9483173076923077 0.8978365384615384 0.10336538461538461 0.13701923076923078
0 0.8353365384615384 0.9074519230769231 0.1466346153846154 0.13221153846153846
0 0.6995192307692307 0.921875 0.14903846153846154 0.1346153846153846
0 0.5637019230769231 0.9338942307692307 0.1466346153846154 0.13221153846153846
0 0.4266826923076923 0.9387019230769231 0.1466346153846154 0.12259615384615384
0 0.29086538461538464 0.9471153846153846 0.14903846153846154 0.10576923076923077
0 0.14903846153846154 0.9495192307692307 0.15384615384615385 0.10096153846153846