0 0.4411057692307692 0.18990384615384615 0.1875 0.24759615384615385
0 0.16105769230769232 0.4423076923076923 0.18509615384615385 0.23798076923076922
0 0.7848557692307693 0.3786057692307692 0.18028846153846154 0.23557692307692307
0 0.625 0.390625 0.18509615384615385 0.23798076923076922
0 0.3125 0.40625 0.1875 0.24278846153846154
0 0.47115384615384615 0.4170673076923077 0.18509615384615385 0.24278846153846154
0 0.06370192307692307 0.671875 0.1201923076923077 0.24278846153846154
0 0.18990384615384615 0.6646634615384616 0.1875 0.24519230769230768
0 0.3449519230769231 0.6298076923076923 0.18509615384615385 0.24519230769230768
0 0.5 0.6370192307692307 0.18269230769230768 0.23798076923076922
0 0.6538461538461539 0.6141826923076923 0.18028846153846154 0.2403846153846154
0 0.8076923076923077 0.6033653846153846 0.18269230769230768 0.24278846153846154
0 0.0889423076923077 0.8737980769230769 0.11538461538461539 0.18509615384615385
0 0.2127403846153846 0.859375 0.1778846153846154 0.1875
0 0.36899038461538464 0.8317307692307693 0.18269230769230768 0.20673076923076922
0 0.9338942307692307 0.5901442307692307 0.13221153846153846 0.24278846153846154
0 0.5240384615384616 0.8293269230769231 0.17307692307692307 0.18028846153846154
0 0.6766826923076923 0.8100961538461539 0.17307692307692307 0.18028846153846154
0 0.9483173076923077 0.78125 0.10336538461538461 0.16826923076923078
0 0.8293269230769231 0.7944711538461539 0.17307692307692307 0.17307692307692307