0 0.46875 0.18629807692307693 0.16826923076923078 0.23557692307692307
0 0.16706730769230768 0.41346153846153844 0.1658653846153846 0.22596153846153846
0 0.7944711538461539 0.40384615384615385 0.16105769230769232 0.22355769230769232
0 0.6334134615384616 0.4014423076923077 0.1658653846153846 0.22596153846153846
0 0.32211538461538464 0.390625 0.16826923076923078 0.23076923076923078
0 0.4795673076923077 0.41586538461538464 0.1658653846153846 0.23076923076923078
0 0.05048076923076923 0.6334134615384616 0.0985576923076923 0.23557692307692307
0 0.17668269230769232 0.6370192307692307 0.16826923076923078 0.23317307692307693
0 0.33413461538461536 0.6153846153846154 0.1658653846153846 0.23317307692307693
0 0.4879807692307692 0.6358173076923077 0.16346153846153846 0.22596153846153846
0 0.6430288461538461 0.6274038461538461 0.16105769230769232 0.2283653846153846
0 0.7980769230769231 0.6298076923076923 0.16346153846153846 0.23076923076923078
0 0.05889423076923077 0.8365384615384616 0.10096153846153846 0.1778846153846154
0 0.18269230769230768 0.8329326923076923 0.16346153846153846 0.17307692307692307
0 0.3401442307692308 0.8197115384615384 0.16826923076923078 0.19230769230769232
0 0.9338942307692307 0.6286057692307693 0.13221153846153846 0.23317307692307693
0 0.4963942307692308 0.8293269230769231 0.15865384615384615 0.16826923076923078
0 0.6478365384615384 0.8245192307692307 0.15865384615384615 0.16826923076923078
0 0.9387019230769231 0.8197115384615384 0.12259615384615384 0.15865384615384615
0 0.8028846153846154 0.8221153846153846 0.16105769230769232 0.16105769230769232