0 0.21033653846153846 0.10697115384615384 0.28125 0.21394230769230768
0 0.16706730769230768 0.2800480769230769 0.2860576923076923 0.2403846153846154
0 0.4206730769230769 0.34134615384615385 0.30528846153846156 0.24759615384615385
0 0.6923076923076923 0.4170673076923077 0.30528846153846156 0.2403846153846154
0 0.13221153846153846 0.4567307692307692 0.2644230769230769 0.2403846153846154
0 0.38100961538461536 0.5144230769230769 0.30288461538461536 0.2403846153846154
0 0.6382211538461539 0.5889423076923077 0.30528846153846156 0.23557692307692307
0 0.11057692307692307 0.6298076923076923 0.22115384615384615 0.23557692307692307
0 0.33052884615384615 0.6838942307692307 0.31490384615384615 0.24519230769230768
0 0.5913461538461539 0.7608173076923077 0.29086538461538464 0.23557692307692307
0 0.8269230769230769 0.8185096153846154 0.24759615384615385 0.22115384615384615
0 0.8701923076923077 0.6418269230769231 0.25240384615384615 0.2283653846153846
0 0.09375 0.7776442307692307 0.1875 0.18028846153846154
0 0.30649038461538464 0.8389423076923077 0.2860576923076923 0.18509615384615385
0 0.5552884615384616 0.9038461538461539 0.2764423076923077 0.17307692307692307
0 0.7896634615384616 0.9387019230769231 0.23317307692307693 0.12259615384615384