0 0.11778846153846154 0.18990384615384615 0.23557692307692307 0.19230769230769232
0 0.12259615384615384 0.3786057692307692 0.24519230769230768 0.19471153846153846
0 0.3798076923076923 0.36899038461538464 0.27403846153846156 0.1971153846153846
0 0.6610576923076923 0.36658653846153844 0.2764423076923077 0.18990384615384615
0 0.12620192307692307 0.5612980769230769 0.25240384615384615 0.19471153846153846
0 0.3894230769230769 0.546875 0.27403846153846156 0.18990384615384615
0 0.65625 0.546875 0.2764423076923077 0.18509615384615385
0 0.13221153846153846 0.7403846153846154 0.2548076923076923 0.18990384615384615
0 0.3870192307692308 0.7235576923076923 0.2860576923076923 0.19230769230769232
0 0.6598557692307693 0.7247596153846154 0.2620192307692308 0.18990384615384615
0 0.8966346153846154 0.7139423076923077 0.20673076923076922 0.18269230769230768
0 0.8918269230769231 0.5348557692307693 0.21634615384615385 0.18990384615384615
0 0.14182692307692307 0.8918269230769231 0.2620192307692308 0.13221153846153846
0 0.4074519230769231 0.8798076923076923 0.2692307692307692 0.1346153846153846
0 0.6646634615384616 0.8725961538461539 0.2620192307692308 0.125
0 0.8990384615384616 0.8629807692307693 0.20192307692307693 0.125