0 0.16706730769230768 0.4266826923076923 0.21634615384615385 0.23798076923076922
0 0.1141826923076923 0.6177884615384616 0.21875 0.2403846153846154
0 0.3870192307692308 0.28846153846153844 0.21153846153846154 0.23317307692307693
0 0.3317307692307692 0.4735576923076923 0.21394230769230768 0.23317307692307693
0 0.2848557692307692 0.6598557692307693 0.21394230769230768 0.23557692307692307
0 0.5480769230769231 0.33413461538461536 0.2091346153846154 0.22596153846153846
0 0.4987980769230769 0.5168269230769231 0.2091346153846154 0.23317307692307693
0 0.4483173076923077 0.7007211538461539 0.21153846153846154 0.23076923076923078
0 0.7079326923076923 0.37740384615384615 0.20192307692307693 0.22596153846153846
0 0.6622596153846154 0.5625 0.20432692307692307 0.2283653846153846
0 0.6165865384615384 0.7451923076923077 0.2091346153846154 0.23557692307692307