0 0.16105769230769232 0.46274038461538464 0.19951923076923078 0.22355769230769232
0 0.12860576923076922 0.6574519230769231 0.19951923076923078 0.2283653846153846
0 0.36658653846153844 0.3016826923076923 0.19471153846153846 0.22115384615384615
0 0.3293269230769231 0.49158653846153844 0.1971153846153846 0.22115384615384615
0 0.30288461538461536 0.6814903846153846 0.1971153846153846 0.22355769230769232
0 0.5300480769230769 0.3293269230769231 0.19471153846153846 0.21394230769230768
0 0.5012019230769231 0.5168269230769231 0.19230769230769232 0.22115384615384615
0 0.4699519230769231 0.7043269230769231 0.19471153846153846 0.21875
0 0.6947115384615384 0.35697115384615385 0.1875 0.21394230769230768
0 0.6682692307692307 0.5444711538461539 0.18990384615384615 0.21394230769230768
0 0.640625 0.7319711538461539 0.19230769230769232 0.22355769230769232