0 0.1658653846153846 0.4326923076923077 0.21394230769230768 0.23557692307692307
0 0.11538461538461539 0.625 0.21394230769230768 0.2403846153846154
0 0.38341346153846156 0.28966346153846156 0.2091346153846154 0.23076923076923078
0 0.3317307692307692 0.47596153846153844 0.21153846153846154 0.23076923076923078
0 0.28846153846153844 0.6634615384615384 0.21153846153846154 0.23317307692307693
0 0.5456730769230769 0.3329326923076923 0.20673076923076922 0.22355769230769232
0 0.5 0.5168269230769231 0.20673076923076922 0.23076923076923078
0 0.4519230769230769 0.7007211538461539 0.2091346153846154 0.2283653846153846
0 0.7055288461538461 0.3737980769230769 0.19951923076923078 0.22596153846153846
0 0.6634615384615384 0.5588942307692307 0.20192307692307693 0.22596153846153846
0 0.6201923076923077 0.7427884615384616 0.20673076923076922 0.23317307692307693