0 0.1622596153846154 0.5396634615384616 0.18509615384615385 0.21153846153846154
0 0.17307692307692307 0.7367788461538461 0.18509615384615385 0.21634615384615385
0 0.3245192307692308 0.33653846153846156 0.18028846153846154 0.2091346153846154
0 0.3317307692307692 0.5300480769230769 0.18269230769230768 0.2091346153846154
0 0.34975961538461536 0.7211538461538461 0.18269230769230768 0.21153846153846154
0 0.49158653846153844 0.3269230769230769 0.1778846153846154 0.20192307692307693
0 0.5048076923076923 0.5168269230769231 0.1778846153846154 0.2091346153846154
0 0.5168269230769231 0.7055288461538461 0.1778846153846154 0.20673076923076922
0 0.6574519230769231 0.3173076923076923 0.17067307692307693 0.20192307692307693
0 0.6742788461538461 0.5060096153846154 0.17307692307692307 0.20192307692307693
0 0.6899038461538461 0.6935096153846154 0.1778846153846154 0.21153846153846154