0 0.15985576923076922 0.49158653846153844 0.18509615384615385 0.21153846153846154
0 0.14302884615384615 0.6899038461538461 0.18509615384615385 0.21634615384615385
0 0.34975961538461536 0.3137019230769231 0.18028846153846154 0.2091346153846154
0 0.3293269230769231 0.5060096153846154 0.18269230769230768 0.2091346153846154
0 0.31971153846153844 0.6983173076923077 0.18269230769230768 0.21153846153846154
0 0.515625 0.328125 0.1778846153846154 0.20192307692307693
0 0.5024038461538461 0.5168269230769231 0.1778846153846154 0.2091346153846154
0 0.4879807692307692 0.7067307692307693 0.1778846153846154 0.20673076923076922
0 0.6814903846153846 0.3401442307692308 0.17067307692307693 0.20192307692307693
0 0.671875 0.5300480769230769 0.17307692307692307 0.20192307692307693
0 0.6610576923076923 0.71875 0.1778846153846154 0.21153846153846154