0 0.08413461538461539 0.25 0.16826923076923078 0.15865384615384615
0 0.09375 0.15264423076923078 0.1875 0.06490384615384616
0 0.27524038461538464 0.22716346153846154 0.1346153846153846 0.28125
0 0.15625 0.078125 0.2980769230769231 0.11778846153846154
0 0.47475961538461536 0.07091346153846154 0.31490384615384615 0.14182692307692307
0 0.7884615384615384 0.051682692307692304 0.3125 0.10336538461538461
0 0.5084134615384616 0.27163461538461536 0.34134615384615385 0.34134615384615385
0 0.8149038461538461 0.23076923076923078 0.3485576923076923 0.3389423076923077
0 0.09254807692307693 0.3918269230769231 0.18509615384615385 0.15865384615384615
0 0.28365384615384615 0.45913461538461536 0.20192307692307693 0.20673076923076922
0 0.10697115384615384 0.6129807692307693 0.21394230769230768 0.32211538461538464
0 0.296875 0.6514423076923077 0.20432692307692307 0.22596153846153846
0 0.4963942307692308 0.5853365384615384 0.24519230769230768 0.33653846153846156
0 0.7259615384615384 0.5564903846153846 0.28365384615384615 0.33413461538461536
0 0.9158653846153846 0.46875 0.16826923076923078 0.21634615384615385
0 0.1814903846153846 0.8509615384615384 0.31009615384615385 0.2091346153846154
0 0.5132211538461539 0.8233173076923077 0.3918269230769231 0.20673076923076922
0 0.8100961538461539 0.7908653846153846 0.23798076923076922 0.19951923076923078
0 0.9459134615384616 0.7163461538461539 0.10817307692307693 0.30288461538461536