0 0.07091346153846154 0.32211538461538464 0.14182692307692307 0.18269230769230768
0 0.06971153846153846 0.2247596153846154 0.13942307692307693 0.0985576923076923
0 0.23557692307692307 0.265625 0.17307692307692307 0.29086538461538464
0 0.12259615384615384 0.13581730769230768 0.24519230769230768 0.16105769230769232
0 0.4074519230769231 0.08653846153846154 0.3245192307692308 0.17307692307692307
0 0.7115384615384616 0.042067307692307696 0.32211538461538464 0.08413461538461539
0 0.4723557692307692 0.27283653846153844 0.3798076923076923 0.3798076923076923
0 0.7680288461538461 0.1875 0.3870192307692308 0.375
0 0.09014423076923077 0.4579326923076923 0.18028846153846154 0.18509615384615385
0 0.2800480769230769 0.49278846153846156 0.22596153846153846 0.2283653846153846
0 0.12860576923076922 0.6730769230769231 0.25721153846153844 0.34134615384615385
0 0.3233173076923077 0.6814903846153846 0.23076923076923078 0.25
0 0.5096153846153846 0.5841346153846154 0.28846153846153844 0.3605769230769231
0 0.7319711538461539 0.5204326923076923 0.3245192307692308 0.36538461538461536
0 0.9038461538461539 0.40384615384615385 0.19230769230769232 0.23557692307692307
0 0.23918269230769232 0.8858173076923077 0.3293269230769231 0.2283653846153846
0 0.5637019230769231 0.8173076923076923 0.40865384615384615 0.25961538461538464
0 0.8509615384615384 0.7391826923076923 0.25961538461538464 0.2283653846153846
0 0.9495192307692307 0.640625 0.10096153846153846 0.31490384615384615