0 0.12379807692307693 0.5048076923076923 0.18509615384615385 0.1658653846153846
0 0.3293269230769231 0.5444711538461539 0.20673076923076922 0.18028846153846154
0 0.14423076923076922 0.6286057692307693 0.19230769230769232 0.16826923076923078
0 0.33413461538461536 0.6694711538461539 0.20673076923076922 0.18028846153846154
0 0.1502403846153846 0.7475961538461539 0.18990384615384615 0.17307692307692307
0 0.3389423076923077 0.7944711538461539 0.19951923076923078 0.1778846153846154
0 0.6334134615384616 0.18389423076923078 0.25 0.1875
0 0.6334134615384616 0.3233173076923077 0.23557692307692307 0.18269230769230768
0 0.6430288461538461 0.4651442307692308 0.24278846153846154 0.1875
0 0.6526442307692307 0.5997596153846154 0.24278846153846154 0.19471153846153846
0 0.6646634615384616 0.7379807692307693 0.24519230769230768 0.19471153846153846
0 0.8762019230769231 0.20192307692307693 0.23317307692307693 0.19230769230769232
0 0.8798076923076923 0.35697115384615385 0.23076923076923078 0.18028846153846154
0 0.8858173076923077 0.49759615384615385 0.2283653846153846 0.19230769230769232
0 0.8894230769230769 0.6454326923076923 0.22115384615384615 0.19471153846153846
0 0.890625 0.7848557692307693 0.21875 0.20432692307692307