0 0.13341346153846154 0.41346153846153844 0.2091346153846154 0.19230769230769232
0 0.3233173076923077 0.5024038461538461 0.23317307692307693 0.21153846153846154
0 0.12259615384615384 0.5396634615384616 0.21634615384615385 0.1971153846153846
0 0.2980769230769231 0.6237980769230769 0.23317307692307693 0.21153846153846154
0 0.1045673076923077 0.65625 0.2091346153846154 0.20192307692307693
0 0.27283653846153844 0.7463942307692307 0.22596153846153846 0.20673076923076922
0 0.7055288461538461 0.22596153846153846 0.27403846153846156 0.22596153846153846
0 0.671875 0.3605769230769231 0.2620192307692308 0.21875
0 0.6478365384615384 0.5 0.2668269230769231 0.22596153846153846
0 0.6237980769230769 0.6334134615384616 0.2692307692307692 0.23317307692307693
0 0.6021634615384616 0.7716346153846154 0.27163461538461536 0.23317307692307693
0 0.9026442307692307 0.3016826923076923 0.19471153846153846 0.2283653846153846
0 0.8870192307692307 0.4519230769230769 0.22596153846153846 0.21634615384615385
0 0.8737980769230769 0.5901442307692307 0.25240384615384615 0.2283653846153846
0 0.8461538461538461 0.7355769230769231 0.25240384615384615 0.2283653846153846
0 0.8173076923076923 0.8725961538461539 0.25961538461538464 0.2403846153846154