0 0.12379807692307693 0.5180288461538461 0.18990384615384615 0.17067307692307693
0 0.3317307692307692 0.5504807692307693 0.21394230769230768 0.1875
0 0.14783653846153846 0.6418269230769231 0.1971153846153846 0.17307692307692307
0 0.3401442307692308 0.6754807692307693 0.21394230769230768 0.1875
0 0.15865384615384615 0.7596153846153846 0.1971153846153846 0.1778846153846154
0 0.34975961538461536 0.7992788461538461 0.20673076923076922 0.18269230769230768
0 0.6225961538461539 0.17908653846153846 0.2548076923076923 0.1971153846153846
0 0.6274038461538461 0.31850961538461536 0.24278846153846154 0.19230769230769232
0 0.6418269230769231 0.46033653846153844 0.24759615384615385 0.1971153846153846
0 0.65625 0.59375 0.24759615384615385 0.20432692307692307
0 0.6730769230769231 0.7319711538461539 0.25 0.20432692307692307
0 0.8653846153846154 0.18870192307692307 0.23798076923076922 0.19951923076923078
0 0.875 0.34375 0.23798076923076922 0.1875
0 0.8846153846153846 0.484375 0.23076923076923078 0.19951923076923078
0 0.890625 0.6298076923076923 0.21875 0.20192307692307693
0 0.8954326923076923 0.7692307692307693 0.2091346153846154 0.21153846153846154