0 0.12379807692307693 0.4855769230769231 0.18269230769230768 0.16105769230769232
0 0.3269230769230769 0.5348557692307693 0.20432692307692307 0.17548076923076922
0 0.13701923076923078 0.6105769230769231 0.18990384615384615 0.16346153846153846
0 0.32572115384615385 0.6598557692307693 0.20432692307692307 0.17548076923076922
0 0.13822115384615385 0.7295673076923077 0.1875 0.16826923076923078
0 0.3245192307692308 0.7848557692307693 0.1971153846153846 0.17307692307692307
0 0.6502403846153846 0.19110576923076922 0.24519230769230768 0.18509615384615385
0 0.6418269230769231 0.33052884615384615 0.23317307692307693 0.18028846153846154
0 0.6442307692307693 0.4723557692307692 0.23798076923076922 0.18509615384615385
0 0.6466346153846154 0.6069711538461539 0.23798076923076922 0.19230769230769232
0 0.6514423076923077 0.7463942307692307 0.2403846153846154 0.19230769230769232
0 0.8882211538461539 0.22235576923076922 0.22355769230769232 0.18990384615384615
0 0.8858173076923077 0.37740384615384615 0.2283653846153846 0.1778846153846154
0 0.8870192307692307 0.5180288461538461 0.22596153846153846 0.18990384615384615
0 0.8846153846153846 0.6658653846153846 0.22115384615384615 0.19230769230769232
0 0.8834134615384616 0.8052884615384616 0.22596153846153846 0.20192307692307693