0 0.6850961538461539 0.19831730769230768 0.1778846153846154 0.16346153846153846
0 0.59375 0.34975961538461536 0.1778846153846154 0.16105769230769232
0 0.4182692307692308 0.3473557692307692 0.1778846153846154 0.16346153846153846
0 0.5120192307692307 0.19110576923076922 0.1778846153846154 0.15384615384615385
0 0.33413461538461536 0.19230769230769232 0.18028846153846154 0.16105769230769232
0 0.24278846153846154 0.34375 0.18269230769230768 0.15865384615384615
0 0.23918269230769232 0.49759615384615385 0.1778846153846154 0.15144230769230768
0 0.41346153846153844 0.5 0.17548076923076922 0.15865384615384615
0 0.7608173076923077 0.6646634615384616 0.17548076923076922 0.15144230769230768
0 0.7716346153846154 0.3545673076923077 0.18269230769230768 0.15865384615384615
0 0.7644230769230769 0.5108173076923077 0.18028846153846154 0.15625
0 0.5901442307692307 0.5072115384615384 0.17548076923076922 0.15625
0 0.5841346153846154 0.6574519230769231 0.18269230769230768 0.15384615384615385
0 0.40865384615384615 0.6526442307692307 0.1778846153846154 0.14903846153846154
0 0.234375 0.6466346153846154 0.1778846153846154 0.14903846153846154