0 0.7115384615384616 0.21514423076923078 0.19230769230769232 0.1778846153846154
0 0.6069711538461539 0.359375 0.18990384615384615 0.17548076923076922
0 0.4326923076923077 0.3401442307692308 0.19230769230769232 0.1778846153846154
0 0.5396634615384616 0.1935096153846154 0.18990384615384615 0.16826923076923078
0 0.36177884615384615 0.17908653846153846 0.19230769230769232 0.17548076923076922
0 0.25721153846153844 0.32211538461538464 0.19471153846153846 0.17307692307692307
0 0.2403846153846154 0.47475961538461536 0.18990384615384615 0.1658653846153846
0 0.41346153846153844 0.49158653846153844 0.1875 0.17307692307692307
0 0.7451923076923077 0.6862980769230769 0.1875 0.1658653846153846
0 0.7836538461538461 0.3786057692307692 0.19471153846153846 0.17307692307692307
0 0.7620192307692307 0.5336538461538461 0.19230769230769232 0.17067307692307693
0 0.5889423076923077 0.515625 0.1875 0.17067307692307693
0 0.5697115384615384 0.6646634615384616 0.19471153846153846 0.16826923076923078
0 0.3954326923076923 0.6442307692307693 0.18990384615384615 0.16346153846153846
0 0.22235576923076922 0.6225961538461539 0.18990384615384615 0.16346153846153846