0 0.7007211538461539 0.20793269230769232 0.18509615384615385 0.17307692307692307
0 0.6021634615384616 0.3557692307692308 0.18509615384615385 0.17067307692307693
0 0.4266826923076923 0.3425480769230769 0.18509615384615385 0.17307692307692307
0 0.5288461538461539 0.19230769230769232 0.18509615384615385 0.16346153846153846
0 0.35096153846153844 0.18389423076923078 0.1875 0.17067307692307693
0 0.2512019230769231 0.33052884615384615 0.18990384615384615 0.16826923076923078
0 0.23918269230769232 0.484375 0.18509615384615385 0.16105769230769232
0 0.41346153846153844 0.4951923076923077 0.18269230769230768 0.16826923076923078
0 0.7512019230769231 0.6778846153846154 0.18269230769230768 0.16105769230769232
0 0.7788461538461539 0.36899038461538464 0.18990384615384615 0.16826923076923078
0 0.7632211538461539 0.5240384615384616 0.1875 0.1658653846153846
0 0.5889423076923077 0.5120192307692307 0.18269230769230768 0.1658653846153846
0 0.5757211538461539 0.6622596153846154 0.18990384615384615 0.16346153846153846
0 0.40024038461538464 0.6478365384615384 0.18509615384615385 0.15865384615384615
0 0.22716346153846154 0.6322115384615384 0.18509615384615385 0.15865384615384615