0 0.8497596153846154 0.7019230769230769 0.09134615384615384 0.08413461538461539
0 0.7175480769230769 0.8197115384615384 0.31009615384615385 0.2644230769230769
0 0.6502403846153846 0.5120192307692307 0.09134615384615384 0.0625
0 0.6754807692307693 0.6286057692307693 0.17307692307692307 0.18028846153846154
0 0.5168269230769231 0.5625 0.1778846153846154 0.18269230769230768
0 0.5132211538461539 0.44350961538461536 0.125 0.08653846153846154
0 0.5240384615384616 0.3401442307692308 0.0985576923076923 0.12980769230769232
0 0.4098557692307692 0.4206730769230769 0.11057692307692307 0.13221153846153846
0 0.3641826923076923 0.5576923076923077 0.15144230769230768 0.17548076923076922
0 0.23557692307692307 0.5721153846153846 0.12740384615384615 0.09375
0 0.2536057692307692 0.5072115384615384 0.08653846153846154 0.06009615384615385
0 0.3245192307692308 0.7572115384615384 0.18269230769230768 0.23557692307692307
0 0.6298076923076923 0.45072115384615385 0.06971153846153846 0.0673076923076923
0 0.1778846153846154 0.7307692307692307 0.20673076923076922 0.2668269230769231
0 0.4951923076923077 0.7596153846153846 0.1875 0.2620192307692308