0 0.8185096153846154 0.7487980769230769 0.0985576923076923 0.09375
0 0.6706730769230769 0.8473557692307693 0.33413461538461536 0.2956730769230769
0 0.6466346153846154 0.5336538461538461 0.09615384615384616 0.07451923076923077
0 0.65625 0.6514423076923077 0.18990384615384615 0.1971153846153846
0 0.5072115384615384 0.5637019230769231 0.19471153846153846 0.19951923076923078
0 0.5204326923076923 0.44591346153846156 0.13221153846153846 0.10096153846153846
0 0.546875 0.34615384615384615 0.11298076923076923 0.13701923076923078
0 0.421875 0.4098557692307692 0.125 0.14182692307692307
0 0.3581730769230769 0.5372596153846154 0.16826923076923078 0.18990384615384615
0 0.2283653846153846 0.5336538461538461 0.1346153846153846 0.10817307692307693
0 0.2548076923076923 0.4723557692307692 0.09134615384615384 0.06971153846153846
0 0.29086538461538464 0.7295673076923077 0.20673076923076922 0.25240384615384615
0 0.6358173076923077 0.46875 0.07692307692307693 0.07451923076923077
0 0.14903846153846154 0.6838942307692307 0.23557692307692307 0.2860576923076923
0 0.45913461538461536 0.7560096153846154 0.21634615384615385 0.27884615384615385