0 0.8461538461538461 0.7079326923076923 0.09134615384615384 0.08413461538461539
0 0.7115384615384616 0.8233173076923077 0.3125 0.2668269230769231
0 0.6490384615384616 0.5144230769230769 0.09375 0.06490384615384616
0 0.6730769230769231 0.6310096153846154 0.17548076923076922 0.18269230769230768
0 0.515625 0.5625 0.18028846153846154 0.18509615384615385
0 0.5144230769230769 0.44350961538461536 0.12740384615384615 0.0889423076923077
0 0.5276442307692307 0.34134615384615385 0.10096153846153846 0.12980769230769232
0 0.41225961538461536 0.41947115384615385 0.11298076923076923 0.13221153846153846
0 0.3641826923076923 0.5552884615384616 0.15384615384615385 0.1778846153846154
0 0.234375 0.5673076923076923 0.12740384615384615 0.09375
0 0.2536057692307692 0.5024038461538461 0.0889423076923077 0.0625
0 0.31971153846153844 0.7536057692307693 0.18509615384615385 0.23798076923076922
0 0.6310096153846154 0.453125 0.06971153846153846 0.0673076923076923
0 0.17307692307692307 0.7247596153846154 0.21153846153846154 0.2692307692307692
0 0.49038461538461536 0.7596153846153846 0.19230769230769232 0.2644230769230769