0 0.6995192307692307 0.1875 0.15865384615384615 0.12740384615384615
0 0.47716346153846156 0.16826923076923078 0.15625 0.1201923076923077
0 0.48677884615384615 0.3076923076923077 0.24278846153846154 0.21153846153846154
0 0.5408653846153846 0.5204326923076923 0.2980769230769231 0.3076923076923077
0 0.7716346153846154 0.30528846153846156 0.19230769230769232 0.21153846153846154
0 0.8185096153846154 0.4951923076923077 0.16826923076923078 0.28125
0 0.4254807692307692 0.7415865384615384 0.14423076923076922 0.23317307692307693
0 0.7668269230769231 0.7379807692307693 0.18269230769230768 0.2403846153846154
0 0.17548076923076922 0.1346153846153846 0.16346153846153846 0.1201923076923077
0 0.15384615384615385 0.31971153846153844 0.2692307692307692 0.28846153846153844
0 0.2800480769230769 0.7259615384615384 0.2860576923076923 0.25721153846153844
0 0.25600961538461536 0.5408653846153846 0.27403846153846156 0.2932692307692308