0 0.7788461538461539 0.2548076923076923 0.15144230769230768 0.11778846153846154
0 0.5697115384615384 0.17548076923076922 0.15144230769230768 0.11057692307692307
0 0.5408653846153846 0.3125 0.23317307692307693 0.1971153846153846
0 0.5324519230769231 0.53125 0.28125 0.29086538461538464
0 0.8149038461538461 0.38822115384615385 0.18028846153846154 0.20432692307692307
0 0.8076923076923077 0.5829326923076923 0.15144230769230768 0.2764423076923077
0 0.36177884615384615 0.7115384615384616 0.12980769230769232 0.2283653846153846
0 0.6911057692307693 0.8016826923076923 0.16826923076923078 0.23317307692307693
0 0.28846153846153844 0.06009615384615385 0.15865384615384615 0.11057692307692307
0 0.21634615384615385 0.23076923076923078 0.25240384615384615 0.27403846153846156
0 0.22596153846153846 0.65625 0.27403846153846156 0.2403846153846154
0 0.2536057692307692 0.47115384615384615 0.25961538461538464 0.28125