0 0.41346153846153844 0.21394230769230768 0.0625 0.06009615384615385
0 0.4254807692307692 0.2848557692307692 0.11057692307692307 0.11298076923076923
0 0.546875 0.25721153846153844 0.12259615384615384 0.12259615384615384
0 0.29086538461538464 0.3076923076923077 0.09615384615384616 0.10817307692307693
0 0.3245192307692308 0.4098557692307692 0.17548076923076922 0.14182692307692307
0 0.4543269230769231 0.40024038461538464 0.11778846153846154 0.15144230769230768
0 0.3485576923076923 0.5252403846153846 0.17067307692307693 0.13942307692307693
0 0.4879807692307692 0.5336538461538461 0.11298076923076923 0.14903846153846154
0 0.49158653846153844 0.6586538461538461 0.17548076923076922 0.13701923076923078
0 0.5180288461538461 0.7680288461538461 0.17067307692307693 0.13701923076923078
0 0.3798076923076923 0.7848557692307693 0.11538461538461539 0.15384615384615385
0 0.3389423076923077 0.65625 0.11538461538461539 0.14903846153846154
0 0.1346153846153846 0.44591346153846156 0.08413461538461539 0.06971153846153846
0 0.16947115384615385 0.5048076923076923 0.11057692307692307 0.08413461538461539
0 0.18990384615384615 0.5901442307692307 0.15865384615384615 0.13701923076923078
0 0.21754807692307693 0.6983173076923077 0.16826923076923078 0.14423076923076922
0 0.22956730769230768 0.8028846153846154 0.16346153846153846 0.1346153846153846
0 0.0889423076923077 0.7475961538461539 0.10336538461538461 0.17307692307692307
0 0.109375 0.859375 0.125 0.09375
0 0.5649038461538461 0.359375 0.11778846153846154 0.10817307692307693
0 0.6923076923076923 0.36658653846153844 0.12980769230769232 0.125
0 0.671875 0.2920673076923077 0.06490384615384616 0.057692307692307696
0 0.7127403846153846 0.46875 0.08173076923076923 0.11298076923076923
0 0.7980769230769231 0.44711538461538464 0.1201923076923077 0.07211538461538461
0 0.8173076923076923 0.5216346153846154 0.0985576923076923 0.11778846153846154
0 0.7536057692307693 0.5793269230769231 0.08653846153846154 0.14903846153846154
0 0.5721153846153846 0.47596153846153844 0.11538461538461539 0.15865384615384615
0 0.6105769230769231 0.609375 0.12259615384615384 0.15625
0 0.6454326923076923 0.7367788461538461 0.1201923076923077 0.1466346153846154
0 0.7584134615384616 0.7151442307692307 0.10817307692307693 0.14903846153846154
0 0.9338942307692307 0.5420673076923077 0.07692307692307693 0.0625
0 0.9507211538461539 0.5949519230769231 0.0985576923076923 0.07932692307692307
0 0.8473557692307693 0.5997596153846154 0.125 0.08413461538461539
0 0.8401442307692307 0.7007211538461539 0.10096153846153846 0.1466346153846154
0 0.9615384615384616 0.6550480769230769 0.07692307692307693 0.08413461538461539
0 0.9435096153846154 0.7247596153846154 0.08413461538461539 0.10336538461538461