0 0.21634615384615385 0.09134615384615384 0.2692307692307692 0.18269230769230768
0 0.47475961538461536 0.1310096153846154 0.3389423076923077 0.2620192307692308
0 0.15625 0.2644230769230769 0.25961538461538464 0.25240384615384615
0 0.41947115384615385 0.33653846153846156 0.34134615384615385 0.28125
0 0.11778846153846154 0.47115384615384615 0.23557692307692307 0.2692307692307692
0 0.0829326923076923 0.6706730769230769 0.1658653846153846 0.2548076923076923
0 0.3557692307692308 0.5432692307692307 0.33653846153846156 0.28125
0 0.7295673076923077 0.20072115384615385 0.27884615384615385 0.2764423076923077
0 0.9230769230769231 0.23677884615384615 0.15384615384615385 0.29086538461538464
0 0.6766826923076923 0.4110576923076923 0.29086538461538464 0.2764423076923077
0 0.890625 0.47836538461538464 0.21875 0.2932692307692308
0 0.8521634615384616 0.71875 0.2620192307692308 0.2860576923076923
0 0.2980769230769231 0.7415865384615384 0.34615384615384615 0.28125
0 0.5204326923076923 0.8545673076923077 0.36778846153846156 0.21875
0 0.6189903846153846 0.6153846153846154 0.28846153846153844 0.2668269230769231