0 0.8149038461538461 0.46033653846153844 0.15384615384615385 0.24519230769230768
0 0.7055288461538461 0.2608173076923077 0.21153846153846154 0.1778846153846154
0 0.6033653846153846 0.41586538461538464 0.3581730769230769 0.27884615384615385
0 0.5420673076923077 0.24158653846153846 0.15384615384615385 0.12980769230769232
0 0.36899038461538464 0.24879807692307693 0.23557692307692307 0.18990384615384615
0 0.34975961538461536 0.39302884615384615 0.21634615384615385 0.17548076923076922
0 0.39663461538461536 0.6490384615384616 0.25721153846153844 0.3701923076923077
0 0.5769230769230769 0.5865384615384616 0.15865384615384615 0.15384615384615385
0 0.7355769230769231 0.6310096153846154 0.21394230769230768 0.17067307692307693
0 0.6370192307692307 0.7884615384615384 0.3485576923076923 0.27403846153846156
0 0.18509615384615385 0.7163461538461539 0.22115384615384615 0.18028846153846154
0 0.2644230769230769 0.5480769230769231 0.15865384615384615 0.22355769230769232