0 0.8004807692307693 0.3954326923076923 0.11057692307692307 0.23076923076923078
0 0.6514423076923077 0.22355769230769232 0.1875 0.14182692307692307
0 0.5841346153846154 0.3954326923076923 0.32211538461538464 0.21875
0 0.4879807692307692 0.23918269230769232 0.13701923076923078 0.10576923076923077
0 0.31971153846153844 0.28125 0.21153846153846154 0.15144230769230768
0 0.33052884615384615 0.4266826923076923 0.19230769230769232 0.13942307692307693
0 0.43028846153846156 0.6670673076923077 0.18990384615384615 0.3389423076923077
0 0.59375 0.5685096153846154 0.13701923076923078 0.12980769230769232
0 0.7572115384615384 0.5793269230769231 0.19230769230769232 0.1346153846153846
0 0.6935096153846154 0.7536057692307693 0.3125 0.21394230769230768
0 0.23677884615384615 0.7764423076923077 0.1971153846153846 0.14182692307692307
0 0.2800480769230769 0.5961538461538461 0.11778846153846154 0.20432692307692307