0 0.7560096153846154 0.6225961538461539 0.16346153846153846 0.125
0 0.6057692307692307 0.7716346153846154 0.21634615384615385 0.18990384615384615
0 0.42788461538461536 0.49399038461538464 0.20673076923076922 0.18509615384615385
0 0.5853365384615384 0.5336538461538461 0.11778846153846154 0.09375
0 0.18269230769230768 0.6622596153846154 0.17307692307692307 0.1346153846153846
0 0.3605769230769231 0.8305288461538461 0.2091346153846154 0.21153846153846154
0 0.21153846153846154 0.5396634615384616 0.17548076923076922 0.11778846153846154
0 0.5793269230769231 0.6286057692307693 0.16826923076923078 0.11778846153846154
0 0.8545673076923077 0.7716346153846154 0.2283653846153846 0.19951923076923078
0 0.38221153846153844 0.640625 0.16826923076923078 0.11778846153846154
0 0.17307692307692307 0.8173076923076923 0.18990384615384615 0.19471153846153846