0 0.5492788461538461 0.7608173076923077 0.19230769230769232 0.27163461538461536
0 0.5288461538461539 0.5516826923076923 0.17548076923076922 0.18269230769230768
0 0.5492788461538461 0.44471153846153844 0.0889423076923077 0.055288461538461536
0 0.5480769230769231 0.3894230769230769 0.07451923076923077 0.0673076923076923
0 0.45072115384615385 0.41346153846153844 0.11538461538461539 0.13701923076923078
0 0.3545673076923077 0.390625 0.08653846153846154 0.0625
0 0.33774038461538464 0.3329326923076923 0.07692307692307693 0.06490384615384616
0 0.25240384615384615 0.39783653846153844 0.0889423076923077 0.13221153846153846
0 0.203125 0.5817307692307693 0.17548076923076922 0.22115384615384615
0 0.21153846153846154 0.8100961538461539 0.23076923076923078 0.2860576923076923
0 0.36658653846153844 0.5901442307692307 0.15384615384615385 0.18269230769230768
0 0.3425480769230769 0.4639423076923077 0.12980769230769232 0.0985576923076923
0 0.36899038461538464 0.7980769230769231 0.19471153846153846 0.25721153846153844