0 0.5444711538461539 0.7608173076923077 0.18990384615384615 0.2692307692307692
0 0.5288461538461539 0.5528846153846154 0.17307692307692307 0.18028846153846154
0 0.5492788461538461 0.44471153846153844 0.0889423076923077 0.055288461538461536
0 0.5504807692307693 0.390625 0.07211538461538461 0.0673076923076923
0 0.4519230769230769 0.41346153846153844 0.11298076923076923 0.1346153846153846
0 0.35697115384615385 0.38822115384615385 0.08653846153846154 0.06009615384615385
0 0.34134615384615385 0.33052884615384615 0.07451923076923077 0.06490384615384616
0 0.2548076923076923 0.3942307692307692 0.08653846153846154 0.13221153846153846
0 0.20192307692307693 0.5757211538461539 0.17307692307692307 0.21875
0 0.20552884615384615 0.8052884615384616 0.22596153846153846 0.28365384615384615
0 0.36538461538461536 0.5877403846153846 0.15144230769230768 0.18028846153846154
0 0.34375 0.46033653846153844 0.12740384615384615 0.09615384615384616
0 0.3641826923076923 0.7956730769230769 0.18990384615384615 0.2548076923076923