0 0.4483173076923077 0.7596153846153846 0.22355769230769232 0.2860576923076923
0 0.5072115384615384 0.5588942307692307 0.19471153846153846 0.19951923076923078
0 0.5661057692307693 0.46634615384615385 0.09375 0.06490384615384616
0 0.5865384615384616 0.41586538461538464 0.08173076923076923 0.07451923076923077
0 0.48677884615384615 0.4014423076923077 0.12980769230769232 0.1466346153846154
0 0.40625 0.34375 0.09375 0.07211538461538461
0 0.41225961538461536 0.2848557692307692 0.08173076923076923 0.07451923076923077
0 0.3088942307692308 0.3137019230769231 0.10336538461538461 0.13942307692307693
0 0.19471153846153846 0.4639423076923077 0.19951923076923078 0.23557692307692307
0 0.12259615384615384 0.6778846153846154 0.24519230769230768 0.3076923076923077
0 0.3425480769230769 0.5336538461538461 0.17307692307692307 0.1971153846153846
0 0.36778846153846156 0.4074519230769231 0.13701923076923078 0.11298076923076923
0 0.2668269230769231 0.7271634615384616 0.22115384615384615 0.27163461538461536