0 0.5024038461538461 0.7644230769230769 0.17548076923076922 0.25961538461538464
0 0.5204326923076923 0.5564903846153846 0.1658653846153846 0.17307692307692307
0 0.5576923076923077 0.453125 0.08653846153846154 0.05048076923076923
0 0.5661057692307693 0.40024038461538464 0.06971153846153846 0.0625
0 0.46634615384615385 0.40625 0.10817307692307693 0.12980769230769232
0 0.3762019230769231 0.36658653846153844 0.08413461538461539 0.057692307692307696
0 0.36899038461538464 0.3076923076923077 0.07211538461538461 0.06009615384615385
0 0.27403846153846156 0.35697115384615385 0.08173076923076923 0.12980769230769232
0 0.1935096153846154 0.5288461538461539 0.16105769230769232 0.21153846153846154
0 0.16105769230769232 0.7560096153846154 0.21394230769230768 0.27403846153846156
0 0.35336538461538464 0.5661057692307693 0.14423076923076922 0.17548076923076922
0 0.35216346153846156 0.4362980769230769 0.125 0.09134615384615384
0 0.31971153846153844 0.7704326923076923 0.1778846153846154 0.24519230769230768