0 0.13221153846153846 0.078125 0.18269230769230768 0.15625
0 0.0985576923076923 0.2704326923076923 0.17307692307692307 0.24759615384615385
0 0.4098557692307692 0.11538461538461539 0.43028846153846156 0.23076923076923078
0 0.27163461538461536 0.30408653846153844 0.21875 0.2548076923076923
0 0.4651442307692308 0.33533653846153844 0.22355769230769232 0.25721153846153844
0 0.08774038461538461 0.49759615384615385 0.17548076923076922 0.2403846153846154
0 0.3641826923076923 0.5408653846153846 0.4423076923076923 0.2668269230769231
0 0.6682692307692307 0.3473557692307692 0.24278846153846154 0.2692307692307692
0 0.06370192307692307 0.7271634615384616 0.12740384615384615 0.23798076923076922
0 0.21153846153846154 0.7487980769230769 0.22596153846153846 0.25
0 0.4074519230769231 0.7728365384615384 0.2283653846153846 0.25961538461538464
0 0.8016826923076923 0.14423076923076922 0.39663461538461536 0.2644230769230769
0 0.8882211538461539 0.36658653846153844 0.22355769230769232 0.2620192307692308
0 0.7860576923076923 0.5841346153846154 0.42788461538461536 0.27884615384615385
0 0.6394230769230769 0.8040865384615384 0.2283653846153846 0.25961538461538464
0 0.8425480769230769 0.8341346153846154 0.22596153846153846 0.25961538461538464