0 0.12379807692307693 0.08052884615384616 0.18028846153846154 0.16105769230769232
0 0.09495192307692307 0.2776442307692308 0.17067307692307693 0.24519230769230768
0 0.40384615384615385 0.1141826923076923 0.42788461538461536 0.2283653846153846
0 0.2692307692307692 0.3076923076923077 0.21634615384615385 0.25240384615384615
0 0.46274038461538464 0.33653846153846156 0.22115384615384615 0.2548076923076923
0 0.08653846153846154 0.5060096153846154 0.17307692307692307 0.23798076923076922
0 0.36538461538461536 0.5432692307692307 0.4375 0.25961538461538464
0 0.6646634615384616 0.3449519230769231 0.23798076923076922 0.2668269230769231
0 0.06490384615384616 0.7355769230769231 0.12980769230769232 0.23557692307692307
0 0.21634615384615385 0.7536057692307693 0.22115384615384615 0.24759615384615385
0 0.41225961538461536 0.7752403846153846 0.22596153846153846 0.25721153846153844
0 0.7992788461538461 0.13822115384615385 0.4014423076923077 0.25721153846153844
0 0.8882211538461539 0.359375 0.22355769230769232 0.25721153846153844
0 0.7872596153846154 0.578125 0.4254807692307692 0.27163461538461536
0 0.6442307692307693 0.8016826923076923 0.22596153846153846 0.2548076923076923
0 0.8485576923076923 0.828125 0.22355769230769232 0.25721153846153844