0 0.18870192307692307 0.06129807692307692 0.20432692307692307 0.12259615384615384
0 0.12980769230769232 0.22355769230769232 0.1971153846153846 0.25961538461538464
0 0.46153846153846156 0.12259615384615384 0.44711538461538464 0.24519230769230768
0 0.2980769230769231 0.2776442307692308 0.24278846153846154 0.27163461538461536
0 0.4855769230769231 0.3329326923076923 0.24759615384615385 0.2764423076923077
0 0.09495192307692307 0.44711538461538464 0.18990384615384615 0.2548076923076923
0 0.3605769230769231 0.5240384615384616 0.45913461538461536 0.31009615384615385
0 0.6850961538461539 0.36899038461538464 0.2668269230769231 0.29086538461538464
0 0.057692307692307696 0.6706730769230769 0.11538461538461539 0.25
0 0.18269230769230768 0.7115384615384616 0.25 0.2692307692307692
0 0.375 0.7596153846153846 0.25240384615384615 0.27884615384615385
0 0.8185096153846154 0.1875 0.3629807692307692 0.3125
0 0.8894230769230769 0.4170673076923077 0.22115384615384615 0.28125
0 0.7752403846153846 0.6177884615384616 0.4495192307692308 0.32211538461538464
0 0.6009615384615384 0.8185096153846154 0.25240384615384615 0.2764423076923077
0 0.7980769230769231 0.8665865384615384 0.25 0.2668269230769231