0 0.7331730769230769 0.3713942307692308 0.16105769230769232 0.20673076923076922
0 0.8004807692307693 0.5588942307692307 0.21634615384615385 0.2620192307692308
0 0.47596153846153844 0.4795673076923077 0.15144230769230768 0.18990384615384615
0 0.5925480769230769 0.36538461538461536 0.15144230769230768 0.19230769230769232
0 0.29927884615384615 0.328125 0.15865384615384615 0.19951923076923078
0 0.3389423076923077 0.4987980769230769 0.1778846153846154 0.2091346153846154
0 0.3088942307692308 0.6826923076923077 0.25961538461538464 0.21394230769230768
0 0.4951923076923077 0.6490384615384616 0.17307692307692307 0.18509615384615385
0 0.6394230769230769 0.6370192307692307 0.15865384615384615 0.14903846153846154
0 0.6213942307692307 0.5120192307692307 0.17307692307692307 0.16105769230769232
0 0.19471153846153846 0.49759615384615385 0.1875 0.25721153846153844