0 0.7415865384615384 0.38822115384615385 0.14903846153846154 0.19951923076923078
0 0.7956730769230769 0.5805288461538461 0.20192307692307693 0.25240384615384615
0 0.47836538461538464 0.47836538461538464 0.13942307692307693 0.18509615384615385
0 0.6021634615384616 0.37259615384615385 0.13942307692307693 0.1875
0 0.3112980769230769 0.31490384615384615 0.14903846153846154 0.19230769230769232
0 0.3401442307692308 0.4879807692307692 0.1658653846153846 0.20192307692307693
0 0.296875 0.6694711538461539 0.25 0.19951923076923078
0 0.484375 0.6490384615384616 0.16346153846153846 0.1778846153846154
0 0.6298076923076923 0.6466346153846154 0.15144230769230768 0.14182692307692307
0 0.6201923076923077 0.5204326923076923 0.16346153846153846 0.15144230769230768
0 0.19591346153846154 0.47716346153846156 0.17307692307692307 0.25