0 0.09254807692307693 0.1622596153846154 0.15384615384615385 0.21153846153846154
0 0.07692307692307693 0.3581730769230769 0.14903846153846154 0.19471153846153846
0 0.0733173076923077 0.5420673076923077 0.1466346153846154 0.18990384615384615
0 0.27403846153846156 0.15985576923076922 0.23076923076923078 0.2091346153846154
0 0.4891826923076923 0.17908653846153846 0.22596153846153846 0.20192307692307693
0 0.7007211538461539 0.1971153846153846 0.22115384615384615 0.20192307692307693
0 0.25961538461538464 0.35697115384615385 0.2283653846153846 0.1971153846153846
0 0.4735576923076923 0.3737980769230769 0.22115384615384615 0.1971153846153846
0 0.07572115384615384 0.5432692307692307 0.15144230769230768 0.19230769230769232
0 0.24759615384615385 0.5408653846153846 0.22355769230769232 0.19230769230769232
0 0.7043269230769231 0.43990384615384615 0.2283653846153846 0.21153846153846154
0 0.4579326923076923 0.5480769230769231 0.21634615384615385 0.19471153846153846
0 0.0673076923076923 0.7223557692307693 0.1346153846153846 0.19471153846153846
0 0.23798076923076922 0.7211538461538461 0.22355769230769232 0.19951923076923078
0 0.4423076923076923 0.7199519230769231 0.21153846153846154 0.19230769230769232
0 0.6418269230769231 0.7175480769230769 0.20432692307692307 0.18509615384615385
0 0.625 0.8557692307692307 0.19471153846153846 0.13701923076923078
0 0.8161057692307693 0.8641826923076923 0.19951923076923078 0.13701923076923078
0 0.8353365384615384 0.7259615384615384 0.20673076923076922 0.17548076923076922
0 0.8533653846153846 0.5588942307692307 0.21634615384615385 0.1875
0 0.8978365384615384 0.19591346153846154 0.20432692307692307 0.20432692307692307
0 0.8846153846153846 0.3798076923076923 0.21153846153846154 0.18990384615384615