0 0.054086538461538464 0.2704326923076923 0.10817307692307693 0.22355769230769232
0 0.06971153846153846 0.4639423076923077 0.13942307692307693 0.20673076923076922
0 0.09134615384615384 0.6454326923076923 0.17307692307692307 0.20192307692307693
0 0.19831730769230768 0.2247596153846154 0.25 0.23076923076923078
0 0.4110576923076923 0.19110576923076922 0.24278846153846154 0.22115384615384615
0 0.6213942307692307 0.15745192307692307 0.23798076923076922 0.22115384615384615
0 0.23197115384615385 0.41947115384615385 0.24519230769230768 0.21634615384615385
0 0.44471153846153844 0.38461538461538464 0.23798076923076922 0.21634615384615385
0 0.09375 0.6466346153846154 0.1778846153846154 0.20673076923076922
0 0.265625 0.6009615384615384 0.2403846153846154 0.21153846153846154
0 0.6838942307692307 0.3918269230769231 0.24519230769230768 0.23076923076923078
0 0.47115384615384615 0.5564903846153846 0.23317307692307693 0.21394230769230768
0 0.12379807692307693 0.8233173076923077 0.17548076923076922 0.20673076923076922
0 0.29927884615384615 0.7788461538461539 0.2403846153846154 0.21875
0 0.49759615384615385 0.7271634615384616 0.2283653846153846 0.2091346153846154
0 0.6899038461538461 0.6766826923076923 0.21875 0.20432692307692307
0 0.7067307692307693 0.8149038461538461 0.20673076923076922 0.15625
0 0.8942307692307693 0.7752403846153846 0.21153846153846154 0.15625
0 0.8798076923076923 0.6382211538461539 0.22115384615384615 0.19471153846153846
0 0.8569711538461539 0.47115384615384615 0.23076923076923078 0.20673076923076922
0 0.8209134615384616 0.109375 0.23798076923076922 0.21875
0 0.84375 0.29086538461538464 0.22596153846153846 0.20673076923076922