0 0.2091346153846154 0.1201923076923077 0.2932692307692308 0.2403846153846154
0 0.4423076923076923 0.14903846153846154 0.3269230769230769 0.2980769230769231
0 0.7103365384615384 0.19230769230769232 0.3125 0.34375
0 0.9026442307692307 0.24519230769230768 0.19471153846153846 0.33653846153846156
0 0.14543269230769232 0.35216346153846156 0.29086538461538464 0.3581730769230769
0 0.38341346153846156 0.41586538461538464 0.3293269230769231 0.3581730769230769
0 0.6538461538461539 0.4723557692307692 0.3245192307692308 0.3485576923076923
0 0.8798076923076923 0.5372596153846154 0.2403846153846154 0.34375
0 0.10817307692307693 0.6298076923076923 0.21634615384615385 0.3269230769230769
0 0.30649038461538464 0.6971153846153846 0.3317307692307692 0.35336538461538464
0 0.5661057692307693 0.765625 0.33413461538461536 0.37259615384615385
0 0.8173076923076923 0.8341346153846154 0.28365384615384615 0.3317307692307692