0 0.0985576923076923 0.38461538461538464 0.19471153846153846 0.19230769230769232
0 0.2776442307692308 0.40865384615384615 0.2091346153846154 0.19471153846153846
0 0.47836538461538464 0.43990384615384615 0.20673076923076922 0.19951923076923078
0 0.6730769230769231 0.46274038461538464 0.2091346153846154 0.1971153846153846
0 0.8846153846153846 0.49399038461538464 0.2283653846153846 0.2091346153846154
0 0.0625 0.546875 0.125 0.18028846153846154
0 0.1778846153846154 0.5612980769230769 0.15144230769230768 0.17307692307692307
0 0.3112980769230769 0.578125 0.14903846153846154 0.17307692307692307
0 0.4375 0.6033653846153846 0.1466346153846154 0.1778846153846154
0 0.5649038461538461 0.6201923076923077 0.1466346153846154 0.1778846153846154
0 0.6947115384615384 0.6334134615384616 0.14903846153846154 0.17067307692307693
0 0.8605769230769231 0.6742788461538461 0.2283653846153846 0.19471153846153846
0 0.0673076923076923 0.7079326923076923 0.1346153846153846 0.17067307692307693
0 0.21995192307692307 0.7295673076923077 0.20192307692307693 0.18269230769230768
0 0.4387019230769231 0.7644230769230769 0.19951923076923078 0.18269230769230768
0 0.6310096153846154 0.7920673076923077 0.20673076923076922 0.18509615384615385
0 0.8209134615384616 0.8341346153846154 0.21875 0.17307692307692307