0 0.08774038461538461 0.4483173076923077 0.17548076923076922 0.18028846153846154
0 0.265625 0.44471153846153844 0.19471153846153846 0.18028846153846154
0 0.46875 0.44471153846153844 0.19471153846153846 0.18509615384615385
0 0.6646634615384616 0.4362980769230769 0.19471153846153846 0.18269230769230768
0 0.8786057692307693 0.4338942307692308 0.21394230769230768 0.19230769230769232
0 0.06610576923076923 0.6165865384615384 0.12980769230769232 0.17067307692307693
0 0.19110576923076922 0.6105769230769231 0.13701923076923078 0.16346153846153846
0 0.32572115384615385 0.6069711538461539 0.1346153846153846 0.16346153846153846
0 0.4543269230769231 0.6117788461538461 0.13221153846153846 0.16826923076923078
0 0.5829326923076923 0.609375 0.13221153846153846 0.16826923076923078
0 0.7127403846153846 0.6009615384615384 0.1346153846153846 0.16105769230769232
0 0.8834134615384616 0.6153846153846154 0.21394230769230768 0.1778846153846154
0 0.08774038461538461 0.7764423076923077 0.16105769230769232 0.15865384615384615
0 0.25961538461538464 0.7704326923076923 0.1875 0.16826923076923078
0 0.4807692307692308 0.7716346153846154 0.18509615384615385 0.16826923076923078
0 0.6754807692307693 0.7680288461538461 0.19230769230769232 0.17067307692307693
0 0.8689903846153846 0.7788461538461539 0.20673076923076922 0.15625