0 0.12740384615384615 0.28725961538461536 0.21634615384615385 0.28846153846153844
0 0.2932692307692308 0.2512019230769231 0.21153846153846154 0.2932692307692308
0 0.44591346153846156 0.21634615384615385 0.21394230769230768 0.2860576923076923
0 0.6033653846153846 0.18028846153846154 0.21634615384615385 0.28846153846153844
0 0.7608173076923077 0.14783653846153846 0.21875 0.2956730769230769
0 0.18629807692307693 0.5612980769230769 0.22355769230769232 0.3076923076923077
0 0.3473557692307692 0.5288461538461539 0.22355769230769232 0.30288461538461536
0 0.5060096153846154 0.47596153846153844 0.22115384615384615 0.30528846153846156
0 0.6706730769230769 0.4495192307692308 0.21394230769230768 0.2956730769230769
0 0.8269230769230769 0.41466346153846156 0.2283653846153846 0.3125
0 0.24278846153846154 0.8064903846153846 0.25961538461538464 0.27403846153846156
0 0.44591346153846156 0.7608173076923077 0.24759615384615385 0.2644230769230769
0 0.6586538461538461 0.7235576923076923 0.2548076923076923 0.27403846153846156
0 0.8629807692307693 0.6694711538461539 0.2548076923076923 0.27163461538461536