0 0.234375 0.16346153846153846 0.20192307692307693 0.27884615384615385
0 0.4014423076923077 0.19230769230769232 0.19471153846153846 0.2860576923076923
0 0.5552884615384616 0.21634615384615385 0.19951923076923078 0.27884615384615385
0 0.7163461538461539 0.24158653846153846 0.19951923076923078 0.28125
0 0.8737980769230769 0.2704326923076923 0.20432692307692307 0.28846153846153844
0 0.18629807692307693 0.4387019230769231 0.20673076923076922 0.2980769230769231
0 0.3473557692307692 0.4699519230769231 0.20673076923076922 0.2932692307692308
0 0.5144230769230769 0.4807692307692308 0.20432692307692307 0.2980769230769231
0 0.6778846153846154 0.5168269230769231 0.19951923076923078 0.28846153846153844
0 0.8353365384615384 0.5432692307692307 0.2091346153846154 0.30528846153846156
0 0.1466346153846154 0.6875 0.24519230769230768 0.2644230769230769
0 0.35216346153846156 0.7211538461538461 0.23557692307692307 0.2548076923076923
0 0.5637019230769231 0.7668269230769231 0.2403846153846154 0.2620192307692308
0 0.7740384615384616 0.7932692307692307 0.24278846153846154 0.25961538461538464