0 0.036057692307692304 0.15985576923076922 0.07211538461538461 0.12740384615384615
0 0.0625 0.2860576923076923 0.125 0.21634615384615385
0 0.11538461538461539 0.5745192307692307 0.23076923076923078 0.4567307692307692
0 0.1778846153846154 0.21033653846153846 0.21634615384615385 0.24519230769230768
0 0.2512019230769231 0.5216346153846154 0.25961538461538464 0.46634615384615385
0 0.3449519230769231 0.2764423076923077 0.21153846153846154 0.4326923076923077
0 0.4855769230769231 0.06129807692307692 0.27403846153846156 0.12259615384615384
0 0.5360576923076923 0.2608173076923077 0.3389423076923077 0.41346153846153844
0 0.7451923076923077 0.038461538461538464 0.2932692307692308 0.07692307692307693
0 0.7704326923076923 0.08052884615384616 0.2860576923076923 0.16105769230769232
0 0.796875 0.19230769230769232 0.3004807692307692 0.20192307692307693
0 0.8557692307692307 0.3918269230769231 0.28846153846153844 0.34134615384615385
0 0.5793269230769231 0.5721153846153846 0.4543269230769231 0.3581730769230769
0 0.22115384615384615 0.8834134615384616 0.3076923076923077 0.23317307692307693
0 0.6033653846153846 0.8185096153846154 0.5264423076923077 0.27163461538461536
0 0.9326923076923077 0.7103365384615384 0.1346153846153846 0.21875