0 0.15264423076923078 0.12860576923076922 0.27163461538461536 0.25721153846153844
0 0.41586538461538464 0.13701923076923078 0.2692307692307692 0.27403846153846156
0 0.6814903846153846 0.1502403846153846 0.27163461538461536 0.2932692307692308
0 0.9098557692307693 0.16105769230769232 0.18028846153846154 0.27884615384615385
0 0.13942307692307693 0.43028846153846156 0.27884615384615385 0.3605769230769231
0 0.4050480769230769 0.44591346153846156 0.28365384615384615 0.3605769230769231
0 0.671875 0.4675480769230769 0.2692307692307692 0.37259615384615385
0 0.8930288461538461 0.4723557692307692 0.21394230769230768 0.3629807692307692
0 0.1201923076923077 0.7427884615384616 0.2403846153846154 0.28846153846153844
0 0.37259615384615385 0.7620192307692307 0.27884615384615385 0.3004807692307692
0 0.640625 0.7788461538461539 0.28125 0.2980769230769231
0 0.875 0.7920673076923077 0.23076923076923078 0.3076923076923077