0 0.2091346153846154 0.11298076923076923 0.30288461538461536 0.22596153846153846
0 0.4699519230769231 0.140625 0.3004807692307692 0.28125
0 0.7283653846153846 0.17908653846153846 0.30528846153846156 0.32211538461538464
0 0.9230769230769231 0.2247596153846154 0.15384615384615385 0.3004807692307692
0 0.15625 0.38100961538461536 0.3125 0.3918269230769231
0 0.41346153846153844 0.4338942307692308 0.3245192307692308 0.3894230769230769
0 0.6754807692307693 0.49158653846153844 0.31490384615384615 0.39903846153846156
0 0.8822115384615384 0.5288461538461539 0.23557692307692307 0.38461538461538464
0 0.11298076923076923 0.6850961538461539 0.22596153846153846 0.3173076923076923
0 0.33653846153846156 0.7415865384615384 0.3125 0.3317307692307692
0 0.6009615384615384 0.7956730769230769 0.31490384615384615 0.3293269230769231
0 0.8305288461538461 0.8377403846153846 0.2668269230769231 0.3245192307692308