0 0.10697115384615384 0.21394230769230768 0.21394230769230768 0.3173076923076923
0 0.3245192307692308 0.16466346153846154 0.2980769230769231 0.31490384615384615
0 0.5829326923076923 0.13701923076923078 0.3004807692307692 0.27403846153846156
0 0.8257211538461539 0.10576923076923077 0.24278846153846154 0.21153846153846154
0 0.1466346153846154 0.5276442307692307 0.2932692307692308 0.3870192307692308
0 0.3942307692307692 0.4723557692307692 0.31971153846153844 0.3870192307692308
0 0.6574519230769231 0.42427884615384615 0.3076923076923077 0.39663461538461536
0 0.8725961538461539 0.3713942307692308 0.2548076923076923 0.38221153846153844
0 0.18389423076923078 0.8365384615384616 0.2980769230769231 0.31490384615384615
0 0.44471153846153844 0.7860576923076923 0.31009615384615385 0.3269230769230769
0 0.7079326923076923 0.7331730769230769 0.31009615384615385 0.3269230769230769
0 0.9026442307692307 0.6838942307692307 0.19471153846153846 0.3293269230769231