0 0.1658653846153846 0.12379807692307693 0.27884615384615385 0.24759615384615385
0 0.42908653846153844 0.13701923076923078 0.2764423076923077 0.27403846153846156
0 0.6935096153846154 0.15625 0.27884615384615385 0.3004807692307692
0 0.9134615384615384 0.17668269230769232 0.17307692307692307 0.2860576923076923
0 0.14302884615384615 0.4182692307692308 0.2860576923076923 0.3701923076923077
0 0.4074519230769231 0.44350961538461536 0.2932692307692308 0.3701923076923077
0 0.6730769230769231 0.4735576923076923 0.28125 0.3798076923076923
0 0.890625 0.48677884615384615 0.21875 0.36778846153846156
0 0.11778846153846154 0.7295673076923077 0.23557692307692307 0.2956730769230769
0 0.3629807692307692 0.7572115384615384 0.28846153846153844 0.31009615384615385
0 0.6310096153846154 0.7836538461538461 0.29086538461538464 0.3076923076923077
0 0.8641826923076923 0.8052884615384616 0.2403846153846154 0.31490384615384615