0 0.14543269230769232 0.12980769230769232 0.2668269230769231 0.25961538461538464
0 0.4110576923076923 0.13701923076923078 0.2644230769230769 0.27403846153846156
0 0.6754807692307693 0.1466346153846154 0.2668269230769231 0.28846153846153844
0 0.9086538461538461 0.15504807692307693 0.18269230769230768 0.2764423076923077
0 0.13701923076923078 0.4362980769230769 0.27403846153846156 0.3581730769230769
0 0.40384615384615385 0.4483173076923077 0.2764423076923077 0.3557692307692308
0 0.671875 0.4639423076923077 0.2644230769230769 0.36778846153846156
0 0.8942307692307693 0.4651442307692308 0.21153846153846154 0.3581730769230769
0 0.12139423076923077 0.75 0.24278846153846154 0.28365384615384615
0 0.3762019230769231 0.7644230769230769 0.27403846153846156 0.2956730769230769
0 0.6454326923076923 0.7764423076923077 0.2764423076923077 0.2956730769230769
0 0.8798076923076923 0.7860576923076923 0.22596153846153846 0.30288461538461536