0 0.0889423076923077 0.11538461538461539 0.14423076923076922 0.23076923076923078
0 0.06490384615384616 0.36177884615384615 0.12980769230769232 0.23557692307692307
0 0.03125 0.6418269230769231 0.0625 0.23076923076923078
0 0.29927884615384615 0.12980769230769232 0.27884615384615385 0.24519230769230768
0 0.2644230769230769 0.36658653846153844 0.2644230769230769 0.24278846153846154
0 0.5637019230769231 0.14903846153846154 0.2668269230769231 0.25961538461538464
0 0.5336538461538461 0.38100961538461536 0.25961538461538464 0.24278846153846154
0 0.22115384615384615 0.6177884615384616 0.2620192307692308 0.23798076923076922
0 0.4855769230769231 0.6213942307692307 0.24759615384615385 0.24278846153846154
0 0.7463942307692307 0.6358173076923077 0.2764423076923077 0.24759615384615385
0 0.17668269230769232 0.8293269230769231 0.25240384615384615 0.14423076923076922
0 0.4579326923076923 0.8341346153846154 0.25961538461538464 0.15865384615384615
0 0.8173076923076923 0.15985576923076922 0.2668269230769231 0.24759615384615385
0 0.7728365384615384 0.40384615384615385 0.25240384615384615 0.24278846153846154
0 0.7079326923076923 0.8269230769230769 0.2764423076923077 0.22596153846153846