0 0.6286057692307693 0.8064903846153846 0.20192307692307693 0.2956730769230769
0 0.296875 0.6658653846153846 0.12740384615384615 0.21634615384615385
0 0.4254807692307692 0.5108173076923077 0.14903846153846154 0.23076923076923078
0 0.3317307692307692 0.4807692307692308 0.125 0.19951923076923078
0 0.25 0.46033653846153844 0.11298076923076923 0.1875
0 0.2127403846153846 0.6346153846153846 0.11057692307692307 0.19951923076923078
0 0.671875 0.578125 0.20192307692307693 0.2764423076923077
0 0.5396634615384616 0.5432692307692307 0.17067307692307693 0.24278846153846154
0 0.4951923076923077 0.7536057692307693 0.17307692307692307 0.27403846153846156
0 0.3858173076923077 0.7043269230769231 0.1466346153846154 0.23317307692307693
0 0.6490384615384616 0.33052884615384615 0.18990384615384615 0.25721153846153844
0 0.5192307692307693 0.32211538461538464 0.16105769230769232 0.21634615384615385
0 0.4110576923076923 0.3076923076923077 0.13942307692307693 0.21153846153846154
0 0.31971153846153844 0.2956730769230769 0.1201923076923077 0.18990384615384615
0 0.5829326923076923 0.12379807692307693 0.16346153846153846 0.24519230769230768
0 0.47596153846153844 0.1201923076923077 0.1346153846153846 0.20673076923076922
0 0.3786057692307692 0.12259615384615384 0.125 0.20673076923076922