0 0.6502403846153846 0.796875 0.18509615384615385 0.28846153846153844
0 0.3088942307692308 0.6802884615384616 0.11538461538461539 0.21153846153846154
0 0.4266826923076923 0.5168269230769231 0.13701923076923078 0.22596153846153846
0 0.3317307692307692 0.49278846153846156 0.11298076923076923 0.19471153846153846
0 0.24759615384615385 0.47716346153846156 0.10336538461538461 0.18509615384615385
0 0.22355769230769232 0.6538461538461539 0.09615384615384616 0.1971153846153846
0 0.6766826923076923 0.5649038461538461 0.18509615384615385 0.2692307692307692
0 0.5420673076923077 0.5408653846153846 0.15625 0.23557692307692307
0 0.5120192307692307 0.7536057692307693 0.15865384615384615 0.2692307692307692
0 0.40024038461538464 0.7115384615384616 0.1346153846153846 0.2283653846153846
0 0.6370192307692307 0.32091346153846156 0.17548076923076922 0.25
0 0.5072115384615384 0.32211538461538464 0.14903846153846154 0.21153846153846154
0 0.39783653846153844 0.31490384615384615 0.12740384615384615 0.20673076923076922
0 0.30528846153846156 0.3088942307692308 0.11057692307692307 0.18509615384615385
0 0.5552884615384616 0.11899038461538461 0.14903846153846154 0.23798076923076922
0 0.4495192307692308 0.12379807692307693 0.1201923076923077 0.20192307692307693
0 0.35216346153846156 0.13221153846153846 0.11057692307692307 0.20192307692307693