0 0.6237980769230769 0.8088942307692307 0.20673076923076922 0.2980769230769231
0 0.2932692307692308 0.6622596153846154 0.13221153846153846 0.21634615384615385
0 0.4254807692307692 0.5096153846153846 0.15144230769230768 0.23317307692307693
0 0.3329326923076923 0.47836538461538464 0.12740384615384615 0.19951923076923078
0 0.25 0.45552884615384615 0.11538461538461539 0.1875
0 0.21033653846153846 0.6286057692307693 0.11298076923076923 0.20192307692307693
0 0.6706730769230769 0.5805288461538461 0.20432692307692307 0.27884615384615385
0 0.5384615384615384 0.5432692307692307 0.17307692307692307 0.24278846153846154
0 0.49038461538461536 0.7536057692307693 0.1778846153846154 0.2764423076923077
0 0.38221153846153844 0.7019230769230769 0.15144230769230768 0.23317307692307693
0 0.6526442307692307 0.3329326923076923 0.19471153846153846 0.25961538461538464
0 0.5228365384615384 0.3233173076923077 0.16346153846153846 0.21875
0 0.41466346153846156 0.30649038461538464 0.14182692307692307 0.21153846153846154
0 0.3233173076923077 0.2932692307692308 0.12259615384615384 0.18990384615384615
0 0.5889423076923077 0.12620192307692307 0.1658653846153846 0.24759615384615385
0 0.48197115384615385 0.1201923076923077 0.13701923076923078 0.2091346153846154
0 0.3858173076923077 0.1201923076923077 0.12740384615384615 0.20673076923076922