0 0.13221153846153846 0.12980769230769232 0.25 0.25961538461538464
0 0.38822115384615385 0.14423076923076922 0.27163461538461536 0.28846153846153844
0 0.125 0.4170673076923077 0.25 0.33413461538461536
0 0.37740384615384615 0.4375 0.27163461538461536 0.32211538461538464
0 0.6646634615384616 0.16105769230769232 0.28365384615384615 0.31971153846153844
0 0.9038461538461539 0.14903846153846154 0.19230769230769232 0.27884615384615385
0 0.6586538461538461 0.47836538461538464 0.2956730769230769 0.35096153846153844
0 0.9014423076923077 0.4495192307692308 0.1971153846153846 0.34134615384615385
0 0.11538461538461539 0.7319711538461539 0.23076923076923078 0.31971153846153844
0 0.3762019230769231 0.7512019230769231 0.2668269230769231 0.32211538461538464
0 0.65625 0.7896634615384616 0.2932692307692308 0.2932692307692308
0 0.8966346153846154 0.7764423076923077 0.19951923076923078 0.3269230769230769