0 0.11658653846153846 0.14783653846153846 0.23317307692307693 0.2764423076923077
0 0.36538461538461536 0.14903846153846154 0.27163461538461536 0.2980769230769231
0 0.12259615384615384 0.44350961538461536 0.24519230769230768 0.33413461538461536
0 0.37259615384615385 0.44711538461538464 0.27163461538461536 0.32211538461538464
0 0.6394230769230769 0.15504807692307693 0.28365384615384615 0.31009615384615385
0 0.8858173076923077 0.1310096153846154 0.2091346153846154 0.2620192307692308
0 0.65625 0.46634615384615385 0.2956730769230769 0.35096153846153844
0 0.8990384615384616 0.4206730769230769 0.20192307692307693 0.34134615384615385
0 0.12620192307692307 0.7596153846153846 0.24519230769230768 0.31971153846153844
0 0.39302884615384615 0.7584134615384616 0.2668269230769231 0.32211538461538464
0 0.6754807692307693 0.7776442307692307 0.2932692307692308 0.2932692307692308
0 0.9074519230769231 0.7475961538461539 0.18509615384615385 0.3269230769230769