0 0.09014423076923077 0.5084134615384616 0.18028846153846154 0.27163461538461536
0 0.0829326923076923 0.765625 0.1658653846153846 0.24759615384615385
0 0.28125 0.2668269230769231 0.22115384615384615 0.28846153846153844
0 0.5048076923076923 0.07692307692307693 0.21634615384615385 0.15384615384615385
0 0.7151442307692307 0.09375 0.21875 0.17307692307692307
0 0.9038461538461539 0.0985576923076923 0.19230769230769232 0.15865384615384615
0 0.49038461538461536 0.27884615384615385 0.23076923076923078 0.27403846153846156
0 0.6959134615384616 0.29447115384615385 0.22115384615384615 0.2620192307692308
0 0.8978365384615384 0.30288461538461536 0.20432692307692307 0.27403846153846156
0 0.2704326923076923 0.5252403846153846 0.22115384615384615 0.2764423076923077
0 0.4795673076923077 0.5360576923076923 0.22115384615384615 0.2764423076923077
0 0.6838942307692307 0.5480769230769231 0.21875 0.28125
0 0.8894230769230769 0.5661057692307693 0.22115384615384615 0.28125
0 0.2536057692307692 0.7764423076923077 0.21634615384615385 0.2548076923076923
0 0.4639423076923077 0.7824519230769231 0.21875 0.25240384615384615
0 0.6670673076923077 0.8016826923076923 0.22596153846153846 0.2548076923076923
0 0.8737980769230769 0.8137019230769231 0.21634615384615385 0.25721153846153844