0 0.11177884615384616 0.6370192307692307 0.22355769230769232 0.2932692307692308
0 0.17307692307692307 0.875 0.23076923076923078 0.25
0 0.21995192307692307 0.34615384615384615 0.2620192307692308 0.31490384615384615
0 0.37259615384615385 0.09495192307692307 0.23557692307692307 0.18990384615384615
0 0.5793269230769231 0.07451923076923077 0.2403846153846154 0.14903846153846154
0 0.7728365384615384 0.042067307692307696 0.23798076923076922 0.08413461538461539
0 0.421875 0.2932692307692308 0.2692307692307692 0.30288461538461536
0 0.6225961538461539 0.2439903846153846 0.25721153846153844 0.29086538461538464
0 0.8257211538461539 0.1875 0.2620192307692308 0.3004807692307692
0 0.28966346153846156 0.5949519230769231 0.2620192307692308 0.30288461538461536
0 0.49158653846153844 0.5408653846153846 0.2620192307692308 0.30288461538461536
0 0.6887019230769231 0.4891826923076923 0.25721153846153844 0.3076923076923077
0 0.8798076923076923 0.4423076923076923 0.2403846153846154 0.3076923076923077
0 0.35216346153846156 0.8389423076923077 0.25240384615384615 0.28125
0 0.5528846153846154 0.7800480769230769 0.25240384615384615 0.27884615384615385
0 0.7524038461538461 0.7355769230769231 0.2620192307692308 0.28365384615384615
0 0.9122596153846154 0.6826923076923077 0.17548076923076922 0.28365384615384615