0 0.09495192307692307 0.4735576923076923 0.18990384615384615 0.28365384615384615
0 0.07692307692307693 0.7259615384615384 0.15384615384615385 0.25961538461538464
0 0.30288461538461536 0.24879807692307693 0.24278846153846154 0.30288461538461536
0 0.5420673076923077 0.0829326923076923 0.2283653846153846 0.1658653846153846
0 0.75 0.1141826923076923 0.23076923076923078 0.18990384615384615
0 0.9182692307692307 0.13822115384615385 0.16346153846153846 0.17548076923076922
0 0.5096153846153846 0.27884615384615385 0.25240384615384615 0.29086538461538464
0 0.7139423076923077 0.3125 0.2403846153846154 0.2764423076923077
0 0.9002403846153846 0.3389423076923077 0.19951923076923078 0.28846153846153844
0 0.2692307692307692 0.5048076923076923 0.24278846153846154 0.29086538461538464
0 0.47596153846153844 0.5336538461538461 0.24278846153846154 0.29086538461538464
0 0.6790865384615384 0.5637019230769231 0.23798076923076922 0.2956730769230769
0 0.8810096153846154 0.5997596153846154 0.23798076923076922 0.2956730769230769
0 0.23076923076923078 0.7548076923076923 0.23557692307692307 0.2692307692307692
0 0.4387019230769231 0.7788461538461539 0.23557692307692307 0.2668269230769231
0 0.6394230769230769 0.8149038461538461 0.24519230769230768 0.2692307692307692
0 0.8449519230769231 0.8449519230769231 0.23557692307692307 0.27163461538461536