0 0.09975961538461539 0.5949519230769231 0.19951923076923078 0.28125
0 0.1346153846153846 0.8497596153846154 0.2091346153846154 0.25721153846153844
0 0.23798076923076922 0.3173076923076923 0.23798076923076922 0.3004807692307692
0 0.41586538461538464 0.08413461538461539 0.22596153846153846 0.16826923076923078
0 0.6262019230769231 0.07451923076923077 0.2283653846153846 0.14903846153846154
0 0.8233173076923077 0.054086538461538464 0.2283653846153846 0.10817307692307693
0 0.44471153846153844 0.2860576923076923 0.24759615384615385 0.2860576923076923
0 0.6490384615384616 0.25841346153846156 0.23798076923076922 0.27403846153846156
0 0.8569711538461539 0.22235576923076922 0.23798076923076922 0.2860576923076923
0 0.28125 0.5721153846153846 0.23798076923076922 0.28846153846153844
0 0.48677884615384615 0.5396634615384616 0.23798076923076922 0.28846153846153844
0 0.6899038461538461 0.5084134615384616 0.23557692307692307 0.29086538461538464
0 0.8870192307692307 0.4831730769230769 0.22596153846153846 0.2932692307692308
0 0.3173076923076923 0.8221153846153846 0.23076923076923078 0.2668269230769231
0 0.5228365384615384 0.7848557692307693 0.23317307692307693 0.2644230769230769
0 0.7259615384615384 0.7608173076923077 0.2403846153846154 0.2668269230769231
0 0.9074519230769231 0.7283653846153846 0.18509615384615385 0.2692307692307692