0 0.09735576923076923 0.4651442307692308 0.19471153846153846 0.2860576923076923
0 0.07572115384615384 0.7199519230769231 0.15144230769230768 0.2620192307692308
0 0.30649038461538464 0.24519230769230768 0.24759615384615385 0.30528846153846156
0 0.5492788461538461 0.08413461538461539 0.2283653846153846 0.16826923076923078
0 0.7560096153846154 0.11778846153846154 0.23317307692307693 0.19230769230769232
0 0.9206730769230769 0.14423076923076922 0.15865384615384615 0.1778846153846154
0 0.5132211538461539 0.27884615384615385 0.2548076923076923 0.2932692307692308
0 0.7163461538461539 0.3161057692307692 0.24519230769230768 0.27884615384615385
0 0.9014423076923077 0.3449519230769231 0.1971153846153846 0.29086538461538464
0 0.2692307692307692 0.5012019230769231 0.24759615384615385 0.2932692307692308
0 0.47596153846153844 0.5336538461538461 0.24759615384615385 0.2932692307692308
0 0.6778846153846154 0.5661057692307693 0.24278846153846154 0.2980769230769231
0 0.8786057692307693 0.6057692307692307 0.24278846153846154 0.2980769230769231
0 0.22596153846153846 0.75 0.23798076923076922 0.27163461538461536
0 0.4338942307692308 0.7776442307692307 0.2403846153846154 0.2692307692307692
0 0.6346153846153846 0.8173076923076923 0.24759615384615385 0.27403846153846156
0 0.8389423076923077 0.8509615384615384 0.23798076923076922 0.27403846153846156