0 0.109375 0.04447115384615385 0.17548076923076922 0.0889423076923077
0 0.28846153846153844 0.04326923076923077 0.1971153846153846 0.08653846153846154
0 0.47836538461538464 0.04927884615384615 0.1875 0.0985576923076923
0 0.6466346153846154 0.08173076923076923 0.17548076923076922 0.15865384615384615
0 0.8317307692307693 0.0829326923076923 0.18028846153846154 0.14182692307692307
0 0.09254807692307693 0.2091346153846154 0.16826923076923078 0.2548076923076923
0 0.2536057692307692 0.21033653846153846 0.19471153846153846 0.2548076923076923
0 0.9579326923076923 0.09975961538461539 0.08413461538461539 0.15625
0 0.9314903846153846 0.28966346153846156 0.13701923076923078 0.2283653846153846
0 0.4326923076923077 0.2283653846153846 0.19951923076923078 0.25961538461538464
0 0.6033653846153846 0.2860576923076923 0.18509615384615385 0.2668269230769231
0 0.7764423076923077 0.27884615384615385 0.18509615384615385 0.2764423076923077
0 0.06610576923076923 0.4543269230769231 0.13221153846153846 0.21634615384615385
0 0.21394230769230768 0.4519230769230769 0.19230769230769232 0.24278846153846154
0 0.3798076923076923 0.47115384615384615 0.1875 0.21875
0 0.5528846153846154 0.5288461538461539 0.18509615384615385 0.24278846153846154
0 0.7247596153846154 0.5288461538461539 0.18509615384615385 0.24759615384615385
0 0.8954326923076923 0.5180288461538461 0.18269230769230768 0.2548076923076923
0 0.039663461538461536 0.6730769230769231 0.07932692307692307 0.21634615384615385
0 0.15625 0.6899038461538461 0.18269230769230768 0.24278846153846154
0 0.32211538461538464 0.7007211538461539 0.1778846153846154 0.2283653846153846
0 0.4879807692307692 0.7331730769230769 0.17548076923076922 0.20432692307692307
0 0.6574519230769231 0.7391826923076923 0.18028846153846154 0.20432692307692307
0 0.8221153846153846 0.734375 0.17307692307692307 0.20673076923076922
0 0.9471153846153846 0.7331730769230769 0.09375 0.21634615384615385