0 0.12620192307692307 0.038461538461538464 0.18028846153846154 0.07692307692307693
0 0.30649038461538464 0.040865384615384616 0.19951923076923078 0.08173076923076923
0 0.49399038461538464 0.05048076923076923 0.18990384615384615 0.10096153846153846
0 0.6610576923076923 0.08653846153846154 0.18028846153846154 0.16346153846153846
0 0.8449519230769231 0.09495192307692307 0.18509615384615385 0.1466346153846154
0 0.10336538461538461 0.19471153846153846 0.1778846153846154 0.25961538461538464
0 0.2644230769230769 0.20192307692307693 0.20432692307692307 0.25961538461538464
0 0.9639423076923077 0.11538461538461539 0.07211538461538461 0.15865384615384615
0 0.9326923076923077 0.30649038461538464 0.1346153846153846 0.23317307692307693
0 0.4423076923076923 0.22596153846153846 0.2091346153846154 0.2644230769230769
0 0.6117788461538461 0.28966346153846156 0.19230769230769232 0.27163461538461536
0 0.7836538461538461 0.28846153846153844 0.19230769230769232 0.28125
0 0.06971153846153846 0.4387019230769231 0.13942307692307693 0.21875
0 0.21514423076923078 0.4423076923076923 0.19951923076923078 0.24759615384615385
0 0.38100961538461536 0.46634615384615385 0.19471153846153846 0.22355769230769232
0 0.5516826923076923 0.53125 0.19230769230769232 0.24759615384615385
0 0.7235576923076923 0.5360576923076923 0.19230769230769232 0.25240384615384615
0 0.8942307692307693 0.5324519230769231 0.19230769230769232 0.25961538461538464
0 0.038461538461538464 0.6574519230769231 0.07692307692307693 0.21875
0 0.1502403846153846 0.6778846153846154 0.18990384615384615 0.24759615384615385
0 0.31490384615384615 0.6947115384615384 0.18509615384615385 0.23557692307692307
0 0.4795673076923077 0.7319711538461539 0.18269230769230768 0.2091346153846154
0 0.6490384615384616 0.7451923076923077 0.1875 0.2091346153846154
0 0.8137019230769231 0.7463942307692307 0.18028846153846154 0.21394230769230768
0 0.9387019230769231 0.7487980769230769 0.10096153846153846 0.21875