0 0.04447115384615385 0.11177884615384616 0.0889423076923077 0.1658653846153846
0 0.17668269230769232 0.10096153846153846 0.18509615384615385 0.17067307692307693
0 0.05048076923076923 0.296875 0.10096153846153846 0.22355769230769232
0 0.046875 0.5240384615384616 0.09375 0.21634615384615385
0 0.06009615384615385 0.7439903846153846 0.10336538461538461 0.2283653846153846
0 0.18870192307692307 0.29447115384615385 0.19230769230769232 0.24278846153846154
0 0.20192307692307693 0.5168269230769231 0.18990384615384615 0.23317307692307693
0 0.3605769230769231 0.09495192307692307 0.19230769230769232 0.18509615384615385
0 0.3701923076923077 0.28125 0.18990384615384615 0.23317307692307693
0 0.38221153846153844 0.5036057692307693 0.18509615384615385 0.2283653846153846
0 0.5528846153846154 0.07932692307692307 0.19230769230769232 0.15865384615384615
0 0.7692307692307693 0.07211538461538461 0.1971153846153846 0.14423076923076922
0 0.5588942307692307 0.26802884615384615 0.20192307692307693 0.23317307692307693
0 0.7596153846153846 0.2608173076923077 0.19951923076923078 0.23798076923076922
0 0.9194711538461539 0.07091346153846154 0.11298076923076923 0.14182692307692307
0 0.9266826923076923 0.25 0.12740384615384615 0.22596153846153846
0 0.9290865384615384 0.4795673076923077 0.14182692307692307 0.2283653846153846
0 0.7620192307692307 0.4855769230769231 0.20192307692307693 0.23798076923076922
0 0.5661057692307693 0.49158653846153844 0.19471153846153846 0.23317307692307693
0 0.20552884615384615 0.7331730769230769 0.18990384615384615 0.2403846153846154
0 0.38100961538461536 0.7247596153846154 0.18509615384615385 0.23317307692307693
0 0.578125 0.7175480769230769 0.19230769230769232 0.23798076923076922
0 0.765625 0.7139423076923077 0.20432692307692307 0.24759615384615385
0 0.9290865384615384 0.7067307692307693 0.14182692307692307 0.23076923076923078