0 0.08533653846153846 0.06610576923076923 0.12259615384615384 0.13221153846153846
0 0.234375 0.07211538461538461 0.18509615384615385 0.14423076923076922
0 0.0733173076923077 0.23557692307692307 0.125 0.22355769230769232
0 0.046875 0.45913461538461536 0.09375 0.21634615384615385
0 0.040865384615384616 0.6790865384615384 0.08173076923076923 0.2283653846153846
0 0.22115384615384615 0.25240384615384615 0.19230769230769232 0.24278846153846154
0 0.203125 0.47596153846153844 0.18990384615384615 0.23317307692307693
0 0.4182692307692308 0.08533653846153846 0.19230769230769232 0.17067307692307693
0 0.4014423076923077 0.265625 0.18990384615384615 0.23317307692307693
0 0.38341346153846156 0.48677884615384615 0.18509615384615385 0.2283653846153846
0 0.6129807692307693 0.08653846153846154 0.19230769230769232 0.17067307692307693
0 0.8293269230769231 0.10096153846153846 0.1971153846153846 0.17067307692307693
0 0.5901442307692307 0.27884615384615385 0.20192307692307693 0.23317307692307693
0 0.7896634615384616 0.29927884615384615 0.19951923076923078 0.23798076923076922
0 0.9603365384615384 0.11658653846153846 0.07932692307692307 0.17548076923076922
0 0.9471153846153846 0.31009615384615385 0.10576923076923077 0.22596153846153846
0 0.9278846153846154 0.5396634615384616 0.14423076923076922 0.2283653846153846
0 0.7608173076923077 0.5216346153846154 0.20192307692307693 0.23798076923076922
0 0.5661057692307693 0.5012019230769231 0.19471153846153846 0.23317307692307693
0 0.17548076923076922 0.6899038461538461 0.18990384615384615 0.2403846153846154
0 0.35096153846153844 0.7067307692307693 0.18509615384615385 0.23317307692307693
0 0.546875 0.7259615384615384 0.19230769230769232 0.23798076923076922
0 0.7331730769230769 0.7487980769230769 0.20432692307692307 0.24759615384615385
0 0.9050480769230769 0.7668269230769231 0.16105769230769232 0.23076923076923078