0 0.046875 0.10336538461538461 0.09375 0.16346153846153846
0 0.18389423076923078 0.09495192307692307 0.18269230769230768 0.16826923076923078
0 0.051682692307692304 0.28846153846153844 0.10336538461538461 0.22115384615384615
0 0.04567307692307692 0.5144230769230769 0.09134615384615384 0.21634615384615385
0 0.056490384615384616 0.7367788461538461 0.10096153846153846 0.2283653846153846
0 0.19230769230769232 0.28846153846153844 0.1875 0.2403846153846154
0 0.20192307692307693 0.5120192307692307 0.1875 0.23076923076923078
0 0.36778846153846156 0.09254807692307693 0.18990384615384615 0.18269230769230768
0 0.3737980769230769 0.27884615384615385 0.1875 0.23076923076923078
0 0.38221153846153844 0.5012019230769231 0.18269230769230768 0.22596153846153846
0 0.5612980769230769 0.07932692307692307 0.18990384615384615 0.15865384615384615
0 0.7776442307692307 0.0733173076923077 0.19471153846153846 0.1466346153846154
0 0.5625 0.2692307692307692 0.19951923076923078 0.23076923076923078
0 0.7632211538461539 0.265625 0.1971153846153846 0.23557692307692307
0 0.9254807692307693 0.0733173076923077 0.11057692307692307 0.1466346153846154
0 0.9314903846153846 0.25721153846153844 0.125 0.22355769230769232
0 0.9290865384615384 0.4879807692307692 0.14182692307692307 0.22596153846153846
0 0.7620192307692307 0.49038461538461536 0.19951923076923078 0.23557692307692307
0 0.5661057692307693 0.49278846153846156 0.19230769230769232 0.23076923076923078
0 0.20192307692307693 0.7271634615384616 0.1875 0.23798076923076922
0 0.37740384615384615 0.7235576923076923 0.18269230769230768 0.23076923076923078
0 0.5745192307692307 0.71875 0.18990384615384615 0.23557692307692307
0 0.7620192307692307 0.71875 0.19951923076923078 0.24519230769230768
0 0.9278846153846154 0.7151442307692307 0.14423076923076922 0.2283653846153846