0 0.12259615384615384 0.16346153846153846 0.21394230769230768 0.28846153846153844
0 0.3173076923076923 0.15384615384615385 0.21394230769230768 0.2932692307692308
0 0.5096153846153846 0.13221153846153846 0.20673076923076922 0.2644230769230769
0 0.7007211538461539 0.12620192307692307 0.21394230769230768 0.25240384615384615
0 0.8918269230769231 0.11298076923076923 0.1778846153846154 0.22596153846153846
0 0.15865384615384615 0.4362980769230769 0.2091346153846154 0.27884615384615385
0 0.3629807692307692 0.4026442307692308 0.21394230769230768 0.2692307692307692
0 0.5540865384615384 0.3954326923076923 0.2091346153846154 0.28125
0 0.7415865384615384 0.3798076923076923 0.20192307692307693 0.28125
0 0.9170673076923077 0.359375 0.1658653846153846 0.2764423076923077
0 0.1814903846153846 0.6983173076923077 0.20432692307692307 0.28125
0 0.04927884615384615 0.7103365384615384 0.09134615384615384 0.2668269230769231
0 0.016826923076923076 0.16826923076923078 0.03365384615384615 0.27403846153846156
0 0.03365384615384615 0.43990384615384615 0.0673076923076923 0.27403846153846156
0 0.37740384615384615 0.6730769230769231 0.21394230769230768 0.28365384615384615
0 0.5769230769230769 0.6634615384615384 0.20192307692307693 0.2956730769230769
0 0.7620192307692307 0.6478365384615384 0.20192307692307693 0.28125
0 0.9302884615384616 0.6177884615384616 0.13942307692307693 0.27403846153846156
0 0.2247596153846154 0.8762019230769231 0.18509615384615385 0.11778846153846154
0 0.4074519230769231 0.8629807692307693 0.19230769230769232 0.12259615384615384
0 0.6057692307692307 0.8521634615384616 0.19471153846153846 0.12259615384615384
0 0.7860576923076923 0.8293269230769231 0.1971153846153846 0.1201923076923077
0 0.9362980769230769 0.8137019230769231 0.12740384615384615 0.13701923076923078
0 0.07932692307692307 0.8870192307692307 0.10817307692307693 0.10817307692307693