0 0.24519230769230768 0.11057692307692307 0.2548076923076923 0.22115384615384615
0 0.43149038461538464 0.13701923076923078 0.25721153846153844 0.27403846153846156
0 0.625 0.14903846153846154 0.24759615384615385 0.2980769230769231
0 0.8112980769230769 0.1971153846153846 0.2548076923076923 0.30288461538461536
0 0.9447115384615384 0.23677884615384615 0.11057692307692307 0.28125
0 0.19471153846153846 0.3329326923076923 0.25 0.30528846153846156
0 0.40024038461538464 0.36538461538461536 0.25240384615384615 0.2980769230769231
0 0.5841346153846154 0.4170673076923077 0.25 0.3076923076923077
0 0.7680288461538461 0.46033653846153844 0.24278846153846154 0.30528846153846156
0 0.9182692307692307 0.49759615384615385 0.16346153846153846 0.2932692307692308
0 0.13581730769230768 0.5901442307692307 0.24519230769230768 0.30528846153846156
0 0.036057692307692304 0.5588942307692307 0.07211538461538461 0.27163461538461536
0 0.12620192307692307 0.08413461538461539 0.11298076923076923 0.16826923076923078
0 0.0673076923076923 0.2980769230769231 0.125 0.2764423076923077
0 0.3293269230769231 0.6274038461538461 0.2548076923076923 0.31009615384615385
0 0.5228365384615384 0.6790865384615384 0.24519230769230768 0.31971153846153844
0 0.703125 0.7211538461538461 0.24278846153846154 0.30528846153846156
0 0.8810096153846154 0.7487980769230769 0.19951923076923078 0.29086538461538464
0 0.12259615384615384 0.7728365384615384 0.1971153846153846 0.1466346153846154
0 0.29927884615384615 0.8161057692307693 0.20673076923076922 0.15144230769230768
0 0.49158653846153844 0.8665865384615384 0.2091346153846154 0.15384615384615385
0 0.6694711538461539 0.9014423076923077 0.21153846153846154 0.15144230769230768
0 0.8305288461538461 0.9302884615384616 0.17067307692307693 0.13942307692307693
0 0.020432692307692308 0.7367788461538461 0.040865384615384616 0.12259615384615384