0 0.11177884615384616 0.09014423076923077 0.21875 0.16105769230769232
0 0.32572115384615385 0.07932692307692307 0.21634615384615385 0.15384615384615385
0 0.5336538461538461 0.07572115384615384 0.21153846153846154 0.15144230769230768
0 0.7487980769230769 0.07211538461538461 0.21875 0.14423076923076922
0 0.9194711538461539 0.0673076923076923 0.13221153846153846 0.1346153846153846
0 0.12620192307692307 0.25600961538461536 0.21634615384615385 0.1875
0 0.3473557692307692 0.2439903846153846 0.21153846153846154 0.18028846153846154
0 0.7716346153846154 0.2283653846153846 0.21634615384615385 0.1875
0 0.9326923076923077 0.22115384615384615 0.12259615384615384 0.18509615384615385
0 0.5564903846153846 0.234375 0.21394230769230768 0.18028846153846154
0 0.5384615384615384 0.4831730769230769 0.2283653846153846 0.1875
0 0.7608173076923077 0.4735576923076923 0.22596153846153846 0.1875
0 0.9411057692307693 0.4675480769230769 0.11778846153846154 0.18509615384615385
0 0.109375 0.6875 0.21394230769230768 0.18990384615384615
0 0.3269230769230769 0.6778846153846154 0.23317307692307693 0.18990384615384615
0 0.5540865384615384 0.6682692307692307 0.22355769230769232 0.1971153846153846
0 0.7788461538461539 0.6610576923076923 0.23317307692307693 0.20192307692307693
0 0.9423076923076923 0.6550480769230769 0.11538461538461539 0.18509615384615385
0 0.11658653846153846 0.8557692307692307 0.21394230769230768 0.15865384615384615
0 0.33653846153846156 0.8473557692307693 0.22596153846153846 0.16826923076923078
0 0.5576923076923077 0.8389423076923077 0.22596153846153846 0.1658653846153846
0 0.7800480769230769 0.8317307692307693 0.23076923076923078 0.16826923076923078
0 0.9435096153846154 0.8221153846153846 0.11298076923076923 0.16826923076923078
0 0.13942307692307693 0.4266826923076923 0.21153846153846154 0.18028846153846154
0 0.3389423076923077 0.4170673076923077 0.18028846153846154 0.18028846153846154