0 0.625 0.29086538461538464 0.3076923076923077 0.3125
0 0.6394230769230769 0.8209134615384616 0.2932692307692308 0.17548076923076922
0 0.9002403846153846 0.3112980769230769 0.1971153846153846 0.28125
0 0.9098557692307693 0.59375 0.18028846153846154 0.2980769230769231
0 0.9146634615384616 0.8125 0.17067307692307693 0.15384615384615385
0 0.6382211538461539 0.5841346153846154 0.31009615384615385 0.3076923076923077
0 0.04927884615384615 0.11899038461538461 0.0985576923076923 0.21394230769230768
0 0.11778846153846154 0.3545673076923077 0.13221153846153846 0.2764423076923077
0 0.18389423076923078 0.12860576923076922 0.12740384615384615 0.2403846153846154
0 0.2800480769230769 0.3713942307692308 0.12740384615384615 0.2620192307692308
0 0.05048076923076923 0.625 0.10096153846153846 0.27403846153846156
0 0.20192307692307693 0.6237980769230769 0.12980769230769232 0.2668269230769231
0 0.12379807692307693 0.8365384615384616 0.13221153846153846 0.17307692307692307
0 0.28966346153846156 0.8353365384615384 0.1201923076923077 0.17307692307692307
0 0.35096153846153844 0.1310096153846154 0.125 0.23076923076923078