0 0.671875 0.328125 0.35336538461538464 0.3581730769230769
0 0.5576923076923077 0.8449519230769231 0.3173076923076923 0.22115384615384615
0 0.90625 0.41346153846153844 0.1875 0.3076923076923077
0 0.8798076923076923 0.6911057692307693 0.23557692307692307 0.32211538461538464
0 0.8341346153846154 0.90625 0.20432692307692307 0.18028846153846154
0 0.6129807692307693 0.6153846153846154 0.3557692307692308 0.35336538461538464
0 0.1466346153846154 0.06610576923076923 0.14903846153846154 0.13221153846153846
0 0.16346153846153846 0.2668269230769231 0.17548076923076922 0.29086538461538464
0 0.2824519230769231 0.09495192307692307 0.1658653846153846 0.18990384615384615
0 0.3173076923076923 0.32211538461538464 0.16826923076923078 0.2764423076923077
0 0.054086538461538464 0.5132211538461539 0.10817307692307693 0.2860576923076923
0 0.1814903846153846 0.5480769230769231 0.17307692307692307 0.28125
0 0.06610576923076923 0.734375 0.13221153846153846 0.18990384615384615
0 0.21394230769230768 0.7752403846153846 0.14903846153846154 0.1875
0 0.44350961538461536 0.1141826923076923 0.16105769230769232 0.2283653846153846