0 0.6466346153846154 0.30528846153846156 0.3173076923076923 0.32211538461538464
0 0.6057692307692307 0.8341346153846154 0.3004807692307692 0.18509615384615385
0 0.90625 0.3545673076923077 0.1875 0.2860576923076923
0 0.9014423076923077 0.6370192307692307 0.1971153846153846 0.30288461538461536
0 0.8870192307692307 0.8557692307692307 0.1875 0.15865384615384615
0 0.6286057692307693 0.5985576923076923 0.31971153846153844 0.3173076923076923
0 0.0829326923076923 0.09134615384615384 0.12259615384615384 0.18269230769230768
0 0.1346153846153846 0.31490384615384615 0.14182692307692307 0.27884615384615385
0 0.2247596153846154 0.109375 0.13701923076923078 0.21875
0 0.29447115384615385 0.34975961538461536 0.1346153846153846 0.2644230769230769
0 0.04807692307692308 0.578125 0.09615384615384616 0.2764423076923077
0 0.19110576923076922 0.5913461538461539 0.13701923076923078 0.2692307692307692
0 0.09014423076923077 0.7956730769230769 0.13942307692307693 0.1778846153846154
0 0.2548076923076923 0.8112980769230769 0.12740384615384615 0.17548076923076922
0 0.390625 0.11778846153846154 0.13221153846153846 0.23317307692307693