0 0.6658653846153846 0.32211538461538464 0.34615384615384615 0.35096153846153844
0 0.5697115384615384 0.8425480769230769 0.3125 0.21394230769230768
0 0.90625 0.39903846153846156 0.1875 0.30288461538461536
0 0.8858173076923077 0.6778846153846154 0.22596153846153846 0.3173076923076923
0 0.8473557692307693 0.8942307692307693 0.19951923076923078 0.17548076923076922
0 0.6165865384615384 0.6105769230769231 0.3485576923076923 0.34615384615384615
0 0.12860576923076922 0.07211538461538461 0.14182692307692307 0.14423076923076922
0 0.15625 0.2776442307692308 0.16826923076923078 0.28846153846153844
0 0.2668269230769231 0.0985576923076923 0.15865384615384615 0.1971153846153846
0 0.3112980769230769 0.3293269230769231 0.16105769230769232 0.27403846153846156
0 0.051682692307692304 0.5288461538461539 0.10336538461538461 0.28365384615384615
0 0.18269230769230768 0.5588942307692307 0.16346153846153846 0.27884615384615385
0 0.06850961538461539 0.75 0.13701923076923078 0.1875
0 0.22355769230769232 0.7848557692307693 0.14182692307692307 0.18509615384615385
0 0.43149038461538464 0.1141826923076923 0.15625 0.2283653846153846