0 0.3786057692307692 0.2932692307692308 0.15865384615384615 0.1466346153846154
0 0.5 0.05889423076923077 0.16346153846153846 0.11778846153846154
0 0.5108173076923077 0.15504807692307693 0.16105769230769232 0.13221153846153846
0 0.5252403846153846 0.2764423076923077 0.16346153846153846 0.14423076923076922
0 0.6526442307692307 0.040865384615384616 0.1658653846153846 0.08173076923076923
0 0.8137019230769231 0.014423076923076924 0.16105769230769232 0.028846153846153848
0 0.6646634615384616 0.11778846153846154 0.1658653846153846 0.13942307692307693
0 0.8125 0.08533653846153846 0.16826923076923078 0.15384615384615385
0 0.6838942307692307 0.23557692307692307 0.1658653846153846 0.14903846153846154
0 0.8257211538461539 0.20793269230769232 0.16346153846153846 0.1466346153846154
0 0.3918269230769231 0.41225961538461536 0.16105769230769232 0.1346153846153846
0 0.5372596153846154 0.3954326923076923 0.15865384615384615 0.14182692307692307
0 0.6862980769230769 0.3557692307692308 0.17067307692307693 0.13942307692307693
0 0.8377403846153846 0.3269230769230769 0.16826923076923078 0.13701923076923078
0 0.5576923076923077 0.5180288461538461 0.1658653846153846 0.14903846153846154
0 0.7007211538461539 0.47596153846153844 0.1658653846153846 0.14182692307692307
0 0.8557692307692307 0.44711538461538464 0.16105769230769232 0.14182692307692307
0 0.9206730769230769 0.078125 0.055288461538461536 0.1346153846153846
0 0.9314903846153846 0.20673076923076922 0.07451923076923077 0.12980769230769232
0 0.9519230769230769 0.32211538461538464 0.06971153846153846 0.12259615384615384
0 0.9603365384615384 0.4362980769230769 0.07932692307692307 0.10817307692307693
0 0.008413461538461538 0.3713942307692308 0.016826923076923076 0.12259615384615384
0 0.02283653846153846 0.484375 0.04567307692307692 0.12259615384615384
0 0.03485576923076923 0.6021634615384616 0.0673076923076923 0.11778846153846154
0 0.052884615384615384 0.7067307692307693 0.06971153846153846 0.11298076923076923
0 0.0733173076923077 0.8197115384615384 0.07451923076923077 0.125
0 0.09134615384615384 0.9302884615384616 0.07451923076923077 0.11298076923076923
0 0.5745192307692307 0.6346153846153846 0.1658653846153846 0.13942307692307693
0 0.3076923076923077 0.7860576923076923 0.15144230769230768 0.12980769230769232
0 0.44350961538461536 0.7572115384615384 0.15865384615384615 0.13701923076923078
0 0.5901442307692307 0.7403846153846154 0.15625 0.12740384615384615
0 0.7271634615384616 0.59375 0.16105769230769232 0.1466346153846154
0 0.8725961538461539 0.5661057692307693 0.17067307692307693 0.14182692307692307
0 0.96875 0.5420673076923077 0.0625 0.12740384615384615
0 0.7379807692307693 0.7139423076923077 0.1658653846153846 0.13942307692307693
0 0.8834134615384616 0.6826923076923077 0.1658653846153846 0.14423076923076922
0 0.9735576923076923 0.6586538461538461 0.052884615384615384 0.125
0 0.3293269230769231 0.890625 0.15384615384615385 0.125
0 0.4651442307692308 0.8677884615384616 0.15384615384615385 0.13221153846153846
0 0.6081730769230769 0.8425480769230769 0.15625 0.1346153846153846
0 0.7463942307692307 0.8221153846153846 0.15865384615384615 0.12740384615384615
0 0.8930288461538461 0.8028846153846154 0.1658653846153846 0.12740384615384615
0 0.9783653846153846 0.7752403846153846 0.04326923076923077 0.12259615384615384
0 0.06370192307692307 0.1141826923076923 0.12740384615384615 0.11778846153846154
0 0.3641826923076923 0.171875 0.16346153846153846 0.14903846153846154
0 0.34615384615384615 0.06850961538461539 0.15865384615384615 0.1201923076923077
0 0.1971153846153846 0.09375 0.16346153846153846 0.125
0 0.20673076923076922 0.19230769230769232 0.17067307692307693 0.17307692307692307
0 0.23197115384615385 0.31009615384615385 0.16826923076923078 0.16105769230769232
0 0.2439903846153846 0.4266826923076923 0.16346153846153846 0.15625
0 0.25600961538461536 0.5456730769230769 0.16105769230769232 0.16105769230769232
0 0.2776442307692308 0.6634615384615384 0.15865384615384615 0.15625
0 0.43149038461538464 0.6430288461538461 0.16105769230769232 0.1346153846153846
0 0.41346153846153844 0.5300480769230769 0.16105769230769232 0.14903846153846154
0 0.07211538461538461 0.22235576923076922 0.14423076923076922 0.1466346153846154
0 0.08774038461538461 0.34375 0.16105769230769232 0.14423076923076922
0 0.1045673076923077 0.45913461538461536 0.15144230769230768 0.13701923076923078
0 0.12379807692307693 0.5793269230769231 0.15384615384615385 0.14182692307692307
0 0.1466346153846154 0.6899038461538461 0.14903846153846154 0.13221153846153846
0 0.16706730769230768 0.7980769230769231 0.15144230769230768 0.13701923076923078
0 0.1875 0.9086538461538461 0.15384615384615385 0.12740384615384615