0 0.1778846153846154 0.16826923076923078 0.23557692307692307 0.27163461538461536
0 0.13701923076923078 0.40625 0.23557692307692307 0.2692307692307692
0 0.09975961538461539 0.6334134615384616 0.19951923076923078 0.27163461538461536
0 0.36899038461538464 0.21033653846153846 0.23076923076923078 0.25721153846153844
0 0.31971153846153844 0.44350961538461536 0.2283653846153846 0.2668269230769231
0 0.27403846153846156 0.6694711538461539 0.23557692307692307 0.2692307692307692
0 0.5552884615384616 0.25240384615384615 0.22596153846153846 0.25961538461538464
0 0.5036057692307693 0.47836538461538464 0.22596153846153846 0.2620192307692308
0 0.4567307692307692 0.7019230769230769 0.22355769230769232 0.2620192307692308
0 0.7415865384615384 0.2920673076923077 0.22115384615384615 0.2668269230769231
0 0.6887019230769231 0.515625 0.22115384615384615 0.25961538461538464
0 0.6394230769230769 0.7451923076923077 0.22596153846153846 0.2644230769230769
0 0.9074519230769231 0.3245192307692308 0.18509615384615385 0.2692307692307692
0 0.8701923076923077 0.5552884615384616 0.22355769230769232 0.2668269230769231
0 0.8257211538461539 0.7836538461538461 0.22596153846153846 0.2668269230769231