0 0.0985576923076923 0.2980769230769231 0.1971153846153846 0.2644230769230769
0 0.12740384615384615 0.5360576923076923 0.2283653846153846 0.2620192307692308
0 0.15625 0.7680288461538461 0.22355769230769232 0.2668269230769231
0 0.2776442307692308 0.27283653846153844 0.22596153846153846 0.25
0 0.3112980769230769 0.5084134615384616 0.22115384615384615 0.2620192307692308
0 0.3449519230769231 0.7367788461538461 0.2283653846153846 0.2620192307692308
0 0.4675480769230769 0.24879807692307693 0.21875 0.2548076923076923
0 0.4963942307692308 0.47836538461538464 0.21875 0.25721153846153844
0 0.5288461538461539 0.7043269230769231 0.21634615384615385 0.25721153846153844
0 0.6550480769230769 0.22235576923076922 0.21394230769230768 0.2620192307692308
0 0.6826923076923077 0.45072115384615385 0.21394230769230768 0.2548076923076923
0 0.7151442307692307 0.6826923076923077 0.21875 0.25961538461538464
0 0.8413461538461539 0.18990384615384615 0.21875 0.2644230769230769
0 0.8665865384615384 0.4254807692307692 0.21634615384615385 0.2620192307692308
0 0.8966346153846154 0.6550480769230769 0.20673076923076922 0.2620192307692308