0 0.18629807692307693 0.09735576923076923 0.2091346153846154 0.19471153846153846
0 0.3485576923076923 0.12139423076923077 0.20192307692307693 0.2283653846153846
0 0.5048076923076923 0.15384615384615385 0.20432692307692307 0.23798076923076922
0 0.6586538461538461 0.19230769230769232 0.20192307692307693 0.23317307692307693
0 0.8112980769230769 0.23798076923076922 0.20192307692307693 0.23317307692307693
0 0.9350961538461539 0.27403846153846156 0.12980769230769232 0.23557692307692307
0 0.13942307692307693 0.2776442307692308 0.20432692307692307 0.23557692307692307
0 0.29927884615384615 0.31971153846153844 0.20192307692307693 0.2283653846153846
0 0.4543269230769231 0.35216346153846156 0.18990384615384615 0.22355769230769232
0 0.6033653846153846 0.3942307692307692 0.1971153846153846 0.22596153846153846
0 0.7596153846153846 0.4375 0.1971153846153846 0.23076923076923078
0 0.9074519230769231 0.47596153846153844 0.18509615384615385 0.23557692307692307
0 0.09615384615384616 0.47115384615384615 0.19230769230769232 0.23076923076923078
0 0.24639423076923078 0.515625 0.19951923076923078 0.22596153846153846
0 0.40625 0.5480769230769231 0.1971153846153846 0.22596153846153846
0 0.5588942307692307 0.5913461538461539 0.1971153846153846 0.22596153846153846
0 0.7139423076923077 0.6358173076923077 0.19951923076923078 0.22596153846153846
0 0.8713942307692307 0.6742788461538461 0.20432692307692307 0.23798076923076922
0 0.07091346153846154 0.6682692307692307 0.14182692307692307 0.22596153846153846
0 0.19951923076923078 0.7079326923076923 0.1971153846153846 0.22115384615384615
0 0.3557692307692308 0.7463942307692307 0.19951923076923078 0.23076923076923078
0 0.5072115384615384 0.7848557692307693 0.19230769230769232 0.21875
0 0.6646634615384616 0.8257211538461539 0.1971153846153846 0.22115384615384615
0 0.8245192307692307 0.8677884615384616 0.20673076923076922 0.2283653846153846