0 0.08774038461538461 0.3954326923076923 0.17548076923076922 0.3581730769230769
0 0.22596153846153846 0.36778846153846156 0.22596153846153846 0.36538461538461536
0 0.3858173076923077 0.33653846153846156 0.21875 0.3389423076923077
0 0.5408653846153846 0.3016826923076923 0.21875 0.34615384615384615
0 0.13221153846153846 0.7211538461538461 0.22115384615384615 0.3557692307692308
0 0.2920673076923077 0.6887019230769231 0.22115384615384615 0.3557692307692308
0 0.4519230769230769 0.6550480769230769 0.21875 0.34134615384615385
0 0.6081730769230769 0.625 0.21875 0.35336538461538464
0 0.7007211538461539 0.27403846153846156 0.22115384615384615 0.3485576923076923
0 0.7668269230769231 0.5997596153846154 0.21875 0.34615384615384615
0 0.8605769230769231 0.23677884615384615 0.2283653846153846 0.35336538461538464
0 0.9086538461538461 0.5625 0.18269230769230768 0.34615384615384615