0 0.09014423076923077 0.31490384615384615 0.16826923076923078 0.33413461538461536
0 0.25600961538461536 0.31850961538461536 0.16346153846153846 0.34134615384615385
0 0.4182692307692308 0.3173076923076923 0.16105769230769232 0.31490384615384615
0 0.5769230769230769 0.3137019230769231 0.16105769230769232 0.32211538461538464
0 0.09615384615384616 0.6466346153846154 0.16105769230769232 0.3317307692307692
0 0.25961538461538464 0.6466346153846154 0.16105769230769232 0.3317307692307692
0 0.4230769230769231 0.6430288461538461 0.16105769230769232 0.3173076923076923
0 0.5817307692307693 0.6430288461538461 0.15865384615384615 0.3317307692307692
0 0.7391826923076923 0.3161057692307692 0.16346153846153846 0.3245192307692308
0 0.7427884615384616 0.6478365384615384 0.16105769230769232 0.32211538461538464
0 0.9038461538461539 0.31009615384615385 0.16826923076923078 0.3293269230769231
0 0.9074519230769231 0.6430288461538461 0.16346153846153846 0.32211538461538464