0 0.0889423076923077 0.40384615384615385 0.1778846153846154 0.3605769230769231
0 0.22355769230769232 0.37259615384615385 0.23076923076923078 0.36538461538461536
0 0.38221153846153844 0.3389423076923077 0.22355769230769232 0.3389423076923077
0 0.5372596153846154 0.3016826923076923 0.22355769230769232 0.34615384615384615
0 0.13581730769230768 0.7271634615384616 0.22596153846153846 0.3557692307692308
0 0.2956730769230769 0.6923076923076923 0.22596153846153846 0.3557692307692308
0 0.4543269230769231 0.65625 0.22355769230769232 0.34134615384615385
0 0.609375 0.6225961538461539 0.22355769230769232 0.3557692307692308
0 0.6959134615384616 0.2704326923076923 0.22596153846153846 0.3485576923076923
0 0.7680288461538461 0.5949519230769231 0.22355769230769232 0.34615384615384615
0 0.8557692307692307 0.23076923076923078 0.23317307692307693 0.3557692307692308
0 0.9074519230769231 0.5552884615384616 0.18509615384615385 0.34615384615384615