0 0.10096153846153846 0.2932692307692308 0.17548076923076922 0.33653846153846156
0 0.2668269230769231 0.30528846153846156 0.17067307692307693 0.34375
0 0.42788461538461536 0.3137019230769231 0.1658653846153846 0.3173076923076923
0 0.5865384615384616 0.3173076923076923 0.16826923076923078 0.3245192307692308
0 0.0889423076923077 0.625 0.16826923076923078 0.33413461538461536
0 0.25240384615384615 0.6334134615384616 0.16826923076923078 0.33413461538461536
0 0.41586538461538464 0.6394230769230769 0.16826923076923078 0.31971153846153844
0 0.5745192307692307 0.6466346153846154 0.1658653846153846 0.33413461538461536
0 0.7487980769230769 0.3293269230769231 0.17067307692307693 0.3269230769230769
0 0.734375 0.6610576923076923 0.16826923076923078 0.3245192307692308
0 0.9122596153846154 0.3317307692307692 0.17548076923076922 0.3317307692307692
0 0.8990384615384616 0.6646634615384616 0.17067307692307693 0.3245192307692308