0 0.09495192307692307 0.3161057692307692 0.18990384615384615 0.2860576923076923
0 0.25961538461538464 0.28365384615384615 0.2283653846153846 0.2764423076923077
0 0.11538461538461539 0.5685096153846154 0.23076923076923078 0.28125
0 0.1622596153846154 0.8125 0.23076923076923078 0.27403846153846156
0 0.30649038461538464 0.5276442307692307 0.2283653846153846 0.2764423076923077
0 0.3545673076923077 0.7716346153846154 0.23076923076923078 0.27163461538461536
0 0.4495192307692308 0.25 0.2283653846153846 0.27884615384615385
0 0.4963942307692308 0.49038461538461536 0.2283653846153846 0.2764423076923077
0 0.5444711538461539 0.7331730769230769 0.22355769230769232 0.27163461538461536
0 0.6382211538461539 0.21514423076923078 0.23317307692307693 0.27163461538461536
0 0.6887019230769231 0.46153846153846156 0.22596153846153846 0.2668269230769231
0 0.7331730769230769 0.7007211538461539 0.22596153846153846 0.25961538461538464
0 0.9038461538461539 0.6598557692307693 0.19230769230769232 0.2764423076923077
0 0.8810096153846154 0.41947115384615385 0.23798076923076922 0.28125
0 0.8305288461538461 0.171875 0.23076923076923078 0.27163461538461536