0 0.0985576923076923 0.2776442307692308 0.1971153846153846 0.27163461538461536
0 0.27884615384615385 0.26322115384615385 0.2091346153846154 0.2620192307692308
0 0.11057692307692307 0.5348557692307693 0.21394230769230768 0.2692307692307692
0 0.13581730769230768 0.7824519230769231 0.21153846153846154 0.2620192307692308
0 0.30528846153846156 0.5108173076923077 0.2091346153846154 0.2620192307692308
0 0.3317307692307692 0.7584134615384616 0.21153846153846154 0.25961538461538464
0 0.47115384615384615 0.24639423076923078 0.2091346153846154 0.2644230769230769
0 0.49759615384615385 0.49038461538461536 0.2091346153846154 0.2620192307692308
0 0.5240384615384616 0.7355769230769231 0.20432692307692307 0.25961538461538464
0 0.6622596153846154 0.2283653846153846 0.21394230769230768 0.25961538461538464
0 0.6911057692307693 0.47716346153846156 0.2091346153846154 0.2548076923076923
0 0.7151442307692307 0.7199519230769231 0.2091346153846154 0.24759615384615385
0 0.9014423076923077 0.6947115384615384 0.1971153846153846 0.2644230769230769
0 0.8882211538461539 0.4543269230769231 0.21875 0.2668269230769231
0 0.8581730769230769 0.20192307692307693 0.21153846153846154 0.25961538461538464