0 0.09375 0.33052884615384615 0.1875 0.29086538461538464
0 0.25240384615384615 0.2920673076923077 0.23557692307692307 0.28125
0 0.11899038461538461 0.5805288461538461 0.23798076923076922 0.2860576923076923
0 0.17307692307692307 0.8245192307692307 0.23798076923076922 0.27884615384615385
0 0.3076923076923077 0.5348557692307693 0.23557692307692307 0.28125
0 0.3641826923076923 0.7764423076923077 0.23557692307692307 0.2764423076923077
0 0.43990384615384615 0.25240384615384615 0.23557692307692307 0.28365384615384615
0 0.4963942307692308 0.49038461538461536 0.23557692307692307 0.28125
0 0.5516826923076923 0.7307692307692307 0.23076923076923078 0.2764423076923077
0 0.6274038461538461 0.21033653846153846 0.23798076923076922 0.2764423076923077
0 0.6862980769230769 0.4543269230769231 0.23317307692307693 0.27163461538461536
0 0.7403846153846154 0.6923076923076923 0.23076923076923078 0.2644230769230769
0 0.9050480769230769 0.6430288461538461 0.18990384615384615 0.28125
0 0.8786057692307693 0.4074519230769231 0.24278846153846154 0.2860576923076923
0 0.8185096153846154 0.15985576923076922 0.23557692307692307 0.2764423076923077