0 0.040865384615384616 0.15144230769230768 0.08173076923076923 0.15384615384615385
0 0.08173076923076923 0.3485576923076923 0.16346153846153846 0.3173076923076923
0 0.11298076923076923 0.6153846153846154 0.22596153846153846 0.30288461538461536
0 0.2091346153846154 0.10096153846153846 0.2932692307692308 0.15625
0 0.4855769230769231 0.0625 0.3076923076923077 0.125
0 0.7692307692307693 0.03125 0.28846153846153844 0.0625
0 0.2403846153846154 0.30649038461538464 0.2620192307692308 0.32211538461538464
0 0.4567307692307692 0.2608173076923077 0.2764423076923077 0.3317307692307692
0 0.6802884615384616 0.21394230769230768 0.28365384615384615 0.34134615384615385
0 0.8677884615384616 0.18028846153846154 0.2091346153846154 0.34615384615384615
0 0.11298076923076923 0.6165865384615384 0.22596153846153846 0.3004807692307692
0 0.33533653846153844 0.5733173076923077 0.3076923076923077 0.32211538461538464
0 0.6057692307692307 0.5300480769230769 0.35096153846153844 0.3581730769230769
0 0.8641826923076923 0.4831730769230769 0.27163461538461536 0.33653846153846156
0 0.1814903846153846 0.8617788461538461 0.2403846153846154 0.2764423076923077
0 0.375 0.828125 0.25240384615384615 0.27163461538461536
0 0.5889423076923077 0.7920673076923077 0.25961538461538464 0.2692307692307692
0 0.8149038461538461 0.7536057692307693 0.2692307692307692 0.25240384615384615
0 0.9579326923076923 0.7259615384615384 0.08413461538461539 0.22115384615384615