0 0.06370192307692307 0.08653846153846154 0.12740384615384615 0.1346153846153846
0 0.08533653846153846 0.28846153846153844 0.17067307692307693 0.2980769230769231
0 0.0985576923076923 0.5588942307692307 0.1971153846153846 0.28125
0 0.26802884615384615 0.06490384615384616 0.28365384615384615 0.1201923076923077
0 0.5480769230769231 0.054086538461538464 0.2980769230769231 0.10817307692307693
0 0.8365384615384616 0.04326923076923077 0.27884615384615385 0.08653846153846154
0 0.2704326923076923 0.27283653846153844 0.22596153846153846 0.2956730769230769
0 0.49038461538461536 0.25721153846153844 0.23798076923076922 0.3076923076923077
0 0.71875 0.24158653846153846 0.24519230769230768 0.31490384615384615
0 0.9086538461538461 0.234375 0.16826923076923078 0.3293269230769231
0 0.0985576923076923 0.5600961538461539 0.1971153846153846 0.27884615384615385
0 0.3269230769230769 0.5504807692307693 0.27403846153846156 0.29086538461538464
0 0.6009615384615384 0.5444711538461539 0.31490384615384615 0.32211538461538464
0 0.8737980769230769 0.5360576923076923 0.25240384615384615 0.3076923076923077
0 0.13341346153846154 0.8137019230769231 0.2091346153846154 0.25240384615384615
0 0.33052884615384615 0.8076923076923077 0.22355769230769232 0.24519230769230768
0 0.546875 0.8016826923076923 0.23076923076923078 0.24278846153846154
0 0.7764423076923077 0.7944711538461539 0.24278846153846154 0.22355769230769232
0 0.9471153846153846 0.7920673076923077 0.10576923076923077 0.2091346153846154