0 0.12860576923076922 0.24158653846153846 0.23076923076923078 0.22115384615384615
0 0.36658653846153844 0.2620192307692308 0.2860576923076923 0.23317307692307693
0 0.6382211538461539 0.28725961538461536 0.2860576923076923 0.2283653846153846
0 0.8810096153846154 0.3076923076923077 0.23798076923076922 0.22596153846153846
0 0.11658653846153846 0.4423076923076923 0.23317307692307693 0.21153846153846154
0 0.36538461538461536 0.4675480769230769 0.2860576923076923 0.21634615384615385
0 0.6346153846153846 0.4891826923076923 0.28125 0.21634615384615385
0 0.8798076923076923 0.5108173076923077 0.2403846153846154 0.21394230769230768
0 0.10817307692307693 0.6370192307692307 0.21634615384615385 0.20673076923076922
0 0.3485576923076923 0.6622596153846154 0.2644230769230769 0.2091346153846154
0 0.6009615384615384 0.6838942307692307 0.2764423076923077 0.21394230769230768
0 0.8581730769230769 0.7103365384615384 0.2668269230769231 0.22115384615384615