0 0.09735576923076923 0.35336538461538464 0.19471153846153846 0.2403846153846154
0 0.30528846153846156 0.3076923076923077 0.30528846153846156 0.25961538461538464
0 0.5745192307692307 0.25841346153846156 0.30288461538461536 0.2548076923076923
0 0.8269230769230769 0.20793269230769232 0.28125 0.24759615384615385
0 0.1201923076923077 0.5504807692307693 0.2403846153846154 0.23076923076923078
0 0.36177884615384615 0.5060096153846154 0.3004807692307692 0.24278846153846154
0 0.6262019230769231 0.4519230769230769 0.2956730769230769 0.24278846153846154
0 0.8701923076923077 0.40384615384615385 0.25961538461538464 0.23557692307692307
0 0.15144230769230768 0.7439903846153846 0.2548076923076923 0.22596153846153846
0 0.39903846153846156 0.6971153846153846 0.28125 0.23076923076923078
0 0.6478365384615384 0.6490384615384616 0.29086538461538464 0.23798076923076922
0 0.8798076923076923 0.6021634615384616 0.2403846153846154 0.24278846153846154