0 0.11899038461538461 0.2548076923076923 0.22355769230769232 0.21634615384615385
0 0.3581730769230769 0.2668269230769231 0.27884615384615385 0.22596153846153846
0 0.6310096153846154 0.2824519230769231 0.27884615384615385 0.22115384615384615
0 0.8786057692307693 0.2956730769230769 0.24278846153846154 0.21634615384615385
0 0.11298076923076923 0.45552884615384615 0.22596153846153846 0.20432692307692307
0 0.3641826923076923 0.4723557692307692 0.27884615384615385 0.2091346153846154
0 0.6346153846153846 0.484375 0.27403846153846156 0.2091346153846154
0 0.8822115384615384 0.49759615384615385 0.23557692307692307 0.20673076923076922
0 0.109375 0.6526442307692307 0.21875 0.19951923076923078
0 0.3545673076923077 0.6670673076923077 0.25961538461538464 0.19951923076923078
0 0.6069711538461539 0.6802884615384616 0.2692307692307692 0.20673076923076922
0 0.8653846153846154 0.6971153846153846 0.25961538461538464 0.21153846153846154