0 0.16706730769230768 0.19230769230769232 0.2548076923076923 0.24759615384615385
0 0.4014423076923077 0.24519230769230768 0.31009615384615385 0.2668269230769231
0 0.6658653846153846 0.3088942307692308 0.3076923076923077 0.2620192307692308
0 0.8870192307692307 0.36538461538461536 0.22596153846153846 0.2548076923076923
0 0.12740384615384615 0.38822115384615385 0.2548076923076923 0.23798076923076922
0 0.3713942307692308 0.4495192307692308 0.30528846153846156 0.25
0 0.6346153846153846 0.5072115384615384 0.3004807692307692 0.25
0 0.8713942307692307 0.5625 0.25721153846153844 0.2403846153846154
0 0.10576923076923077 0.5805288461538461 0.21153846153846154 0.23317307692307693
0 0.3269230769230769 0.6394230769230769 0.2860576923076923 0.23798076923076922
0 0.5745192307692307 0.6959134615384616 0.2956730769230769 0.24519230769230768
0 0.8257211538461539 0.7572115384615384 0.28846153846153844 0.25