0 0.5060096153846154 0.2247596153846154 0.22115384615384615 0.24278846153846154
0 0.48197115384615385 0.6694711538461539 0.2091346153846154 0.22355769230769232
0 0.7103365384615384 0.23557692307692307 0.2091346153846154 0.23557692307692307
0 0.9074519230769231 0.24158653846153846 0.18509615384615385 0.24278846153846154
0 0.4951923076923077 0.4567307692307692 0.21875 0.2283653846153846
0 0.9014423076923077 0.47716346153846156 0.1971153846153846 0.2283653846153846
0 0.7019230769230769 0.46274038461538464 0.21153846153846154 0.23076923076923078
0 0.6850961538461539 0.6850961538461539 0.21394230769230768 0.22355769230769232
0 0.8846153846153846 0.6935096153846154 0.1971153846153846 0.21875
0 0.2283653846153846 0.7103365384615384 0.2692307692307692 0.21394230769230768
0 0.47475961538461536 0.8533653846153846 0.20673076923076922 0.13942307692307693
0 0.8810096153846154 0.8774038461538461 0.20673076923076922 0.13701923076923078
0 0.671875 0.8581730769230769 0.2091346153846154 0.1466346153846154