0 0.13341346153846154 0.20072115384615385 0.22115384615384615 0.33653846153846156
0 0.2776442307692308 0.08653846153846154 0.13701923076923078 0.17307692307692307
0 0.3762019230769231 0.09735576923076923 0.15144230769230768 0.19471153846153846
0 0.49158653846153844 0.1045673076923077 0.15625 0.2091346153846154
0 0.6262019230769231 0.1201923076923077 0.16346153846153846 0.2283653846153846
0 0.7632211538461539 0.1346153846153846 0.18028846153846154 0.20673076923076922
0 0.3233173076923077 0.30649038461538464 0.16346153846153846 0.27403846153846156
0 0.4543269230769231 0.33774038461538464 0.16346153846153846 0.2860576923076923
0 0.5817307692307693 0.3581730769230769 0.17307692307692307 0.2980769230769231
0 0.7211538461538461 0.375 0.1971153846153846 0.31971153846153844
0 0.2692307692307692 0.5588942307692307 0.1466346153846154 0.27403846153846156
0 0.40625 0.6033653846153846 0.18269230769230768 0.3004807692307692
0 0.5336538461538461 0.6322115384615384 0.18509615384615385 0.30528846153846156
0 0.6706730769230769 0.6658653846153846 0.1971153846153846 0.31971153846153844
0 0.2283653846153846 0.7740384615384616 0.16346153846153846 0.22355769230769232