0 0.14903846153846154 0.18269230769230768 0.23557692307692307 0.34134615384615385
0 0.3004807692307692 0.08173076923076923 0.14903846153846154 0.16346153846153846
0 0.39783653846153844 0.09495192307692307 0.16105769230769232 0.18990384615384615
0 0.5132211538461539 0.10576923076923077 0.1658653846153846 0.21153846153846154
0 0.6466346153846154 0.12740384615384615 0.17307692307692307 0.23076923076923078
0 0.7824519230769231 0.14903846153846154 0.18990384615384615 0.21394230769230768
0 0.33413461538461536 0.2980769230769231 0.17307692307692307 0.2764423076923077
0 0.46274038461538464 0.33533653846153844 0.1778846153846154 0.28846153846153844
0 0.5889423076923077 0.36177884615384615 0.1875 0.3004807692307692
0 0.7271634615384616 0.3870192307692308 0.2091346153846154 0.3245192307692308
0 0.2668269230769231 0.546875 0.15865384615384615 0.2764423076923077
0 0.4014423076923077 0.5985576923076923 0.1971153846153846 0.30528846153846156
0 0.5276442307692307 0.6346153846153846 0.1971153846153846 0.31009615384615385
0 0.6622596153846154 0.6742788461538461 0.2091346153846154 0.3245192307692308
0 0.21514423076923078 0.7596153846153846 0.17307692307692307 0.22596153846153846