0 0.09134615384615384 0.2620192307692308 0.17548076923076922 0.31490384615384615
0 0.21153846153846154 0.10336538461538461 0.10576923076923077 0.20673076923076922
0 0.3112980769230769 0.10697115384615384 0.11778846153846154 0.21394230769230768
0 0.42788461538461536 0.1045673076923077 0.125 0.2091346153846154
0 0.5649038461538461 0.10576923076923077 0.1346153846153846 0.21153846153846154
0 0.703125 0.0985576923076923 0.15625 0.1875
0 0.2956730769230769 0.33653846153846156 0.125 0.2620192307692308
0 0.42908653846153844 0.3473557692307692 0.125 0.27403846153846156
0 0.5576923076923077 0.3473557692307692 0.13221153846153846 0.28365384615384615
0 0.6995192307692307 0.3425480769230769 0.15144230769230768 0.30288461538461536
0 0.28125 0.5949519230769231 0.10817307692307693 0.2620192307692308
0 0.42427884615384615 0.6165865384615384 0.14182692307692307 0.2860576923076923
0 0.5540865384615384 0.6262019230769231 0.14182692307692307 0.29086538461538464
0 0.6947115384615384 0.6370192307692307 0.15144230769230768 0.30288461538461536
0 0.27524038461538464 0.8137019230769231 0.1346153846153846 0.20673076923076922