0 0.13701923076923078 0.04326923076923077 0.24519230769230768 0.08653846153846154
0 0.12620192307692307 0.21514423076923078 0.24278846153846154 0.28125
0 0.11538461538461539 0.484375 0.23076923076923078 0.27163461538461536
0 0.11778846153846154 0.7451923076923077 0.23557692307692307 0.2692307692307692
0 0.3713942307692308 0.22235576923076922 0.25721153846153844 0.2764423076923077
0 0.3629807692307692 0.4855769230769231 0.25240384615384615 0.27163461538461536
0 0.3641826923076923 0.75 0.25 0.27163461538461536
0 0.6069711538461539 0.23317307692307693 0.23076923076923078 0.24759615384615385
0 0.609375 0.4951923076923077 0.24519230769230768 0.27403846153846156
0 0.6045673076923077 0.7596153846153846 0.24519230769230768 0.2692307692307692
0 0.84375 0.07932692307692307 0.19471153846153846 0.14182692307692307
0 0.8329326923076923 0.25 0.19230769230769232 0.21394230769230768
0 0.8545673076923077 0.4951923076923077 0.2548076923076923 0.27884615384615385
0 0.8449519230769231 0.765625 0.25240384615384615 0.27884615384615385