0 0.08774038461538461 0.11899038461538461 0.17548076923076922 0.13701923076923078
0 0.10697115384615384 0.29927884615384615 0.21394230769230768 0.31009615384615385
0 0.12620192307692307 0.5661057692307693 0.25240384615384615 0.3004807692307692
0 0.17067307692307693 0.8209134615384616 0.28125 0.3004807692307692
0 0.3161057692307692 0.2548076923076923 0.29086538461538464 0.30528846153846156
0 0.3629807692307692 0.5144230769230769 0.2860576923076923 0.30288461538461536
0 0.4182692307692308 0.7728365384615384 0.28365384615384615 0.30288461538461536
0 0.5492788461538461 0.21634615384615385 0.2620192307692308 0.2764423076923077
0 0.6057692307692307 0.4723557692307692 0.27884615384615385 0.30288461538461536
0 0.65625 0.7319711538461539 0.2764423076923077 0.2980769230769231
0 0.7475961538461539 0.04927884615384615 0.21153846153846154 0.0985576923076923
0 0.7740384615384616 0.18509615384615385 0.21875 0.23557692307692307
0 0.8461538461538461 0.421875 0.28846153846153844 0.31009615384615385
0 0.875 0.6887019230769231 0.25 0.31009615384615385