0 0.20432692307692307 0.028846153846153848 0.2548076923076923 0.057692307692307696
0 0.16947115384615385 0.1658653846153846 0.2764423076923077 0.31009615384615385
0 0.12620192307692307 0.43149038461538464 0.25240384615384615 0.3004807692307692
0 0.11057692307692307 0.6887019230769231 0.22115384615384615 0.3004807692307692
0 0.4110576923076923 0.20673076923076922 0.29086538461538464 0.30528846153846156
0 0.36658653846153844 0.46634615384615385 0.2860576923076923 0.30288461538461536
0 0.33052884615384615 0.7283653846153846 0.28365384615384615 0.30288461538461536
0 0.6430288461538461 0.25 0.2620192307692308 0.2764423076923077
0 0.609375 0.5108173076923077 0.27884615384615385 0.30288461538461536
0 0.5673076923076923 0.7716346153846154 0.2764423076923077 0.2980769230769231
0 0.8966346153846154 0.1310096153846154 0.20673076923076922 0.1658653846153846
0 0.8653846153846154 0.2980769230769231 0.21875 0.23557692307692307
0 0.8521634615384616 0.5444711538461539 0.28846153846153844 0.31009615384615385
0 0.8052884615384616 0.8112980769230769 0.2860576923076923 0.31009615384615385