0 0.370555234375 0.38640625625 0.380203065625 0.6396863765624999 0.547907109375 0.6332982703125001 0.538259278125 0.38001815 0.370555234375 0.38640625625
0 0.5471637312500001 0.624189834375 0.6747716984375 0.6232641906249999 0.6734305109375 0.43837008437499997 0.54582254375 0.439295728125 0.5471637312500001 0.624189834375
0 0 0.4190125453125 0.000215165625 0.4431748328125 0.3557013515625 0.440009221875 0.3529687984375 0.133153825 0 0.1362970171875 0 0.4190125453125
0 0 0.5043634453125 0.0043028796874999995 0.7508752546874999 0.3428162484375 0.7462698046875 0.33868913906250003 0.44291575156249996 0 0.447523590625 0 0.5043634453125
0 0.008611534375 0.8484727359375 0.39657275 0.841700846875 0.394845696875 0.7427581062499999 0.0068844828124999995 0.7495299953125001 0.008611534375 0.8484727359375
0 0.404709834375 0.6398269187500001 0.41241879687500005 0.9273989515625001 0.701437865625 0.9196511968750001 0.6937289015625 0.632079165625 0.404709834375 0.6398269187500001
0 0.0496256671875 0.13931611875 0.3204187921875 0.1345894078125 0.3181917828125 0.0070041546875 0.0473986578125 0.0117308671875 0.0496256671875 0.13931611875
0 0.375441778125 0.37715513125 0.519951015625 0.3746327125 0.5167014046875 0.188462634375 0.37219216718750003 0.1909850515625 0.375441778125 0.37715513125
0 0.67619594375 0 0.682776490625 0.3769991890625 0.9952288953125 0.3715453125 0.9887435468750001 0 0.67619594375 0
0 1 0.7719235109375 0.9985427328125001 0.7165249578124999 0.70143659375 0.72434038125 0.7065738578125 0.9196352640625 1 0.9119166421875 1 0.7719235109375
0 0.6732213078125 0.7248751828125 0.9973906781249999 0.7192167859375 0.9914823296874999 0.380727721875 0.667312959375 0.38638612031249997 0.6732213078125 0.7248751828125