0 0.10817307692307693 0.44350961538461536 0.20432692307692307 0.2692307692307692
0 0.22716346153846154 0.5949519230769231 0.3125 0.30288461538461536
0 0.3293269230769231 0.6766826923076923 0.2692307692307692 0.30528846153846156
0 0.5901442307692307 0.7596153846153846 0.24278846153846154 0.24278846153846154
0 0.4879807692307692 0.6442307692307693 0.39663461538461536 0.4014423076923077
0 0.4362980769230769 0.4026442307692308 0.20432692307692307 0.18269230769230768
0 0.2764423076923077 0.3870192307692308 0.3004807692307692 0.28365384615384615
0 0.7752403846153846 0.7283653846153846 0.33413461538461536 0.27884615384615385
0 0.7728365384615384 0.5348557692307693 0.35336538461538464 0.32211538461538464
0 0.59375 0.46153846153846156 0.2764423076923077 0.21153846153846154
0 0.6911057692307693 0.3389423076923077 0.2091346153846154 0.16826923076923078
0 0.5625 0.26802884615384615 0.31009615384615385 0.2668269230769231
0 0.38100961538461536 0.265625 0.1778846153846154 0.18028846153846154