0 0.21927083333333333 0.22546296296296298 0.2265625 0.44074074074074077
0 0.42421875 0.325 0.17552083333333332 0.21203703703703702
0 0.01484375 0.337037037037037 0.0296875 0.2611111111111111
0 0.03619791666666667 0.7458333333333333 0.07135416666666666 0.36944444444444446
0 0.33958333333333335 0.6782407407407407 0.3807291666666667 0.45092592592592595
0 0.6455729166666667 0.4351851851851852 0.125 0.24814814814814815
8 0.6005208333333333 0.12731481481481483 0.0453125 0.20925925925925926
10 0.6677083333333333 0.13842592592592592 0.0453125 0.19814814814814816
10 0.9296875 0.41574074074074074 0.0421875 0.15092592592592594
11 0.7309895833333333 0.14444444444444443 0.04791666666666667 0.18518518518518517
7 0.7901041666666667 0.15185185185185185 0.058854166666666666 0.18518518518518517
19 0.72421875 0.4388888888888889 0.028645833333333332 0.18055555555555555
18 0.7747395833333334 0.4287037037037037 0.04479166666666667 0.1824074074074074
0 0.6348958333333333 0.7060185185185185 0.10885416666666667 0.26481481481481484
0 0.7528645833333333 0.6773148148148148 0.15208333333333332 0.25092592592592594
17 0.8786458333333333 0.6435185185185185 0.0296875 0.14722222222222223
6 0.9333333333333333 0.6259259259259259 0.0453125 0.1425925925925926
12 0.9705729166666667 0.41712962962962963 0.0484375 0.13518518518518519
15 0.8484375 0.1300925925925926 0.030208333333333334 0.2212962962962963
5 0.9125 0.1439814814814815 0.0390625 0.20092592592592592
14 0.953125 0.14074074074074075 0.03854166666666667 0.2101851851851852
15 0.9848958333333333 0.14675925925925926 0.025520833333333333 0.1935185185185185
9 0.8924479166666667 0.4185185185185185 0.03229166666666667 0.15833333333333333