6 0.5338541666666666 0.649074074074074 0.0421875 0.17592592592592593
17 0.4315104166666667 0.6754629629629629 0.04635416666666667 0.17407407407407408
19 0.17682291666666666 0.45416666666666666 0.06614583333333333 0.19907407407407407
18 0.24869791666666666 0.4388888888888889 0.06302083333333333 0.2074074074074074
9 0.4161458333333333 0.41574074074074074 0.049479166666666664 0.19166666666666668
10 0.4869791666666667 0.39675925925925926 0.0453125 0.18981481481481483
12 0.5622395833333333 0.4009259259259259 0.05 0.15833333333333333
15 0.5625 0.08657407407407407 0.051041666666666666 0.17314814814814813
15 0.33151041666666664 0.12083333333333333 0.053125 0.1824074074074074
5 0.4125 0.10601851851851851 0.0484375 0.18611111111111112
14 0.49140625 0.09537037037037037 0.050520833333333334 0.19074074074074074
7 0.2203125 0.1425925925925926 0.06197916666666667 0.1787037037037037
11 0.14739583333333334 0.15833333333333333 0.06614583333333333 0.17962962962962964
10 0.0703125 0.17314814814814813 0.06770833333333333 0.17592592592592593
8 0.020572916666666666 0.18703703703703703 0.04114583333333333 0.17592592592592593
0 0.07682291666666667 0.45787037037037037 0.15364583333333334 0.26944444444444443
0 0.07994791666666666 0.7398148148148148 0.14791666666666667 0.2574074074074074
0 0.22135416666666666 0.7046296296296296 0.16822916666666668 0.29814814814814816
0 0.8127604166666667 0.30694444444444446 0.2677083333333333 0.31851851851851853
0 0.80234375 0.07916666666666666 0.2526041666666667 0.15833333333333333