19 0.16744791666666667 0.35555555555555557 0.0875 0.24537037037037038
18 0.26197916666666665 0.37453703703703706 0.07395833333333333 0.23796296296296296
9 0.46145833333333336 0.4222222222222222 0.049479166666666664 0.20925925925925926
7 0.5348958333333333 0.43657407407407406 0.04635416666666667 0.20555555555555555
12 0.6057291666666667 0.4726851851851852 0.0640625 0.17222222222222222
17 0.43802083333333336 0.7074074074074074 0.04739583333333333 0.19444444444444445
6 0.5453125 0.7152777777777778 0.04635416666666667 0.1814814814814815
11 0.18723958333333332 0.04675925925925926 0.06927083333333334 0.09351851851851851
14 0.08177083333333333 0.03148148148148148 0.07395833333333333 0.06296296296296296
7 0.28854166666666664 0.06481481481481481 0.08125 0.12962962962962962
15 0.41640625 0.08518518518518518 0.0546875 0.17037037037037037
14 0.58671875 0.12175925925925926 0.049479166666666664 0.21574074074074073
5 0.5046875 0.10138888888888889 0.05416666666666667 0.20277777777777778
15 0.6549479166666666 0.13842592592592592 0.0546875 0.22962962962962963
0 0.19166666666666668 0.6833333333333333 0.23802083333333332 0.37222222222222223
0 0.06979166666666667 0.31666666666666665 0.13958333333333334 0.3277777777777778
0 0.04505208333333333 0.6712962962962963 0.09010416666666667 0.3277777777777778
0 0.8361979166666667 0.47638888888888886 0.21875 0.2935185185185185
0 0.87734375 0.19722222222222222 0.22604166666666667 0.2962962962962963