21 0.6239583333333333 0.4185185185185185 0.04635416666666667 0.1361111111111111
0 0.31796875 0.3726851851851852 0.15677083333333333 0.1824074074074074
0 0.49296875 0.4050925925925926 0.11875 0.14907407407407408
0 0.9125 0.425462962962963 0.08802083333333334 0.1648148148148148
0 0.9348958333333334 0.6453703703703704 0.12916666666666668 0.22037037037037038
0 0.928125 0.8726851851851852 0.13385416666666666 0.22592592592592592
0 0.3072916666666667 0.9087962962962963 0.13697916666666668 0.1675925925925926
0 0.08020833333333334 0.8324074074074074 0.16041666666666668 0.2537037037037037
8 0.2838541666666667 0.6467592592592593 0.058333333333333334 0.21481481481481482
10 0.36744791666666665 0.6537037037037037 0.0390625 0.18611111111111112
11 0.4393229166666667 0.6550925925925926 0.035416666666666666 0.1814814814814815
7 0.5104166666666666 0.65 0.0484375 0.19537037037037036
3 0.15104166666666666 0.3958333333333333 0.04114583333333333 0.30462962962962964
1 0.06171875 0.3902777777777778 0.06927083333333334 0.31203703703703706
4 0.008333333333333333 0.4009259259259259 0.016666666666666666 0.26481481481481484
15 0.5932291666666667 0.6203703703703703 0.03177083333333333 0.22777777777777777
5 0.6533854166666667 0.6287037037037037 0.0375 0.2111111111111111
14 0.7119791666666667 0.6199074074074075 0.03697916666666667 0.21481481481481482
15 0.7653645833333333 0.6199074074074075 0.040625 0.2212962962962963
10 0.6830729166666667 0.41064814814814815 0.036458333333333336 0.16111111111111112
13 0.7411458333333333 0.42962962962962964 0.0484375 0.13148148148148148
9 0.63515625 0.8916666666666667 0.0359375 0.175
10 0.6916666666666667 0.8833333333333333 0.03958333333333333 0.1675925925925926
12 0.7471354166666667 0.8833333333333333 0.04739583333333333 0.14814814814814814
18 0.49583333333333335 0.9087962962962963 0.03854166666666667 0.1824074074074074
19 0.43072916666666666 0.9055555555555556 0.036458333333333336 0.1824074074074074