19 0.1703125 0.3347222222222222 0.09166666666666666 0.2490740740740741
18 0.26458333333333334 0.3597222222222222 0.078125 0.24074074074074073
9 0.4630208333333333 0.4199074074074074 0.05364583333333333 0.2111111111111111
7 0.5359375 0.4388888888888889 0.050520833333333334 0.2064814814814815
12 0.6059895833333333 0.4791666666666667 0.0671875 0.175
17 0.43385416666666665 0.7032407407407407 0.051041666666666666 0.1962962962962963
6 0.5408854166666667 0.7180555555555556 0.05 0.18333333333333332
11 0.19739583333333333 0.03796296296296296 0.071875 0.07592592592592592
14 0.09192708333333334 0.019444444444444445 0.0765625 0.03888888888888889
7 0.29791666666666666 0.05925925925925926 0.084375 0.11851851851851852
15 0.42473958333333334 0.08333333333333333 0.0578125 0.16666666666666666
14 0.5940104166666667 0.12731481481481483 0.053125 0.2175925925925926
5 0.5122395833333333 0.10185185185185185 0.0578125 0.2037037037037037
15 0.6619791666666667 0.14814814814814814 0.058854166666666666 0.23148148148148148
0 0.18828125 0.6638888888888889 0.24322916666666666 0.38425925925925924
0 0.07369791666666667 0.29074074074074074 0.14583333333333334 0.33425925925925926
0 0.04479166666666667 0.6421296296296296 0.08958333333333333 0.33240740740740743
0 0.8364583333333333 0.49722222222222223 0.22291666666666668 0.30462962962962964
0 0.8830729166666667 0.22083333333333333 0.23020833333333332 0.30833333333333335