0 0.5876865671641791 0.5531914893617021 0.11940298507462686 0.1595744680851064
0 0.9029850746268657 0.5452127659574468 0.17164179104477612 0.1595744680851064
0 0.13432835820895522 0.5638297872340425 0.16044776119402984 0.1702127659574468
0 0.7593283582089553 0.5531914893617021 0.11567164179104478 0.15425531914893617
0 0.4496268656716418 0.5611702127659575 0.15298507462686567 0.14893617021276595
0 0.26492537313432835 0.5664893617021277 0.11940298507462686 0.14893617021276595
0 0.24813432835820895 0.7047872340425532 0.15671641791044777 0.1276595744680851
0 0.5652985074626866 0.7047872340425532 0.16417910447761194 0.15425531914893617
0 0.11007462686567164 0.7180851063829787 0.1044776119402985 0.13829787234042554
0 0.42723880597014924 0.7127659574468085 0.11567164179104478 0.1595744680851064
0 0.7835820895522388 0.7021276595744681 0.16044776119402984 0.1595744680851064
0 0.9272388059701493 0.7021276595744681 0.11940298507462686 0.15425531914893617
0 0.42723880597014924 0.4015957446808511 0.11194029850746269 0.15425531914893617
0 0.5615671641791045 0.39893617021276595 0.15671641791044777 0.14893617021276595
0 0.9197761194029851 0.39095744680851063 0.13059701492537312 0.1702127659574468
0 0.7686567164179104 0.40425531914893614 0.16044776119402984 0.14893617021276595
0 0.11567164179104478 0.425531914893617 0.11567164179104478 0.15425531914893617
0 0.24813432835820895 0.42021276595744683 0.15298507462686567 0.16489361702127658