0 0.5895522388059702 0.550531914893617 0.11940298507462686 0.16489361702127658
0 0.9048507462686567 0.526595744680851 0.17537313432835822 0.16489361702127658
0 0.13619402985074627 0.5824468085106383 0.16417910447761194 0.17553191489361702
0 0.7611940298507462 0.5398936170212766 0.11940298507462686 0.1595744680851064
0 0.45149253731343286 0.5638297872340425 0.15671641791044777 0.15425531914893617
0 0.2667910447761194 0.5797872340425532 0.12313432835820895 0.15425531914893617
0 0.2537313432835821 0.7180851063829787 0.16044776119402984 0.13297872340425532
0 0.5708955223880597 0.7021276595744681 0.16791044776119404 0.1595744680851064
0 0.11567164179104478 0.7367021276595744 0.10820895522388059 0.14361702127659576
0 0.43283582089552236 0.7154255319148937 0.11567164179104478 0.16489361702127658
0 0.789179104477612 0.6888297872340425 0.16417910447761194 0.16489361702127658
0 0.9328358208955224 0.6808510638297872 0.12313432835820895 0.1595744680851064
0 0.4253731343283582 0.40425531914893614 0.11567164179104478 0.1595744680851064
0 0.5597014925373134 0.3962765957446808 0.16044776119402984 0.15425531914893617
0 0.917910447761194 0.3696808510638298 0.13432835820895522 0.17553191489361702
0 0.7667910447761194 0.39095744680851063 0.16417910447761194 0.15425531914893617
0 0.11567164179104478 0.4441489361702128 0.11940298507462686 0.1595744680851064
0 0.24813432835820895 0.43351063829787234 0.15671641791044777 0.1702127659574468