0 0.14 0.4453551912568306 0.22181818181818183 0.29508196721311475
0 0.34 0.5027322404371585 0.2545454545454545 0.30601092896174864
0 0.5927272727272728 0.5846994535519126 0.2727272727272727 0.3879781420765027
0 0.8418181818181818 0.6693989071038251 0.31636363636363635 0.43169398907103823
0 0.11454545454545455 0.6530054644808743 0.19636363636363635 0.1912568306010929
0 0.3090909090909091 0.7103825136612022 0.2290909090909091 0.2185792349726776
0 0.5636363636363636 0.8278688524590164 0.2545454545454545 0.2185792349726776
0 0.8145454545454546 0.8989071038251366 0.27636363636363637 0.20218579234972678
0 0.8618181818181818 0.2978142076502732 0.27636363636363637 0.4207650273224044
0 0.6309090909090909 0.2677595628415301 0.26545454545454544 0.366120218579235
0 0.3654545454545455 0.2459016393442623 0.2509090909090909 0.3224043715846995
0 0.1618181818181818 0.22404371584699453 0.2 0.25136612021857924