0 0.7369402985074627 0.6888297872340425 0.14925373134328357 0.16489361702127658
0 0.6007462686567164 0.7154255319148937 0.13805970149253732 0.25
0 0.4701492537313433 0.7313829787234043 0.1455223880597015 0.26595744680851063
0 0.292910447761194 0.7287234042553191 0.2126865671641791 0.3191489361702128
0 0.09888059701492537 0.7393617021276596 0.19776119402985073 0.35106382978723405
0 0.125 0.1276595744680851 0.22014925373134328 0.2553191489361702
0 0.32276119402985076 0.15691489361702127 0.22014925373134328 0.31382978723404253
0 0.5 0.18882978723404256 0.14925373134328357 0.2925531914893617
0 0.621268656716418 0.24468085106382978 0.11567164179104478 0.2553191489361702
0 0.7555970149253731 0.2925531914893617 0.14925373134328357 0.22872340425531915
0 0.8973880597014925 0.34574468085106386 0.13432835820895522 0.17553191489361702
0 0.10820895522388059 0.40425531914893614 0.21641791044776118 0.3351063829787234
0 0.30970149253731344 0.43617021276595747 0.20522388059701493 0.30851063829787234
0 0.6082089552238806 0.4734042553191489 0.11194029850746269 0.24468085106382978
0 0.4832089552238806 0.4627659574468085 0.1455223880597015 0.28191489361702127
0 0.7164179104477612 0.5 0.09328358208955224 0.21808510638297873
0 0.8880597014925373 0.5212765957446809 0.11940298507462686 0.18617021276595744