0 0.7630597014925373 0.601063829787234 0.15671641791044777 0.18085106382978725
0 0.6343283582089553 0.6728723404255319 0.15298507462686567 0.26595744680851063
0 0.5093283582089553 0.7340425531914894 0.16417910447761194 0.2872340425531915
0 0.3376865671641791 0.7952127659574468 0.23134328358208955 0.3404255319148936
0 0.1455223880597015 0.8430851063829787 0.23880597014925373 0.31382978723404253
0 0.09328358208955224 0.24468085106382978 0.1865671641791045 0.32978723404255317
0 0.27052238805970147 0.2154255319148936 0.24253731343283583 0.3723404255319149
0 0.44776119402985076 0.19680851063829788 0.16791044776119404 0.30851063829787234
0 0.5746268656716418 0.21010638297872342 0.13432835820895522 0.26595744680851063
0 0.7126865671641791 0.2127659574468085 0.16417910447761194 0.25
0 0.8582089552238806 0.2127659574468085 0.1455223880597015 0.19148936170212766
0 0.11007462686567164 0.5398936170212766 0.22014925373134328 0.35638297872340424
0 0.30597014925373134 0.5026595744680851 0.22388059701492538 0.3351063829787234
0 0.6007462686567164 0.43617021276595747 0.12686567164179105 0.2553191489361702
0 0.47761194029850745 0.47074468085106386 0.16417910447761194 0.2978723404255319
0 0.710820895522388 0.425531914893617 0.10820895522388059 0.22872340425531915
0 0.8805970149253731 0.38563829787234044 0.13059701492537312 0.20212765957446807