0 0.4784172661870504 0.5524861878453039 0.2158273381294964 0.2541436464088398
0 0.6402877697841727 0.585635359116022 0.12589928057553956 0.2154696132596685
0 0.2733812949640288 0.5469613259668509 0.18345323741007194 0.24861878453038674
0 0.09712230215827339 0.5414364640883977 0.19424460431654678 0.2983425414364641
0 0.9028776978417267 0.7734806629834254 0.11510791366906475 0.17679558011049723
0 0.7751798561151079 0.7624309392265194 0.1906474820143885 0.20441988950276244
0 0.460431654676259 0.7541436464088398 0.21942446043165467 0.2154696132596685
0 0.6205035971223022 0.7928176795580111 0.1366906474820144 0.23756906077348067
0 0.25359712230215825 0.7900552486187845 0.19424460431654678 0.26519337016574585
0 0.08093525179856115 0.7790055248618785 0.1618705035971223 0.2430939226519337
0 0.1366906474820144 0.09116022099447514 0.22302158273381295 0.18232044198895028
0 0.32194244604316546 0.1132596685082873 0.1906474820143885 0.2265193370165746
0 0.5179856115107914 0.16574585635359115 0.20863309352517986 0.24861878453038674
0 0.6816546762589928 0.20165745856353592 0.1366906474820144 0.23204419889502761
0 0.8183453237410072 0.24585635359116023 0.17266187050359713 0.20441988950276244
0 0.947841726618705 0.27348066298342544 0.10431654676258993 0.20441988950276244
0 0.6564748201438849 0.3812154696132597 0.12949640287769784 0.17679558011049723
0 0.9316546762589928 0.43922651933701656 0.1079136690647482 0.16574585635359115
0 0.8039568345323741 0.4171270718232044 0.17625899280575538 0.19889502762430938
0 0.29856115107913667 0.31215469613259667 0.18345323741007194 0.24861878453038674
0 0.5017985611510791 0.36464088397790057 0.2014388489208633 0.2265193370165746
0 0.11510791366906475 0.292817679558011 0.2158273381294964 0.281767955801105
0 0.9262589928057554 0.6049723756906077 0.1079136690647482 0.1712707182320442
0 0.7877697841726619 0.585635359116022 0.17266187050359713 0.18232044198895028