0 0.6147540983606558 0.3563636363636364 0.3825136612021858 0.15272727272727274
0 0.319672131147541 0.48363636363636364 0.31693989071038253 0.12363636363636364
0 0.6338797814207651 0.4636363636363636 0.3333333333333333 0.11636363636363636
0 0.8907103825136612 0.4509090909090909 0.2185792349726776 0.2909090909090909
0 0.6229508196721312 0.5436363636363636 0.34972677595628415 0.12727272727272726
0 0.3333333333333333 0.5745454545454546 0.28415300546448086 0.13090909090909092
0 0.3442622950819672 0.6745454545454546 0.31693989071038253 0.11636363636363636
0 0.6639344262295082 0.6527272727272727 0.366120218579235 0.14545454545454545
0 0.9153005464480874 0.6854545454545454 0.16939890710382513 0.19272727272727272
0 0.592896174863388 0.07454545454545454 0.4426229508196721 0.14909090909090908
0 0.366120218579235 0.7745454545454545 0.3442622950819672 0.12363636363636364
0 0.2185792349726776 0.09636363636363636 0.29508196721311475 0.13818181818181818
0 0.6830601092896175 0.7581818181818182 0.3333333333333333 0.12727272727272726
0 0.9234972677595629 0.8145454545454546 0.15300546448087432 0.13818181818181818
0 0.3879781420765027 0.8727272727272727 0.31693989071038253 0.13454545454545455
0 0.674863387978142 0.8527272727272728 0.37158469945355194 0.14181818181818182
0 0.25956284153005466 0.19090909090909092 0.3114754098360656 0.11636363636363636
0 0.5573770491803278 0.1709090909090909 0.31693989071038253 0.09090909090909091
0 0.8442622950819673 0.17272727272727273 0.20218579234972678 0.12363636363636364
0 0.25136612021857924 0.28 0.3551912568306011 0.11272727272727273
0 0.5792349726775956 0.2545454545454545 0.3005464480874317 0.12
0 0.8661202185792349 0.27636363636363637 0.20218579234972678 0.13454545454545455
0 0.2814207650273224 0.3781818181818182 0.32786885245901637 0.10909090909090909