0 0.8090909090909091 0.6229508196721312 0.38181818181818183 0.3879781420765027
0 0.5272727272727272 0.6092896174863388 0.23636363636363636 0.30601092896174864
0 0.27090909090909093 0.5655737704918032 0.2581818181818182 0.31693989071038253
0 0.08727272727272728 0.5409836065573771 0.17454545454545456 0.29508196721311475
0 0.8072727272727273 0.8715846994535519 0.33454545454545453 0.2568306010928962
0 0.5145454545454545 0.8579234972677595 0.2872727272727273 0.28415300546448086
0 0.28909090909090907 0.8360655737704918 0.23272727272727273 0.28415300546448086
0 0.09454545454545454 0.7978142076502732 0.1890909090909091 0.273224043715847
0 0.32727272727272727 0.12021857923497267 0.17454545454545456 0.24043715846994534
0 0.14727272727272728 0.1284153005464481 0.23636363636363636 0.2568306010928962
0 0.8327272727272728 0.3114754098360656 0.31636363636363635 0.30601092896174864
0 0.5563636363636364 0.3469945355191257 0.23272727272727273 0.2896174863387978
0 0.1290909090909091 0.31693989071038253 0.2509090909090909 0.273224043715847