0 0.7051282051282052 0.6277173913043478 0.1282051282051282 0.21195652173913043
0 0.12637362637362637 0.5081521739130435 0.21611721611721613 0.20652173913043478
0 0.38644688644688646 0.5733695652173914 0.12087912087912088 0.20108695652173914
0 0.2692307692307692 0.5489130434782609 0.11355311355311355 0.1956521739130435
0 0.8608058608058609 0.6739130434782609 0.22344322344322345 0.22826086956521738
0 0.5347985347985348 0.6141304347826086 0.21245421245421245 0.21739130434782608
0 0.0641025641025641 0.6657608695652174 0.11721611721611722 0.20108695652173914
0 0.8498168498168498 0.842391304347826 0.2271062271062271 0.21739130434782608
0 0.16483516483516483 0.6983695652173914 0.10989010989010989 0.19021739130434784
0 0.2619047619047619 0.720108695652174 0.12087912087912088 0.18478260869565216
0 0.5604395604395604 0.7853260869565217 0.11721611721611722 0.19021739130434784
0 0.35714285714285715 0.7445652173913043 0.11721611721611722 0.1956521739130435
0 0.4597069597069597 0.7690217391304348 0.1282051282051282 0.20108695652173914
0 0.6868131868131868 0.8179347826086957 0.13553113553113552 0.21739130434782608
0 0.2087912087912088 0.15489130434782608 0.13186813186813187 0.1956521739130435
0 0.510989010989011 0.23097826086956522 0.12454212454212454 0.22282608695652173
0 0.8608058608058609 0.30978260869565216 0.1978021978021978 0.1956521739130435
0 0.24358974358974358 0.3423913043478261 0.2087912087912088 0.24456521739130435
0 0.7747252747252747 0.45652173913043476 0.2087912087912088 0.22826086956521738
0 0.09523809523809523 0.3233695652173913 0.11355311355311355 0.16847826086956522
0 0.9267399267399268 0.4945652173913043 0.11721611721611722 0.1956521739130435
0 0.4432234432234432 0.4048913043478261 0.20146520146520147 0.21195652173913043
0 0.6007326007326007 0.44565217391304346 0.11355311355311355 0.19021739130434784